100
0		97		79		37		33		40		29		63		75		24		126		29		57		62		65		54		96		73		75		67		17		65		57		73		39		28		57		49		55		19		56		45		53		81		134		106		92		17		70		78		75		33		51		65		63		71		68		81		41		80		76		10		48		80		32		55		90		105		52		34		29		78		20		74		41		89		81		41		17		30		58		75		127		87		35		44		50		43		37		75		28		57		29		86		37		94		61		56		97		42		35		37		18		66		54		127		8		90		88		86
97		0		146		68		76		71		126		34		132		73		89		94		154		35		118		129		91		30		46		160		80		48		44		38		92		69		40		146		56		78		65		62		44		80		81		119		5		106		39		175		26		130		52		126		160		168		145		114		94		101		105		107		101		17		77		42		77		72		49		83		82		19		77		111		56		64		50		116		114		67		135		22		84		118		118		109		129		140		70		136		81		88		120		133		134		77		158		41		12		73		88		62		115		85		151		74		89		13		37		121
79		146		0		78		70		75		74		112		14		73		57		52		40		111		28		25		55		116		100		14		94		114		102		108		118		95		106		52		90		86		81		94		102		66		67		27		141		96		119		35		120		86		100		20		30		28		11		32		120		45		41		79		45		129		103		104		69		74		97		63		108		127		69		35		90		82		96		38		64		79		21		124		62		28		44		37		29		46		76		10		107		58		50		13		76		69		30		105		146		99		114		88		63		61		43		74		83		139		109		25
37		68		78		0		8		3		58		34		64		31		89		26		86		33		50		61		59		38		38		92		52		36		24		36		76		53		28		78		18		44		19		46		24		44		97		69		63		54		41		107		42		62		36		58		92		100		77		46		78		43		39		39		33		51		61		26		53		68		19		15		66		49		23		43		12		52		44		48		46		9		67		46		90		50		50		41		61		72		2		68		65		20		52		65		66		57		90		27		68		57		72		46		47		29		83		90		41		61		51		53
33		76		70		8		0		7		50		42		56		27		93		18		78		41		42		53		63		46		42		84		48		44		32		40		72		49		36		70		22		40		23		42		32		48		101		73		71		50		49		99		50		54		32		50		84		92		69		48		74		47		43		33		25		59		57		34		57		72		27		7		62		57		19		41		20		56		48		40		38		9		59		54		94		54		42		33		53		64		6		60		61		24		44		57		58		61		82		35		76		53		68		42		39		33		75		94		37		69		55		53
40		71		75		3		7		0		55		37		61		34		86		23		83		36		47		58		56		41		35		89		55		39		27		33		79		56		31		75		15		47		16		49		27		41		94		66		66		57		44		104		45		59		39		55		89		97		74		43		81		40		36		40		30		54		64		29		50		65		22		12		69		52		26		40		15		49		41		45		43		12		64		49		87		47		47		38		58		69		3		65		68		17		49		62		63		54		87		30		71		60		75		49		44		26		80		87		44		64		48		50
29		126		74		58		50		55		0		92		70		53		121		32		34		91		60		49		91		96		80		62		46		94		82		88		44		57		86		22		70		48		61		74		82		76		129		101		121		22		99		49		100		12		80		60		44		46		63		76		46		75		71		19		43		109		61		84		85		100		77		43		50		107		49		69		70		84		76		36		12		59		53		104		122		82		30		39		45		28		56		70		51		52		24		81		8		89		44		85		126		71		44		66		11		61		31		122		37		119		89		81
63		34		112		34		42		37		92		0		98		45		75		60		120		23		84		95		57		22		24		126		66		46		10		22		90		67		6		112		22		58		31		60		10		46		83		85		29		72		37		141		24		96		50		92		126		134		111		80		92		67		71		73		67		17		75		34		43		54		15		49		80		15		43		77		22		38		30		82		80		33		101		12		76		84		84		75		95		106		36		102		79		54		86		99		100		43		124		37		34		71		86		60		81		51		117		76		55		27		37		87
75		132		14		64		56		61		70		98		0		69		51		46		36		97		14		21		41		102		86		28		90		100		88		94		114		91		92		48		76		82		67		84		88		52		59		31		127		92		105		43		106		82		86		10		28		36		13		18		116		31		27		75		31		115		99		90		55		60		83		49		104		113		61		21		76		68		82		34		60		65		17		110		52		14		40		31		25		42		62		4		103		44		46		11		72		55		26		91		132		95		110		84		59		47		39		60		79		125		95		11
24		73		73		31		27		34		53		45		69		0		120		23		81		38		59		56		90		67		69		87		21		41		51		67		45		22		49		73		49		13		50		21		45		75		128		100		68		33		46		102		69		57		27		59		87		95		72		75		47		74		70		34		42		56		30		31		84		99		46		28		35		54		8		68		31		83		75		43		41		22		62		55		121		81		45		38		56		67		31		69		34		51		47		80		61		88		85		32		73		26		41		15		42		60		78		121		16		66		82		80
126		89		57		89		93		86		121		75		51		120		0		97		87		98		61		72		30		59		51		71		141		121		69		53		165		142		71		99		71		133		70		135		75		45		10		30		84		143		112		86		63		133		125		61		77		79		58		45		167		46		50		126		78		72		150		109		36		21		74		92		155		70		112		52		89		37		45		85		111		98		68		67		5		39		91		82		76		93		89		51		154		69		97		44		123		32		77		112		89		146		161		135		110		60		90		17		130		86		52		40
29		94		52		26		18		23		32		60		46		23		97		0		60		59		36		35		67		64		48		66		44		62		50		56		68		45		54		52		38		36		29		42		50		52		105		77		89		46		67		81		68		36		48		36		66		74		51		52		70		51		47		29		19		77		53		52		61		76		45		11		58		75		17		45		38		60		52		22		20		27		41		72		98		58		24		15		35		46		24		46		57		28		26		57		40		65		64		53		94		49		64		38		21		37		57		98		33		87		59		57
57		154		40		86		78		83		34		120		36		81		87		60		0		119		36		25		63		124		108		28		74		122		110		116		78		85		114		12		98		76		89		102		110		74		95		67		149		56		127		21		128		46		108		28		10		14		29		42		80		53		49		47		53		137		89		112		77		82		105		71		78		135		77		43		98		90		104		38		40		87		19		132		88		48		36		45		25		14		84		36		79		66		34		47		36		77		10		113		154		99		74		94		39		69		3		88		65		147		117		47
62		35		111		33		41		36		91		23		97		38		98		59		119		0		83		94		68		45		47		125		45		23		29		45		67		44		27		111		27		43		30		37		23		53		106		84		30		71		14		140		47		95		27		91		125		133		110		79		69		66		70		72		66		32		52		11		62		77		24		48		57		28		42		76		21		61		53		81		79		32		100		33		99		83		83		74		94		105		35		101		56		53		85		98		99		66		123		14		35		48		63		37		80		50		116		99		54		28		60		86
65		118		28		50		42		47		60		84		14		59		61		36		36		83		0		11		31		88		72		42		80		86		74		80		104		81		78		38		62		72		53		74		74		38		69		41		113		82		91		57		92		72		72		8		42		50		27		16		106		17		13		65		17		101		89		76		41		46		69		35		94		99		51		9		62		54		68		24		50		51		17		96		62		22		30		21		15		32		48		18		93		30		36		21		62		41		40		77		118		85		100		74		49		33		33		62		69		111		81		21
54		129		25		61		53		58		49		95		21		56		72		35		25		94		11		0		42		99		83		31		69		97		85		91		93		70		89		27		73		61		64		77		85		49		80		52		124		71		102		46		103		61		83		11		31		39		16		27		95		28		24		54		28		112		78		87		52		57		80		46		83		110		52		20		73		65		79		13		39		62		6		107		73		33		19		20		4		21		59		21		82		41		25		32		51		52		29		88		129		74		89		69		38		44		22		73		58		122		92		32
96		91		55		59		63		56		91		57		41		90		30		67		63		68		31		42		0		61		45		69		111		91		47		53		135		112		51		69		41		103		40		105		47		15		38		28		86		113		82		84		65		103		95		35		69		77		54		23		137		16		20		96		48		74		120		79		14		19		44		62		125		72		82		22		59		27		41		55		81		68		44		69		31		27		61		52		46		63		59		45		124		39		67		42		93		14		67		82		91		116		131		105		80		30		60		31		100		84		54		30
73		30		116		38		46		41		96		22		102		67		59		64		124		45		88		99		61		0		16		130		88		68		16		8		112		89		18		116		26		80		35		82		22		50		61		89		25		90		59		145		4		100		72		96		130		138		115		84		114		71		75		77		71		13		97		56		47		42		21		53		102		17		59		81		36		34		20		86		84		45		105		12		54		88		88		79		99		110		40		106		101		58		90		103		104		47		128		59		32		93		108		82		85		55		121		54		77		33		15		91
75		46		100		38		42		35		80		24		86		69		51		48		108		47		72		83		45		16		0		114		90		70		18		8		114		91		20		100		20		82		19		84		24		34		59		73		41		92		61		129		20		84		74		80		114		122		99		68		116		55		59		75		55		29		99		58		31		30		23		41		104		27		61		65		38		18		6		70		68		47		89		24		52		72		72		63		83		94		38		90		103		42		74		87		88		31		112		61		46		95		110		84		69		39		105		52		79		39		13		75
67		160		14		92		84		89		62		126		28		87		71		66		28		125		42		31		69		130		114		0		82		128		116		122		106		91		120		40		104		82		95		108		116		80		81		41		155		84		133		23		134		74		114		34		18		16		15		46		108		59		55		67		59		143		95		118		83		88		111		77		96		141		83		49		104		96		110		44		52		93		25		138		76		42		42		51		31		34		90		24		95		72		40		27		64		83		18		119		160		105		102		100		51		75		31		88		71		153		123		39
17		80		94		52		48		55		46		66		90		21		141		44		74		45		80		69		111		88		90		82		0		48		72		88		24		11		70		66		70		8		71		28		66		96		149		121		75		26		53		95		90		50		34		80		80		88		83		96		26		95		91		27		63		75		15		38		105		120		67		49		14		71		29		89		52		104		96		56		34		43		73		76		142		102		50		59		65		60		52		90		13		72		44		101		54		109		78		39		80		25		20		20		35		81		71		142		11		73		103		101
65		48		114		36		44		39		94		46		100		41		121		62		122		23		86		97		91		68		70		128		48		0		52		68		58		37		50		114		50		46		51		20		46		76		129		101		43		74		9		143		70		98		14		94		128		136		113		82		48		75		73		75		69		55		33		12		85		100		47		51		44		51		45		79		32		84		76		84		82		35		103		56		122		86		86		77		97		108		38		104		43		56		88		101		102		89		126		9		36		25		50		28		83		61		119		122		57		35		83		89
57		44		102		24		32		27		82		10		88		51		69		50		110		29		74		85		47		16		18		116		72		52		0		16		96		73		4		102		12		64		21		66		6		36		77		75		39		74		43		131		18		86		56		82		116		124		101		70		98		57		61		63		57		27		81		40		33		48		5		39		86		25		43		67		20		32		24		72		70		29		91		22		70		74		74		65		85		96		26		92		85		44		76		89		90		37		114		43		44		77		92		66		71		41		107		70		61		37		31		77
73		38		108		36		40		33		88		22		94		67		53		56		116		45		80		91		53		8		8		122		88		68		16		0		112		89		18		108		18		80		27		82		22		42		61		81		33		90		59		137		12		92		72		88		122		130		107		76		114		63		67		73		63		21		97		56		39		34		21		45		102		19		59		73		36		26		12		78		76		45		97		16		54		80		80		71		91		102		36		98		101		50		82		95		96		39		120		59		38		93		108		82		77		47		113		54		77		33		15		83
39		92		118		76		72		79		44		90		114		45		165		68		78		67		104		93		135		112		114		106		24		58		96		112		0		23		94		66		94		32		95		38		90		120		173		145		87		22		63		85		114		40		44		104		88		90		107		120		10		119		115		39		87		99		25		56		129		144		91		73		14		95		53		113		76		128		120		80		54		67		97		100		166		126		74		83		89		72		76		114		15		96		68		125		44		133		88		53		90		35		8		30		55		105		75		166		35		83		127		125
28		69		95		53		49		56		57		67		91		22		142		45		85		44		81		70		112		89		91		91		11		37		73		89		23		0		71		77		71		9		72		17		67		97		150		122		64		37		42		106		91		61		23		81		91		99		84		97		25		96		92		38		64		76		8		33		106		121		68		50		13		72		30		90		53		105		97		57		45		44		74		77		143		103		51		60		66		71		53		91		12		73		51		102		65		110		89		30		69		14		19		9		46		82		82		143		20		62		104		102
57		40		106		28		36		31		86		6		92		49		71		54		114		27		78		89		51		18		20		120		70		50		4		18		94		71		0		106		16		62		25		64		4		40		79		79		35		72		41		135		20		90		54		86		120		128		105		74		96		61		65		67		61		23		79		38		37		50		9		43		84		21		41		71		18		34		26		76		74		27		95		18		72		78		78		69		89		100		30		96		83		48		80		93		94		39		118		41		40		75		90		64		75		45		111		72		59		33		33		81
49		146		52		78		70		75		22		112		48		73		99		52		12		111		38		27		69		116		100		40		66		114		102		108		66		77		106		0		90		68		81		94		102		66		107		79		141		44		119		29		120		34		100		38		22		24		41		54		68		53		49		39		45		129		81		104		69		78		97		63		70		127		69		47		90		82		96		30		32		79		31		124		100		60		28		37		23		6		76		48		71		58		26		59		24		69		22		105		146		91		64		86		31		61		9		100		57		139		109		59
55		56		90		18		22		15		70		22		76		49		71		38		98		27		62		73		41		26		20		104		70		50		12		18		94		71		16		90		0		62		9		64		12		26		79		63		51		72		41		119		30		74		54		70		104		112		89		58		96		45		49		55		45		39		79		38		35		50		7		27		84		37		41		55		18		34		26		60		58		27		79		34		72		62		62		53		73		84		18		80		83		32		64		77		78		39		102		41		56		75		90		64		59		29		95		72		59		49		33		65
19		78		86		44		40		47		48		58		82		13		133		36		76		43		72		61		103		80		82		82		8		46		64		80		32		9		62		68		62		0		63		26		58		88		141		113		73		28		51		97		82		52		32		72		82		90		75		88		34		87		83		29		55		67		17		36		97		112		59		41		22		63		21		81		44		96		88		48		36		35		65		68		134		94		42		51		57		62		44		82		21		64		42		93		56		101		80		37		78		23		28		18		37		73		73		134		11		71		95		93
56		65		81		19		23		16		61		31		67		50		70		29		89		30		53		64		40		35		19		95		71		51		21		27		95		72		25		81		9		63		0		65		21		25		78		54		60		73		42		110		39		65		55		61		95		103		80		49		97		36		40		56		36		48		80		39		34		49		16		22		85		46		42		46		19		33		25		51		49		28		70		43		71		53		53		44		64		75		19		71		84		23		55		68		69		38		93		42		65		76		91		65		50		20		86		71		60		58		32		56
45		62		94		46		42		49		74		60		84		21		135		42		102		37		74		77		105		82		84		108		28		20		66		82		38		17		64		94		64		26		65		0		60		90		143		115		57		54		25		123		84		78		10		74		108		116		93		90		32		89		85		55		57		69		15		26		99		114		61		43		24		65		25		83		46		98		90		64		62		37		83		70		136		96		66		57		77		88		46		84		23		66		68		95		82		103		106		23		52		11		30		8		63		75		99		136		37		49		97		95
53		44		102		24		32		27		82		10		88		45		75		50		110		23		74		85		47		22		24		116		66		46		6		22		90		67		4		102		12		58		21		60		0		36		83		75		39		68		37		131		24		86		50		82		116		124		101		70		92		57		61		63		57		27		75		34		39		54		5		39		80		25		37		67		14		38		30		72		70		23		91		22		76		74		74		65		85		96		26		92		79		44		76		89		90		43		114		37		44		71		86		60		71		41		107		76		55		37		37		77
81		80		66		44		48		41		76		46		52		75		45		52		74		53		38		49		15		50		34		80		96		76		36		42		120		97		40		66		26		88		25		90		36		0		53		39		75		98		67		95		54		88		80		46		80		88		65		34		122		21		25		81		33		63		105		64		9		24		31		47		110		61		67		31		44		16		30		40		66		53		55		58		46		38		46		37		49		60		44		56		109		24		52		53		78		13		78		67		80		101		116		90		65		15		71		46		85		73		43		41
134		81		67		97		101		94		129		83		59		128		10		105		95		106		69		80		38		61		59		81		149		129		77		61		173		150		79		107		79		141		78		143		83		53		0		40		86		151		120		96		59		141		133		69		85		89		66		53		175		54		58		134		86		74		158		117		44		29		82		100		163		78		120		60		97		45		53		93		119		106		76		73		7		47		99		90		84		101		97		59		162		77		105		54		131		40		85		120		93		154		169		143		118		68		98		7		138		94		46		48
106		119		27		69		73		66		101		85		31		100		30		77		67		84		41		52		28		89		73		41		121		101		75		81		145		122		79		79		63		113		54		115		75		39		40		0		114		123		92		62		93		113		105		41		57		55		38		25		147		26		30		106		58		102		130		89		42		47		70		72		135		100		92		32		69		55		69		65		91		78		48		97		35		19		71		62		56		73		69		31		134		49		77		20		103		42		57		92		119		126		141		115		90		40		70		47		110		112		82		20
92		5		141		63		71		66		121		29		127		68		84		89		149		30		113		124		86		25		41		155		75		43		39		33		87		64		35		141		51		73		60		57		39		75		86		114		0		101		34		170		27		125		47		121		155		163		140		109		89		96		100		102		96		12		72		37		72		67		44		78		77		14		72		106		51		59		45		111		109		62		130		17		79		113		113		104		124		135		65		131		76		83		115		128		129		72		153		36		7		68		83		57		110		80		146		79		84		8		40		116
17		106		96		54		50		57		22		72		92		33		143		46		56		71		82		71		113		90		92		84		26		74		74		90		22		37		72		44		72		28		73		54		68		98		151		123		101		0		79		69		92		24		60		82		66		68		85		98		26		97		93		17		65		89		41		64		107		122		69		51		30		87		31		91		54		106		98		58		32		45		75		84		144		104		52		61		67		50		54		92		31		74		46		103		28		111		66		65		106		51		24		46		33		83		53		144		17		99		105		103
70		39		119		41		49		44		99		37		105		46		112		67		127		14		91		102		82		59		61		133		53		9		43		59		63		42		41		119		41		51		42		25		37		67		120		92		34		79		0		148		61		103		19		99		133		141		118		87		55		74		78		80		74		46		38		15		76		91		38		56		49		42		50		84		29		75		67		89		87		40		108		47		113		91		91		82		102		113		43		109		48		61		93		106		107		80		131		14		27		34		55		33		88		58		124		113		62		26		74		94
78		175		35		107		99		104		49		141		43		102		86		81		21		140		57		46		84		145		129		23		95		143		131		137		85		106		135		29		119		97		110		123		131		95		96		62		170		69		148		0		149		51		129		49		15		7		30		61		95		74		70		68		74		158		110		133		98		103		126		92		99		156		98		64		119		111		125		59		61		108		40		153		91		57		57		66		46		35		105		39		100		87		55		42		41		98		17		134		175		120		93		115		60		90		24		103		86		168		138		54
75		26		120		42		50		45		100		24		106		69		63		68		128		47		92		103		65		4		20		134		90		70		18		12		114		91		20		120		30		82		39		84		24		54		59		93		27		92		61		149		0		104		74		100		134		142		119		88		116		75		79		81		75		15		99		58		51		46		23		57		104		19		61		85		38		38		24		90		88		47		109		14		58		92		92		83		103		114		44		110		103		62		94		107		108		51		132		61		34		95		110		84		89		59		125		52		79		35		13		95
33		130		86		62		54		59		12		96		82		57		133		36		46		95		72		61		103		100		84		74		50		98		86		92		40		61		90		34		74		52		65		78		86		88		141		113		125		24		103		51		104		0		84		72		56		58		75		88		50		87		83		23		55		113		65		88		97		112		81		47		54		111		53		81		74		96		88		48		22		63		65		108		134		94		42		51		57		40		60		82		55		64		36		93		10		101		56		89		130		75		48		70		23		73		43		134		41		123		95		93
51		52		100		36		32		39		80		50		86		27		125		48		108		27		72		83		95		72		74		114		34		14		56		72		44		23		54		100		54		32		55		10		50		80		133		105		47		60		19		129		74		84		0		80		114		122		99		80		42		79		75		61		55		59		25		16		89		104		51		37		30		55		31		73		36		88		80		70		68		27		89		60		126		86		72		63		83		94		36		90		29		56		74		87		88		93		112		13		46		21		36		14		69		65		105		126		43		39		87		85
65		126		20		58		50		55		60		92		10		59		61		36		28		91		8		11		35		96		80		34		80		94		82		88		104		81		86		38		70		72		61		74		82		46		69		41		121		82		99		49		100		72		80		0		34		42		19		16		106		25		21		65		25		109		89		84		49		54		77		43		94		107		51		15		70		62		76		24		50		59		9		104		62		22		30		21		15		32		56		10		93		38		36		21		62		49		32		85		126		85		100		74		49		41		29		62		69		119		89		21
63		160		30		92		84		89		44		126		28		87		77		66		10		125		42		31		69		130		114		18		80		128		116		122		88		91		120		22		104		82		95		108		116		80		85		57		155		66		133		15		134		56		114		34		0		8		19		46		90		59		55		53		59		143		95		118		83		88		111		77		84		141		83		49		104		96		110		44		46		93		25		138		78		42		42		51		31		20		90		26		85		72		40		37		46		83		2		119		160		105		84		100		45		75		13		88		71		153		123		39
71		168		28		100		92		97		46		134		36		95		79		74		14		133		50		39		77		138		122		16		88		136		124		130		90		99		128		24		112		90		103		116		124		88		89		55		163		68		141		7		142		58		122		42		8		0		23		54		92		67		63		61		67		151		103		126		91		96		119		85		92		149		91		57		112		104		118		52		54		101		33		146		84		50		50		59		39		28		98		32		93		80		48		35		48		91		10		127		168		113		86		108		53		83		17		96		79		161		131		47
68		145		11		77		69		74		63		111		13		72		58		51		29		110		27		16		54		115		99		15		83		113		101		107		107		84		105		41		89		75		80		93		101		65		66		38		140		85		118		30		119		75		99		19		19		23		0		31		109		44		40		68		44		128		92		103		68		73		96		62		97		126		68		34		89		81		95		29		53		78		10		123		61		27		33		36		18		35		75		9		96		57		39		18		65		68		19		104		145		90		103		85		52		60		32		73		72		138		108		24
81		114		32		46		48		43		76		80		18		75		45		52		42		79		16		27		23		84		68		46		96		82		70		76		120		97		74		54		58		88		49		90		70		34		53		25		109		98		87		61		88		88		80		16		46		54		31		0		122		13		9		81		33		97		105		72		37		42		65		47		110		95		67		7		58		50		64		40		66		53		23		92		46		6		46		37		31		48		44		22		109		26		52		19		78		37		44		73		114		101		116		90		65		29		45		46		85		107		77		7
41		94		120		78		74		81		46		92		116		47		167		70		80		69		106		95		137		114		116		108		26		48		98		114		10		25		96		68		96		34		97		32		92		122		175		147		89		26		55		95		116		50		42		106		90		92		109		122		0		121		117		41		89		101		17		58		131		146		93		75		12		97		55		115		78		130		122		82		56		69		99		102		168		128		76		85		91		74		78		116		13		98		70		127		54		135		90		55		82		25		6		32		57		107		77		168		37		81		129		127
80		101		45		43		47		40		75		67		31		74		46		51		53		66		17		28		16		71		55		59		95		75		57		63		119		96		61		53		45		87		36		89		57		21		54		26		96		97		74		74		75		87		79		25		59		67		44		13		121		0		4		80		32		84		104		63		24		29		52		46		109		82		66		10		45		37		51		39		65		52		34		79		47		17		45		36		30		47		43		35		108		23		51		32		77		24		57		66		101		100		115		89		64		16		50		47		84		94		64		20
76		105		41		39		43		36		71		71		27		70		50		47		49		70		13		24		20		75		59		55		91		73		61		67		115		92		65		49		49		83		40		85		61		25		58		30		100		93		78		70		79		83		75		21		55		63		40		9		117		4		0		76		28		88		100		63		28		33		56		42		105		86		62		6		49		41		55		35		61		48		30		83		51		13		41		32		26		43		39		31		104		19		47		28		73		28		53		64		105		96		111		85		60		20		46		51		80		98		68		16
10		107		79		39		33		40		19		73		75		34		126		29		47		72		65		54		96		77		75		67		27		75		63		73		39		38		67		39		55		29		56		55		63		81		134		106		102		17		80		68		81		23		61		65		53		61		68		81		41		80		76		0		48		90		42		65		90		105		58		34		31		88		30		74		51		89		81		41		15		40		58		85		127		87		35		44		50		33		37		75		32		57		29		86		27		94		51		66		107		52		35		47		16		66		44		127		18		100		88		86
48		101		45		33		25		30		43		67		31		42		78		19		53		66		17		28		48		71		55		59		63		69		57		63		87		64		61		45		45		55		36		57		57		33		86		58		96		65		74		74		75		55		55		25		59		67		44		33		89		32		28		48		0		84		72		59		42		57		52		18		77		82		34		26		45		41		51		15		33		34		34		79		79		39		17		8		28		39		31		35		76		13		19		38		45		46		57		60		101		68		83		57		32		18		50		79		52		94		64		38
80		17		129		51		59		54		109		17		115		56		72		77		137		32		101		112		74		13		29		143		75		55		27		21		99		76		23		129		39		67		48		69		27		63		74		102		12		89		46		158		15		113		59		109		143		151		128		97		101		84		88		90		84		0		84		43		60		55		32		66		89		4		60		94		39		47		33		99		97		50		118		5		67		101		101		92		112		123		53		119		88		71		103		116		117		60		141		46		19		80		95		69		98		68		134		67		72		20		28		104
32		77		103		61		57		64		61		75		99		30		150		53		89		52		89		78		120		97		99		95		15		33		81		97		25		8		79		81		79		17		80		15		75		105		158		130		72		41		38		110		99		65		25		89		95		103		92		105		17		104		100		42		72		84		0		41		114		129		76		58		11		80		38		98		61		113		105		65		49		52		82		85		151		111		59		68		74		75		61		99		10		81		55		110		69		118		93		38		65		10		17		15		50		90		86		151		24		64		112		110
55		42		104		26		34		29		84		34		90		31		109		52		112		11		76		87		79		56		58		118		38		12		40		56		56		33		38		104		38		36		39		26		34		64		117		89		37		64		15		133		58		88		16		84		118		126		103		72		58		63		63		65		59		43		41		0		73		88		35		41		46		39		35		69		20		72		64		74		72		25		93		44		110		76		76		67		87		98		28		94		45		46		78		91		92		77		116		3		42		37		52		26		73		49		109		110		47		35		71		79
90		77		69		53		57		50		85		43		55		84		36		61		77		62		41		52		14		47		31		83		105		85		33		39		129		106		37		69		35		97		34		99		39		9		44		42		72		107		76		98		51		97		89		49		83		91		68		37		131		24		28		90		42		60		114		73		0		15		38		56		119		58		76		34		53		13		27		49		75		62		58		55		37		41		55		46		52		63		53		59		118		33		61		56		87		4		81		76		77		110		125		99		74		24		74		37		94		70		40		44
105		72		74		68		72		65		100		54		60		99		21		76		82		77		46		57		19		42		30		88		120		100		48		34		144		121		50		78		50		112		49		114		54		24		29		47		67		122		91		103		46		112		104		54		88		96		73		42		146		29		33		105		57		55		129		88		15		0		53		71		134		53		91		39		68		16		24		64		90		77		63		50		22		46		70		61		57		72		68		64		133		48		76		61		102		11		86		91		72		125		140		114		89		39		79		22		109		65		35		49
52		49		97		19		27		22		77		15		83		46		74		45		105		24		69		80		44		21		23		111		67		47		5		21		91		68		9		97		7		59		16		61		5		31		82		70		44		69		38		126		23		81		51		77		111		119		96		65		93		52		56		58		52		32		76		35		38		53		0		34		81		30		38		62		15		37		29		67		65		24		86		27		75		69		69		60		80		91		21		87		80		39		71		84		85		42		109		38		49		72		87		61		66		36		102		75		56		42		36		72
34		83		63		15		7		12		43		49		49		28		92		11		71		48		35		46		62		53		41		77		49		51		39		45		73		50		43		63		27		41		22		43		39		47		100		72		78		51		56		92		57		47		37		43		77		85		62		47		75		46		42		34		18		66		58		41		56		71		34		0		63		64		20		40		27		55		47		33		31		16		52		61		93		53		35		26		46		57		13		53		62		23		37		52		51		60		75		42		83		54		69		43		32		32		68		93		38		76		54		52
29		82		108		66		62		69		50		80		104		35		155		58		78		57		94		83		125		102		104		96		14		44		86		102		14		13		84		70		84		22		85		24		80		110		163		135		77		30		49		99		104		54		30		94		84		92		97		110		12		109		105		31		77		89		11		46		119		134		81		63		0		85		43		103		66		118		110		70		44		57		87		90		156		116		64		73		79		64		66		104		1		86		58		115		58		123		82		43		76		21		6		20		45		95		75		156		25		69		117		115
78		19		127		49		57		52		107		15		113		54		70		75		135		28		99		110		72		17		27		141		71		51		25		19		95		72		21		127		37		63		46		65		25		61		78		100		14		87		42		156		19		111		55		107		141		149		126		95		97		82		86		88		82		4		80		39		58		53		30		64		85		0		58		92		37		45		31		97		95		48		116		5		71		99		99		90		110		121		51		117		84		69		101		114		115		58		139		42		19		76		91		65		96		66		132		71		70		16		32		102
20		77		69		23		19		26		49		43		61		8		112		17		77		42		51		52		82		59		61		83		29		45		43		59		53		30		41		69		41		21		42		25		37		67		120		92		72		31		50		98		61		53		31		51		83		91		68		67		55		66		62		30		34		60		38		35		76		91		38		20		43		58		0		60		23		75		67		39		37		14		58		55		113		73		41		32		52		63		23		61		42		43		43		72		57		80		81		36		77		34		49		23		38		52		74		113		18		70		74		72
74		111		35		43		41		40		69		77		21		68		52		45		43		76		9		20		22		81		65		49		89		79		67		73		113		90		71		47		55		81		46		83		67		31		60		32		106		91		84		64		85		81		73		15		49		57		34		7		115		10		6		74		26		94		98		69		34		39		62		40		103		92		60		0		55		47		61		33		59		46		24		89		53		13		39		30		24		41		41		25		102		23		45		22		71		34		47		70		111		94		109		83		58		26		40		53		78		104		74		12
41		56		90		12		20		15		70		22		76		31		89		38		98		21		62		73		59		36		38		104		52		32		20		36		76		53		18		90		18		44		19		46		14		44		97		69		51		54		29		119		38		74		36		70		104		112		89		58		78		45		49		51		45		39		61		20		53		68		15		27		66		37		23		55		0		52		44		60		58		11		79		34		90		62		62		53		73		84		14		80		65		32		64		77		78		57		102		23		56		57		72		46		59		29		95		90		41		49		51		65
89		64		82		52		56		49		84		38		68		83		37		60		90		61		54		65		27		34		18		96		104		84		32		26		128		105		34		82		34		96		33		98		38		16		45		55		59		106		75		111		38		96		88		62		96		104		81		50		130		37		41		89		41		47		113		72		13		16		37		55		118		45		75		47		52		0		14		52		74		61		71		42		38		54		54		45		65		76		52		72		117		32		60		69		86		13		94		75		64		109		124		98		73		23		87		38		93		57		27		57
81		50		96		44		48		41		76		30		82		75		45		52		104		53		68		79		41		20		6		110		96		76		24		12		120		97		26		96		26		88		25		90		30		30		53		69		45		98		67		125		24		88		80		76		110		118		95		64		122		51		55		81		51		33		105		64		27		24		29		47		110		31		67		61		44		14		0		66		66		53		85		28		46		68		68		59		79		90		44		86		109		38		70		83		84		27		108		67		50		101		116		90		65		35		101		46		85		43		13		71
41		116		38		48		40		45		36		82		34		43		85		22		38		81		24		13		55		86		70		44		56		84		72		78		80		57		76		30		60		48		51		64		72		40		93		65		111		58		89		59		90		48		70		24		44		52		29		40		82		39		35		41		15		99		65		74		49		64		67		33		70		97		39		33		60		52		66		0		26		49		19		94		86		46		6		7		13		24		46		34		69		28		12		45		38		53		42		75		116		61		76		56		25		31		35		86		45		109		79		45
17		114		64		46		38		43		12		80		60		41		111		20		40		79		50		39		81		84		68		52		34		82		70		76		54		45		74		32		58		36		49		62		70		66		119		91		109		32		87		61		88		22		68		50		46		54		53		66		56		65		61		15		33		97		49		72		75		90		65		31		44		95		37		59		58		74		66		26		0		47		43		92		112		72		20		29		35		26		44		60		43		42		14		71		20		79		44		73		114		59		50		54		1		51		37		112		25		107		77		71
30		67		79		9		9		12		59		33		65		22		98		27		87		32		51		62		68		45		47		93		43		35		29		45		67		44		27		79		27		35		28		37		23		53		106		78		62		45		40		108		47		63		27		59		93		101		78		53		69		52		48		40		34		50		52		25		62		77		24		16		57		48		14		46		11		61		53		49		47		0		68		45		99		59		51		42		62		73		9		69		56		29		53		66		67		66		91		26		67		48		63		37		48		38		84		99		32		60		60		58
58		135		21		67		59		64		53		101		17		62		68		41		19		100		17		6		44		105		89		25		73		103		91		97		97		74		95		31		79		65		70		83		91		55		76		48		130		75		108		40		109		65		89		9		25		33		10		23		99		34		30		58		34		118		82		93		58		63		86		52		87		116		58		24		79		71		85		19		43		68		0		113		69		29		23		26		8		25		65		17		86		47		29		28		55		58		23		94		135		80		93		75		42		50		22		69		62		128		98		28
75		22		124		46		54		49		104		12		110		55		67		72		132		33		96		107		69		12		24		138		76		56		22		16		100		77		18		124		34		68		43		70		22		58		73		97		17		84		47		153		14		108		60		104		138		146		123		92		102		79		83		85		79		5		85		44		55		50		27		61		90		5		55		89		34		42		28		94		92		45		113		0		66		96		96		87		107		118		48		114		89		66		98		111		112		55		136		47		22		81		96		70		93		63		129		66		67		21		27		99
127		84		62		90		94		87		122		76		52		121		5		98		88		99		62		73		31		54		52		76		142		122		70		54		166		143		72		100		72		134		71		136		76		46		7		35		79		144		113		91		58		134		126		62		78		84		61		46		168		47		51		127		79		67		151		110		37		22		75		93		156		71		113		53		90		38		46		86		112		99		69		66		0		40		92		83		77		94		90		52		155		70		98		49		124		33		78		113		86		147		162		136		111		61		91		12		131		87		47		41
87		118		28		50		54		47		82		84		14		81		39		58		48		83		22		33		27		88		72		42		102		86		74		80		126		103		78		60		62		94		53		96		74		38		47		19		113		104		91		57		92		94		86		22		42		50		27		6		128		17		13		87		39		101		111		76		41		46		69		53		116		99		73		13		62		54		68		46		72		59		29		96		40		0		52		43		37		54		50		18		115		30		58		15		84		41		40		77		118		107		122		96		71		33		51		46		91		111		81		3
35		118		44		50		42		47		30		84		40		45		91		24		36		83		30		19		61		88		72		42		50		86		74		80		74		51		78		28		62		42		53		66		74		46		99		71		113		52		91		57		92		42		72		30		42		50		33		46		76		45		41		35		17		101		59		76		55		70		69		35		64		99		41		39		62		54		68		6		20		51		23		96		92		52		0		9		15		22		48		40		63		30		6		51		32		59		40		77		118		63		70		58		19		33		33		92		39		111		81		51
44		109		37		41		33		38		39		75		31		38		82		15		45		74		21		20		52		79		63		51		59		77		65		71		83		60		69		37		53		51		44		57		65		37		90		62		104		61		82		66		83		51		63		21		51		59		36		37		85		36		32		44		8		92		68		67		46		61		60		26		73		90		32		30		53		45		59		7		29		42		26		87		83		43		9		0		20		31		39		31		72		21		15		42		41		50		49		68		109		64		79		53		28		24		42		83		48		102		72		42
50		129		29		61		53		58		45		95		25		56		76		35		25		94		15		4		46		99		83		31		65		97		85		91		89		66		89		23		73		57		64		77		85		49		84		56		124		67		102		46		103		57		83		15		31		39		18		31		91		30		26		50		28		112		74		87		52		57		80		46		79		110		52		24		73		65		79		13		35		62		8		107		77		37		15		20		0		17		59		25		78		41		21		36		47		52		29		88		129		74		85		69		34		44		22		77		54		122		92		36
43		140		46		72		64		69		28		106		42		67		93		46		14		105		32		21		63		110		94		34		60		108		96		102		72		71		100		6		84		62		75		88		96		60		101		73		135		50		113		35		114		40		94		32		20		28		35		48		74		47		43		33		39		123		75		98		63		72		91		57		64		121		63		41		84		76		90		24		26		73		25		118		94		54		22		31		17		0		70		42		65		52		20		53		30		63		18		99		140		85		68		80		25		55		11		94		51		133		103		53
37		70		76		2		6		3		56		36		62		31		89		24		84		35		48		59		59		40		38		90		52		38		26		36		76		53		30		76		18		44		19		46		26		44		97		69		65		54		43		105		44		60		36		56		90		98		75		44		78		43		39		37		31		53		61		28		53		68		21		13		66		51		23		41		14		52		44		46		44		9		65		48		90		50		48		39		59		70		0		66		65		20		50		63		64		57		88		29		70		57		72		46		45		29		81		90		41		63		51		51
75		136		10		68		60		65		70		102		4		69		51		46		36		101		18		21		45		106		90		24		90		104		92		98		114		91		96		48		80		82		71		84		92		56		59		31		131		92		109		39		110		82		90		10		26		32		9		22		116		35		31		75		35		119		99		94		59		64		87		53		104		117		61		25		80		72		86		34		60		69		17		114		52		18		40		31		25		42		66		0		103		48		46		11		72		59		26		95		136		95		110		84		59		51		39		64		79		129		99		15
28		81		107		65		61		68		51		79		103		34		154		57		79		56		93		82		124		101		103		95		13		43		85		101		15		12		83		71		83		21		84		23		79		109		162		134		76		31		48		100		103		55		29		93		85		93		96		109		13		108		104		32		76		88		10		45		118		133		80		62		1		84		42		102		65		117		109		69		43		56		86		89		155		115		63		72		78		65		65		103		0		85		57		114		59		122		83		42		75		20		7		19		44		94		76		155		24		68		116		114
57		88		58		20		24		17		52		54		44		51		69		28		66		53		30		41		39		58		42		72		72		56		44		50		96		73		48		58		32		64		23		66		44		24		77		49		83		74		61		87		62		64		56		38		72		80		57		26		98		23		19		57		13		71		81		46		33		48		39		23		86		69		43		23		32		32		38		28		42		29		47		66		70		30		30		21		41		52		20		48		85		0		32		45		54		37		70		47		88		77		92		66		41		9		63		70		61		81		51		33
29		120		50		52		44		49		24		86		46		47		97		26		34		85		36		25		67		90		74		40		44		88		76		82		68		51		80		26		64		42		55		68		76		52		105		77		115		46		93		55		94		36		74		36		40		48		39		52		70		51		47		29		19		103		55		78		61		76		71		37		58		101		43		45		64		60		70		12		14		53		29		98		98		58		6		15		21		20		50		46		57		32		0		57		26		65		38		79		120		65		64		60		13		37		31		98		33		113		83		57
86		133		13		65		57		62		81		99		11		80		44		57		47		98		21		32		42		103		87		27		101		101		89		95		125		102		93		59		77		93		68		95		89		53		54		20		128		103		106		42		107		93		87		21		37		35		18		19		127		32		28		86		38		116		110		91		56		61		84		52		115		114		72		22		77		69		83		45		71		66		28		111		49		15		51		42		36		53		63		11		114		45		57		0		83		56		37		92		133		106		121		95		70		48		50		61		90		126		96		12
37		134		76		66		58		63		8		100		72		61		123		40		36		99		62		51		93		104		88		64		54		102		90		96		44		65		94		24		78		56		69		82		90		78		131		103		129		28		107		41		108		10		88		62		46		48		65		78		54		77		73		27		45		117		69		92		87		102		85		51		58		115		57		71		78		86		84		38		20		67		55		112		124		84		32		41		47		30		64		72		59		54		26		83		0		91		46		93		134		79		52		74		19		63		33		124		45		127		97		83
94		77		69		57		61		54		89		43		55		88		32		65		77		66		41		52		14		47		31		83		109		89		37		39		133		110		39		69		39		101		38		103		43		13		40		42		72		111		80		98		51		101		93		49		83		91		68		37		135		24		28		94		46		60		118		77		4		11		42		60		123		58		80		34		57		13		27		53		79		66		58		55		33		41		59		50		52		63		57		59		122		37		65		56		91		0		81		80		77		114		129		103		78		28		74		33		98		70		40		44
61		158		30		90		82		87		44		124		26		85		77		64		10		123		40		29		67		128		112		18		78		126		114		120		88		89		118		22		102		80		93		106		114		78		85		57		153		66		131		17		132		56		112		32		2		10		19		44		90		57		53		51		57		141		93		116		81		86		109		75		82		139		81		47		102		94		108		42		44		91		23		136		78		40		40		49		29		18		88		26		83		70		38		37		46		81		0		117		158		103		84		98		43		73		13		86		69		151		121		37
56		41		105		27		35		30		85		37		91		32		112		53		113		14		77		88		82		59		61		119		39		9		43		59		53		30		41		105		41		37		42		23		37		67		120		92		36		65		14		134		61		89		13		85		119		127		104		73		55		66		64		66		60		46		38		3		76		91		38		42		43		42		36		70		23		75		67		75		73		26		94		47		113		77		77		68		88		99		29		95		42		47		79		92		93		80		117		0		41		34		49		23		74		52		110		113		48		34		74		80
97		12		146		68		76		71		126		34		132		73		89		94		154		35		118		129		91		32		46		160		80		36		44		38		90		69		40		146		56		78		65		52		44		80		93		119		7		106		27		175		34		130		46		126		160		168		145		114		82		101		105		107		101		19		65		42		77		72		49		83		76		19		77		111		56		64		50		116		114		67		135		22		86		118		118		109		129		140		70		136		75		88		120		133		134		77		158		41		0		61		82		60		115		85		151		86		89		7		47		121
42		73		99		57		53		60		71		71		95		26		146		49		99		48		85		74		116		93		95		105		25		25		77		93		35		14		75		91		75		23		76		11		71		101		154		126		68		51		34		120		95		75		21		85		105		113		90		101		25		100		96		52		68		80		10		37		110		125		72		54		21		76		34		94		57		109		101		61		59		48		80		81		147		107		63		64		74		85		57		95		20		77		65		106		79		114		103		34		61		0		27		11		60		86		96		147		34		60		108		106
35		88		114		72		68		75		44		86		110		41		161		64		74		63		100		89		131		108		110		102		20		50		92		108		8		19		90		64		90		28		91		30		86		116		169		141		83		24		55		93		110		48		36		100		84		86		103		116		6		115		111		35		83		95		17		52		125		140		87		69		6		91		49		109		72		124		116		76		50		63		93		96		162		122		70		79		85		68		72		110		7		92		64		121		52		129		84		49		82		27		0		26		51		101		71		162		31		75		123		121
37		62		88		46		42		49		66		60		84		15		135		38		94		37		74		69		105		82		84		100		20		28		66		82		30		9		64		86		64		18		65		8		60		90		143		115		57		46		33		115		84		70		14		74		100		108		85		90		32		89		85		47		57		69		15		26		99		114		61		43		20		65		23		83		46		98		90		56		54		37		75		70		136		96		58		53		69		80		46		84		19		66		60		95		74		103		98		23		60		11		26		0		55		75		91		136		29		53		97		95
18		115		63		47		39		44		11		81		59		42		110		21		39		80		49		38		80		85		69		51		35		83		71		77		55		46		75		31		59		37		50		63		71		65		118		90		110		33		88		60		89		23		69		49		45		53		52		65		57		64		60		16		32		98		50		73		74		89		66		32		45		96		38		58		59		73		65		25		1		48		42		93		111		71		19		28		34		25		45		59		44		41		13		70		19		78		43		74		115		60		51		55		0		50		36		111		26		108		78		70
66		85		61		29		33		26		61		51		47		60		60		37		69		50		33		44		30		55		39		75		81		61		41		47		105		82		45		61		29		73		20		75		41		15		68		40		80		83		58		90		59		73		65		41		75		83		60		29		107		16		20		66		18		68		90		49		24		39		36		32		95		66		52		26		29		23		35		31		51		38		50		63		61		33		33		24		44		55		29		51		94		9		37		48		63		28		73		52		85		86		101		75		50		0		66		61		70		78		48		36
54		151		43		83		75		80		31		117		39		78		90		57		3		116		33		22		60		121		105		31		71		119		107		113		75		82		111		9		95		73		86		99		107		71		98		70		146		53		124		24		125		43		105		29		13		17		32		45		77		50		46		44		50		134		86		109		74		79		102		68		75		132		74		40		95		87		101		35		37		84		22		129		91		51		33		42		22		11		81		39		76		63		31		50		33		74		13		110		151		96		71		91		36		66		0		91		62		144		114		50
127		74		74		90		94		87		122		76		60		121		17		98		88		99		62		73		31		54		52		88		142		122		70		54		166		143		72		100		72		134		71		136		76		46		7		47		79		144		113		103		52		134		126		62		88		96		73		46		168		47		51		127		79		67		151		110		37		22		75		93		156		71		113		53		90		38		46		86		112		99		69		66		12		46		92		83		77		94		90		64		155		70		98		61		124		33		86		113		86		147		162		136		111		61		91		0		131		87		39		49
8		89		83		41		37		44		37		55		79		16		130		33		65		54		69		58		100		77		79		71		11		57		61		77		35		20		59		57		59		11		60		37		55		85		138		110		84		17		62		86		79		41		43		69		71		79		72		85		37		84		80		18		52		72		24		47		94		109		56		38		25		70		18		78		41		93		85		45		25		32		62		67		131		91		39		48		54		51		41		79		24		61		33		90		45		98		69		48		89		34		31		29		26		70		62		131		0		82		92		90
90		13		139		61		69		64		119		27		125		66		86		87		147		28		111		122		84		33		39		153		73		35		37		33		83		62		33		139		49		71		58		49		37		73		94		112		8		99		26		168		35		123		39		119		153		161		138		107		81		94		98		100		94		20		64		35		70		65		42		76		69		16		70		104		49		57		43		109		107		60		128		21		87		111		111		102		122		133		63		129		68		81		113		126		127		70		151		34		7		60		75		53		108		78		144		87		82		0		48		114
88		37		109		51		55		48		89		37		95		82		52		59		117		60		81		92		54		15		13		123		103		83		31		15		127		104		33		109		33		95		32		97		37		43		46		82		40		105		74		138		13		95		87		89		123		131		108		77		129		64		68		88		64		28		112		71		40		35		36		54		117		32		74		74		51		27		13		79		77		60		98		27		47		81		81		72		92		103		51		99		116		51		83		96		97		40		121		74		47		108		123		97		78		48		114		39		92		48		0		84
86		121		25		53		53		50		81		87		11		80		40		57		47		86		21		32		30		91		75		39		101		89		77		83		125		102		81		59		65		93		56		95		77		41		48		20		116		103		94		54		95		93		85		21		39		47		24		7		127		20		16		86		38		104		110		79		44		49		72		52		115		102		72		12		65		57		71		45		71		58		28		99		41		3		51		42		36		53		51		15		114		33		57		12		83		44		37		80		121		106		121		95		70		36		50		49		90		114		84		0
