90
0		50		38		49		59		64		59		31		47		56		55		50		40		62		44		7		68		82		48		41		74		65		63		45		24		39		86		51		17		41		78		58		59		30		46		76		42		27		37		47		55		14		25		56		24		48		74		47		25		59		21		48		45		43		8		54		58		58		11		43		67		68		13		29		25		47		55		26		68		48		60		61		23		32		72		29		50		74		33		52		16		38		30		59		50		71		32		53		28		19
50		0		12		19		61		114		109		21		7		106		49		100		38		56		46		43		118		76		88		35		80		71		69		51		40		63		80		89		33		35		128		68		13		80		50		70		10		77		15		23		65		64		39		50		46		98		124		75		75		53		71		2		67		93		50		84		8		108		61		15		73		70		37		79		75		65		49		74		62		42		28		17		29		82		22		21		62		124		17		66		58		52		80		109		100		77		72		47		78		31
38		12		0		15		57		102		97		25		9		94		53		88		38		60		42		31		106		80		76		39		76		67		61		47		28		51		84		77		21		39		116		60		21		68		44		74		6		65		11		19		57		52		27		54		34		86		112		63		63		57		59		10		55		81		38		72		20		96		49		19		69		66		25		67		63		53		53		62		66		46		24		23		25		70		34		9		50		112		19		54		46		40		68		97		88		73		60		51		66		19
49		19		15		0		72		113		108		40		12		105		68		99		53		75		27		42		117		95		87		54		67		54		76		42		39		62		99		88		32		54		127		67		32		79		59		89		9		76		12		4		64		63		38		69		45		97		123		74		74		72		70		19		66		92		49		83		15		107		60		34		54		81		36		78		74		64		68		73		81		61		11		36		26		81		23		20		63		123		34		65		57		51		79		108		99		58		71		66		77		32
59		61		57		72		0		53		48		42		60		85		40		39		23		19		99		56		57		23		107		36		133		124		8		104		35		98		27		110		68		34		67		117		70		71		13		17		63		34		68		76		114		45		34		37		83		71		63		14		34		22		46		59		14		52		67		23		69		69		48		54		126		9		48		74		52		106		16		85		9		45		81		72		82		67		83		60		9		63		44		7		75		21		31		48		87		130		27		30		57		40
64		114		102		113		53		0		7		95		111		40		93		26		76		72		108		71		4		68		62		89		88		79		49		71		74		53		72		65		81		87		14		72		123		34		64		68		106		37		101		111		69		50		75		90		68		26		10		39		39		75		43		112		47		21		64		40		122		24		53		107		81		54		77		35		39		61		69		40		62		98		124		125		87		32		136		93		52		10		97		48		56		62		34		11		42		85		42		83		36		83
59		109		97		108		48		7		0		90		106		47		88		19		71		67		103		66		9		61		69		84		95		86		42		66		69		60		65		72		76		82		19		79		118		33		59		63		101		32		96		106		76		45		70		85		63		33		15		34		34		70		38		107		42		16		59		33		117		31		48		102		88		47		72		36		34		68		64		47		57		93		119		120		82		29		131		88		47		15		92		43		51		57		29		4		49		92		37		78		31		78
31		21		25		40		42		95		90		0		28		87		28		81		19		35		67		24		99		55		75		14		101		92		50		72		21		66		59		78		36		14		109		85		28		61		31		49		31		58		36		44		82		45		20		29		51		79		105		56		56		32		52		21		48		74		35		65		27		89		42		12		94		51		18		60		56		74		28		55		41		21		49		30		50		63		41		28		43		105		6		47		43		33		61		90		81		98		53		26		59		12
47		7		9		12		60		111		106		28		0		103		56		97		41		63		39		40		115		83		85		42		73		64		66		44		37		60		87		86		30		42		125		65		20		77		47		77		5		74		10		16		62		61		36		57		43		95		121		72		72		60		68		7		64		90		47		81		11		105		58		22		66		69		34		76		72		62		56		71		69		49		21		24		24		79		25		18		59		121		22		63		55		49		77		106		97		70		69		54		75		28
56		106		94		105		85		40		47		87		103		0		85		66		68		88		100		63		40		108		22		81		48		51		89		63		66		43		112		25		73		79		32		38		115		26		72		102		98		51		93		103		41		42		67		82		60		14		40		73		51		85		39		104		71		33		56		80		114		16		45		99		67		94		69		27		33		41		81		32		94		90		116		117		79		24		128		85		76		32		89		78		48		64		54		51		6		55		58		79		28		75
55		49		53		68		40		93		88		28		56		85		0		79		17		21		95		52		97		31		103		14		129		120		48		100		31		94		37		106		64		14		107		113		36		67		29		25		59		56		64		72		110		43		30		3		79		77		103		54		54		18		50		49		46		72		63		63		53		87		44		34		122		49		44		70		54		102		24		81		31		7		77		32		78		63		55		56		41		103		34		45		71		31		59		88		83		126		51		10		57		36
50		100		88		99		39		26		19		81		97		66		79		0		62		58		94		57		26		48		88		75		114		105		31		85		60		79		46		91		67		73		34		98		109		52		50		54		92		23		87		97		95		36		61		76		64		52		26		25		25		61		29		98		33		33		50		16		108		50		39		93		107		30		63		55		33		87		55		66		48		84		110		111		73		48		122		79		38		34		83		34		56		48		20		15		68		111		28		69		38		69
40		38		38		53		23		76		71		19		41		68		17		62		0		22		80		37		80		42		88		13		114		105		31		85		16		79		46		91		49		11		90		98		47		52		12		36		44		39		49		57		95		26		15		16		64		60		86		37		37		19		33		36		29		55		48		46		46		70		29		31		107		32		29		55		37		87		15		66		28		22		62		49		63		48		60		41		24		86		21		28		56		14		42		71		68		111		34		13		40		21
62		56		60		75		19		72		67		35		63		88		21		58		22		0		102		59		76		20		110		21		136		127		27		107		38		101		24		113		71		21		86		120		51		74		16		14		66		37		71		79		117		48		37		18		86		74		82		33		37		3		49		56		25		55		70		42		60		72		51		41		129		28		51		77		55		109		7		88		10		26		84		53		85		70		64		63		20		82		41		24		78		24		38		67		90		133		30		11		60		43
44		46		42		27		99		108		103		67		39		100		95		94		80		102		0		43		112		122		82		81		62		49		103		37		64		57		126		83		31		81		122		62		59		74		86		116		36		71		31		23		59		58		65		96		40		92		118		87		69		99		65		46		85		87		44		94		42		102		55		61		33		108		51		73		69		59		95		68		108		88		18		63		21		76		40		39		90		118		61		92		52		78		74		103		94		45		72		93		72		59
7		43		31		42		56		71		66		24		40		63		52		57		37		59		43		0		75		79		51		38		77		68		60		48		21		42		83		54		12		38		85		61		52		37		43		73		35		34		30		40		58		21		22		53		27		55		81		44		32		56		28		41		42		50		11		51		51		65		18		36		70		65		8		36		32		50		52		31		65		45		53		54		26		39		65		22		47		81		26		49		19		35		37		66		57		74		29		50		35		16
68		118		106		117		57		4		9		99		115		40		97		26		80		76		112		75		0		68		62		93		88		79		49		75		78		55		72		65		85		91		10		72		127		38		68		72		110		41		105		115		69		54		79		94		72		26		6		43		43		79		47		116		51		25		68		40		126		24		57		111		81		54		81		39		43		61		73		44		66		102		128		129		91		36		140		97		56		8		101		52		60		66		38		11		42		85		46		87		40		87
82		76		80		95		23		68		61		55		83		108		31		48		42		20		122		79		68		0		130		41		156		147		19		127		58		121		6		133		91		41		76		140		63		94		36		6		86		57		91		99		137		68		57		28		106		94		72		35		57		23		69		76		37		75		90		32		80		92		71		61		149		18		71		97		75		129		27		108		14		36		104		63		105		90		82		83		32		76		61		30		98		44		54		57		110		153		50		29		80		63
48		88		76		87		107		62		69		75		85		22		103		88		88		110		82		51		62		130		0		89		26		33		111		45		72		25		134		3		55		89		54		20		97		36		94		124		80		73		75		85		23		62		73		104		42		36		62		95		73		107		61		86		93		55		40		102		96		38		59		81		49		116		59		33		55		23		103		22		116		96		98		99		61		40		110		67		98		54		71		100		32		86		76		73		20		37		80		101		50		67
41		35		39		54		36		89		84		14		42		81		14		75		13		21		81		38		93		41		89		0		115		106		44		86		17		80		45		92		50		2		103		99		34		55		25		35		45		52		50		58		96		39		16		15		65		73		99		50		50		18		46		35		42		68		49		59		39		83		36		20		108		45		30		56		50		88		20		67		27		9		63		36		64		57		47		42		37		99		20		41		57		27		55		84		75		112		47		12		53		22
74		80		76		67		133		88		95		101		73		48		129		114		114		136		62		77		88		156		26		115		0		13		137		29		98		35		160		23		65		115		80		16		93		62		120		150		70		99		65		65		19		88		99		130		50		62		88		121		99		133		87		80		119		81		66		128		76		64		85		95		29		142		85		59		81		27		129		48		142		122		78		97		51		66		90		73		124		80		95		126		58		112		102		99		46		17		106		127		76		93
65		71		67		54		124		79		86		92		64		51		120		105		105		127		49		68		79		147		33		106		13		0		128		20		89		26		151		34		56		106		73		13		84		53		111		141		61		90		56		52		10		79		90		121		41		53		79		112		90		124		78		71		110		72		57		119		67		55		76		86		16		133		76		50		72		18		120		39		133		113		65		88		42		57		77		64		115		71		86		117		49		103		93		90		45		6		97		118		67		84
63		69		61		76		8		49		42		50		66		89		48		31		31		27		103		60		49		19		111		44		137		128		0		108		39		102		23		114		72		42		59		121		78		75		19		23		67		38		72		80		118		49		38		45		87		75		55		16		38		30		50		67		18		56		71		15		77		73		52		62		130		5		52		78		56		110		24		89		17		53		85		80		86		71		91		64		13		57		52		11		79		25		35		40		91		134		31		38		61		44
45		51		47		42		104		71		66		72		44		63		100		85		85		107		37		48		75		127		45		86		29		20		108		0		69		20		131		46		36		86		85		25		64		37		91		121		41		70		36		40		22		59		70		101		21		55		81		92		70		104		58		51		90		52		37		99		51		65		56		66		22		113		56		36		52		22		100		31		113		93		53		68		22		39		65		44		95		81		66		97		29		83		73		70		57		26		77		98		47		64
24		40		28		39		35		74		69		21		37		66		31		60		16		38		64		21		78		58		72		17		98		89		39		69		0		63		62		75		33		17		88		82		49		40		22		52		32		37		33		41		79		24		1		32		48		58		84		35		35		35		31		38		27		53		32		44		48		68		21		33		91		44		13		39		35		71		31		50		44		24		50		51		47		42		62		25		26		84		23		28		40		14		40		69		60		95		32		29		38		9
39		63		51		62		98		53		60		66		60		43		94		79		79		101		57		42		55		121		25		80		35		26		102		20		63		0		125		26		30		80		65		19		72		27		85		115		55		64		50		60		16		53		64		95		17		35		61		86		64		98		52		61		84		46		31		93		71		45		50		60		28		107		50		24		46		8		94		13		107		87		73		74		36		31		85		42		89		61		60		91		23		77		67		64		37		32		71		92		41		58
86		80		84		99		27		72		65		59		87		112		37		46		46		24		126		83		72		6		134		45		160		151		23		131		62		125		0		137		95		45		80		144		67		98		40		12		90		61		95		103		141		72		61		34		110		98		72		39		61		27		73		80		41		79		94		32		84		96		75		65		153		18		75		101		79		133		31		112		18		42		108		69		109		94		86		87		36		80		65		34		102		48		58		61		114		157		54		33		84		67
51		89		77		88		110		65		72		78		86		25		106		91		91		113		83		54		65		133		3		92		23		34		114		46		75		26		137		0		56		92		57		21		98		39		97		127		81		76		76		86		24		65		76		107		43		39		65		98		76		110		64		87		96		58		43		105		97		41		62		82		50		119		62		36		58		24		106		25		119		99		99		100		62		43		111		68		101		57		72		103		35		89		79		76		23		38		83		104		53		70
17		33		21		32		68		81		76		36		30		73		64		67		49		71		31		12		85		91		55		50		65		56		72		36		33		30		95		56		0		50		95		49		42		47		55		85		25		44		20		30		46		31		34		65		15		65		91		56		42		68		38		31		54		60		17		63		41		75		28		30		58		77		20		46		42		38		64		41		77		57		43		44		14		49		55		12		59		91		30		61		25		47		47		76		67		62		41		62		45		28
41		35		39		54		34		87		82		14		42		79		14		73		11		21		81		38		91		41		89		2		115		106		42		86		17		80		45		92		50		0		101		99		36		53		23		35		45		50		50		58		96		37		16		15		65		71		97		48		48		18		44		35		40		66		49		57		39		81		34		20		108		43		30		56		48		88		18		67		27		11		63		38		64		55		49		42		35		97		20		39		57		25		53		82		73		112		45		12		51		22
78		128		116		127		67		14		19		109		125		32		107		34		90		86		122		85		10		76		54		103		80		73		59		85		88		65		80		57		95		101		0		64		137		48		78		82		120		51		115		125		63		64		89		104		82		30		8		53		53		89		57		126		61		35		78		48		136		20		67		121		89		62		91		49		53		63		83		54		76		112		138		139		101		46		150		107		66		4		111		62		70		76		48		19		34		77		56		97		50		97
58		68		60		67		117		72		79		85		65		38		113		98		98		120		62		61		72		140		20		99		16		13		121		25		82		19		144		21		49		99		64		0		77		46		104		134		60		83		55		65		3		72		83		114		34		46		72		105		83		117		71		66		103		65		50		112		76		48		69		79		29		126		69		43		65		11		113		32		126		106		78		81		41		50		90		57		108		64		79		110		42		96		86		83		32		17		90		111		60		77
59		13		21		32		70		123		118		28		20		115		36		109		47		51		59		52		127		63		97		34		93		84		78		64		49		72		67		98		42		36		137		77		0		89		59		57		23		86		28		36		74		73		48		37		55		107		133		84		84		48		80		13		76		102		59		93		17		117		70		16		86		79		46		88		84		74		54		83		61		29		41		4		42		91		19		30		71		133		26		75		67		61		89		118		109		90		81		40		87		40
30		80		68		79		71		34		33		61		77		26		67		52		52		74		74		37		38		94		36		55		62		53		75		37		40		27		98		39		47		53		48		46		89		0		58		88		72		37		67		77		43		26		41		68		34		18		44		59		37		71		25		78		57		19		30		66		88		28		23		73		55		80		43		3		19		35		67		14		80		64		90		91		53		4		102		59		62		44		63		64		22		50		40		37		20		59		44		65		14		49
46		50		44		59		13		64		59		31		47		72		29		50		12		16		86		43		68		36		94		25		120		111		19		91		22		85		40		97		55		23		78		104		59		58		0		30		50		27		55		63		101		32		21		26		70		58		74		25		25		13		33		48		17		43		54		34		58		58		35		43		113		22		35		61		39		93		9		72		22		34		68		61		69		54		72		47		12		74		33		16		62		8		30		59		74		117		22		19		44		27
76		70		74		89		17		68		63		49		77		102		25		54		36		14		116		73		72		6		124		35		150		141		23		121		52		115		12		127		85		35		82		134		57		88		30		0		80		51		85		93		131		62		51		22		100		88		78		29		51		17		63		70		31		69		84		38		74		86		65		55		143		24		65		91		69		123		21		102		8		30		98		57		99		84		76		77		26		78		55		24		92		38		48		63		104		147		44		23		74		57
42		10		6		9		63		106		101		31		5		98		59		92		44		66		36		35		110		86		80		45		70		61		67		41		32		55		90		81		25		45		120		60		23		72		50		80		0		69		5		13		57		56		31		60		38		90		116		67		67		63		63		10		59		85		42		76		16		100		53		25		63		72		29		71		67		57		59		66		72		52		18		27		19		74		30		13		54		116		25		58		50		44		72		101		92		67		64		57		70		23
27		77		65		76		34		37		32		58		74		51		56		23		39		37		71		34		41		57		73		52		99		90		38		70		37		64		61		76		44		50		51		83		86		37		27		51		69		0		64		74		80		13		38		53		49		37		47		22		2		38		12		75		20		18		33		29		85		35		16		70		92		43		40		40		18		72		32		51		43		61		87		88		50		33		99		56		25		47		60		27		41		25		3		32		53		96		7		46		23		46
37		15		11		12		68		101		96		36		10		93		64		87		49		71		31		30		105		91		75		50		65		56		72		36		33		50		95		76		20		50		115		55		28		67		55		85		5		64		0		10		52		51		34		65		33		85		111		62		62		68		58		15		54		80		37		71		21		95		48		30		58		77		24		66		62		52		64		61		77		57		23		32		14		69		35		8		59		111		30		61		45		47		67		96		87		62		59		62		65		28
47		23		19		4		76		111		106		44		16		103		72		97		57		79		23		40		115		99		85		58		65		52		80		40		41		60		103		86		30		58		125		65		36		77		63		93		13		74		10		0		62		61		42		73		43		95		121		72		72		76		68		23		64		90		47		81		19		105		58		38		50		85		34		76		72		62		72		71		85		65		13		40		24		79		25		18		67		121		38		69		55		55		77		106		97		54		69		70		75		36
55		65		57		64		114		69		76		82		62		41		110		95		95		117		59		58		69		137		23		96		19		10		118		22		79		16		141		24		46		96		63		3		74		43		101		131		57		80		52		62		0		69		80		111		31		43		69		102		80		114		68		63		100		62		47		109		73		45		66		76		26		123		66		40		62		8		110		29		123		103		75		78		38		47		87		54		105		61		76		107		39		93		83		80		35		16		87		108		57		74
14		64		52		63		45		50		45		45		61		42		43		36		26		48		58		21		54		68		62		39		88		79		49		59		24		53		72		65		31		37		64		72		73		26		32		62		56		13		51		61		69		0		25		42		38		34		60		33		11		45		7		62		31		29		22		40		72		44		3		57		81		54		27		29		11		61		41		40		54		48		74		75		37		22		86		43		36		60		47		38		30		24		16		45		42		85		18		39		14		33
25		39		27		38		34		75		70		20		36		67		30		61		15		37		65		22		79		57		73		16		99		90		38		70		1		64		61		76		34		16		89		83		48		41		21		51		31		38		34		42		80		25		0		31		49		59		85		36		36		34		32		37		28		54		33		45		47		69		22		32		92		43		14		40		36		72		30		51		43		23		49		50		48		43		61		26		25		85		22		27		41		13		41		70		61		96		33		28		39		8
56		50		54		69		37		90		85		29		57		82		3		76		16		18		96		53		94		28		104		15		130		121		45		101		32		95		34		107		65		15		104		114		37		68		26		22		60		53		65		73		111		42		31		0		80		74		100		51		51		15		47		50		43		69		64		60		54		84		45		35		123		46		45		71		51		103		21		82		28		8		78		35		79		64		56		57		38		100		35		42		72		28		56		85		84		127		48		7		54		37
24		46		34		45		83		68		63		51		43		60		79		64		64		86		40		27		72		106		42		65		50		41		87		21		48		17		110		43		15		65		82		34		55		34		70		100		38		49		33		43		31		38		49		80		0		52		78		71		49		83		37		44		69		47		16		78		54		62		35		45		43		92		35		33		31		23		79		28		92		72		56		57		19		36		68		25		74		78		45		76		12		62		52		63		54		47		56		77		32		43
48		98		86		97		71		26		33		79		95		14		77		52		60		74		92		55		26		94		36		73		62		53		75		55		58		35		98		39		65		71		30		46		107		18		58		88		90		37		85		95		43		34		59		74		52		0		26		59		37		71		27		96		57		19		48		66		106		10		37		91		59		80		61		19		23		35		67		24		80		82		108		109		71		16		120		77		62		26		81		64		40		50		40		37		16		59		44		67		20		67
74		124		112		123		63		10		15		105		121		40		103		26		86		82		118		81		6		72		62		99		88		79		55		81		84		61		72		65		91		97		8		72		133		44		74		78		116		47		111		121		69		60		85		100		78		26		0		49		49		85		53		122		57		31		74		40		132		24		63		117		85		54		87		45		49		61		79		50		72		108		134		135		97		42		146		103		62		8		107		58		66		72		44		15		42		85		52		93		46		93
47		75		63		74		14		39		34		56		72		73		54		25		37		33		87		44		43		35		95		50		121		112		16		92		35		86		39		98		56		48		53		105		84		59		25		29		67		22		62		72		102		33		36		51		71		59		49		0		22		36		34		73		8		40		55		9		83		57		36		68		114		21		38		62		40		94		30		73		23		59		85		86		70		55		97		54		13		49		58		9		63		23		19		34		75		118		15		44		45		44
25		75		63		74		34		39		34		56		72		51		54		25		37		37		69		32		43		57		73		50		99		90		38		70		35		64		61		76		42		48		53		83		84		37		25		51		67		2		62		72		80		11		36		51		49		37		49		22		0		36		12		73		20		18		33		29		83		35		14		68		92		43		38		40		18		72		30		51		43		59		85		86		48		33		97		54		25		49		58		27		41		23		5		34		53		96		7		44		23		44
59		53		57		72		22		75		70		32		60		85		18		61		19		3		99		56		79		23		107		18		133		124		30		104		35		98		27		110		68		18		89		117		48		71		13		17		63		38		68		76		114		45		34		15		83		71		85		36		36		0		46		53		28		54		67		45		57		69		48		38		126		31		48		74		52		106		6		85		13		23		81		50		82		67		61		60		23		85		38		27		75		21		41		70		87		130		33		8		57		40
21		71		59		70		46		43		38		52		68		39		50		29		33		49		65		28		47		69		61		46		87		78		50		58		31		52		73		64		38		44		57		71		80		25		33		63		63		12		58		68		68		7		32		47		37		27		53		34		12		46		0		69		32		22		21		41		79		37		10		64		80		55		34		28		6		60		42		39		55		55		81		82		44		21		93		50		37		53		54		39		29		25		15		38		41		84		19		40		11		40
48		2		10		19		59		112		107		21		7		104		49		98		36		56		46		41		116		76		86		35		80		71		67		51		38		61		80		87		31		35		126		66		13		78		48		70		10		75		15		23		63		62		37		50		44		96		122		73		73		53		69		0		65		91		48		82		10		106		59		15		73		68		35		77		73		63		49		72		62		42		28		17		29		80		24		19		60		122		15		64		56		50		78		107		98		77		70		47		76		29
45		67		55		66		14		47		42		48		64		71		46		33		29		25		85		42		51		37		93		42		119		110		18		90		27		84		41		96		54		40		61		103		76		57		17		31		59		20		54		64		100		31		28		43		69		57		57		8		20		28		32		65		0		38		53		17		75		55		34		60		112		23		34		60		38		92		22		71		23		51		77		78		68		53		89		46		5		57		50		7		61		15		17		42		73		116		13		36		43		36
43		93		81		92		52		21		16		74		90		33		72		33		55		55		87		50		25		75		55		68		81		72		56		52		53		46		79		58		60		66		35		65		102		19		43		69		85		18		80		90		62		29		54		69		47		19		31		40		18		54		22		91		38		0		43		47		101		17		32		86		74		61		56		22		18		54		48		33		61		77		103		104		66		15		115		72		43		31		76		45		35		41		21		18		35		78		25		62		15		62
8		50		38		49		67		64		59		35		47		56		63		50		48		70		44		11		68		90		40		49		66		57		71		37		32		31		94		43		17		49		78		50		59		30		54		84		42		33		37		47		47		22		33		64		16		48		74		55		33		67		21		48		53		43		0		62		58		58		19		43		59		76		19		29		25		39		63		24		76		56		60		61		23		32		72		29		58		74		33		60		8		46		36		59		50		63		40		61		28		27
54		84		72		83		23		40		33		65		81		80		63		16		46		42		94		51		40		32		102		59		128		119		15		99		44		93		32		105		63		57		48		112		93		66		34		38		76		29		71		81		109		40		45		60		78		66		40		9		29		45		41		82		17		47		62		0		92		64		43		77		121		14		47		69		47		101		39		80		32		68		94		95		77		62		106		63		22		48		67		18		70		32		26		29		82		125		22		53		52		53
58		8		20		15		69		122		117		27		11		114		53		108		46		60		42		51		126		80		96		39		76		67		77		51		48		71		84		97		41		39		136		76		17		88		58		74		16		85		21		19		73		72		47		54		54		106		132		83		83		57		79		10		75		101		58		92		0		116		69		19		69		78		45		87		83		73		53		82		66		46		24		21		35		90		14		29		70		132		25		74		66		60		88		117		108		73		80		51		86		39
58		108		96		107		69		24		31		89		105		16		87		50		70		72		102		65		24		92		38		83		64		55		73		65		68		45		96		41		75		81		20		48		117		28		58		86		100		35		95		105		45		44		69		84		62		10		24		57		35		69		37		106		55		17		58		64		116		0		47		101		69		78		71		29		33		43		65		34		78		92		118		119		81		26		130		87		60		16		91		62		50		56		38		35		18		61		42		77		30		77
11		61		49		60		48		53		48		42		58		45		44		39		29		51		55		18		57		71		59		36		85		76		52		56		21		50		75		62		28		34		67		69		70		23		35		65		53		16		48		58		66		3		22		45		35		37		63		36		14		48		10		59		34		32		19		43		69		47		0		54		78		57		24		26		14		58		44		37		57		45		71		72		34		21		83		40		39		63		44		41		27		27		19		48		39		82		21		42		17		30
43		15		19		34		54		107		102		12		22		99		34		93		31		41		61		36		111		61		81		20		95		86		62		66		33		60		65		82		30		20		121		79		16		73		43		55		25		70		30		38		76		57		32		35		45		91		117		68		68		38		64		15		60		86		43		77		19		101		54		0		88		63		30		72		68		68		38		67		47		27		43		18		44		75		29		22		55		117		10		59		51		45		73		102		93		92		65		32		71		24
67		73		69		54		126		81		88		94		66		67		122		107		107		129		33		70		81		149		49		108		29		16		130		22		91		28		153		50		58		108		89		29		86		55		113		143		63		92		58		50		26		81		92		123		43		59		85		114		92		126		80		73		112		74		59		121		69		69		78		88		0		135		78		52		74		26		122		41		135		115		49		90		44		59		67		66		117		85		88		119		51		105		95		92		61		12		99		120		69		86
68		70		66		81		9		54		47		51		69		94		49		30		32		28		108		65		54		18		116		45		142		133		5		113		44		107		18		119		77		43		62		126		79		80		22		24		72		43		77		85		123		54		43		46		92		80		54		21		43		31		55		68		23		61		76		14		78		78		57		63		135		0		57		83		61		115		25		94		18		54		90		81		91		76		92		69		18		62		53		16		84		30		40		43		96		139		36		39		66		49
13		37		25		36		48		77		72		18		34		69		44		63		29		51		51		8		81		71		59		30		85		76		52		56		13		50		75		62		20		30		91		69		46		43		35		65		29		40		24		34		66		27		14		45		35		61		87		38		38		48		34		35		34		56		19		47		45		71		24		30		78		57		0		42		38		58		44		37		57		37		47		48		34		45		59		16		39		87		20		41		27		27		43		72		63		82		35		42		41		8
29		79		67		78		74		35		36		60		76		27		70		55		55		77		73		36		39		97		33		56		59		50		78		36		39		24		101		36		46		56		49		43		88		3		61		91		71		40		66		76		40		29		40		71		33		19		45		62		40		74		28		77		60		22		29		69		87		29		26		72		52		83		42		0		22		32		70		11		83		63		89		90		52		7		101		58		65		45		62		67		21		53		43		40		21		56		47		68		17		48
25		75		63		74		52		39		34		56		72		33		54		33		37		55		69		32		43		75		55		50		81		72		56		52		35		46		79		58		42		48		53		65		84		19		39		69		67		18		62		72		62		11		36		51		31		23		49		40		18		52		6		73		38		18		25		47		83		33		14		68		74		61		38		22		0		54		48		33		61		59		85		86		48		15		97		54		43		49		58		45		23		31		21		34		35		78		25		46		5		44
47		65		53		64		106		61		68		74		62		41		102		87		87		109		59		50		61		129		23		88		27		18		110		22		71		8		133		24		38		88		63		11		74		35		93		123		57		72		52		62		8		61		72		103		23		35		61		94		72		106		60		63		92		54		39		101		73		43		58		68		26		115		58		32		54		0		102		21		115		95		75		76		38		39		87		46		97		59		68		99		31		85		75		72		35		24		79		100		49		66
55		49		53		68		16		69		64		28		56		81		24		55		15		7		95		52		73		27		103		20		129		120		24		100		31		94		31		106		64		18		83		113		54		67		9		21		59		32		64		72		110		41		30		21		79		67		79		30		30		6		42		49		22		48		63		39		53		65		44		38		122		25		44		70		48		102		0		81		13		29		77		56		78		63		67		56		17		79		34		21		71		17		35		64		83		126		27		14		53		36
26		74		62		73		85		40		47		55		71		32		81		66		66		88		68		31		44		108		22		67		48		39		89		31		50		13		112		25		41		67		54		32		83		14		72		102		66		51		61		71		29		40		51		82		28		24		50		73		51		85		39		72		71		33		24		80		82		34		37		67		41		94		37		11		33		21		81		0		94		74		84		85		47		18		96		53		76		50		57		78		16		64		54		51		26		45		58		79		28		45
68		62		66		81		9		62		57		41		69		94		31		48		28		10		108		65		66		14		116		27		142		133		17		113		44		107		18		119		77		27		76		126		61		80		22		8		72		43		77		85		123		54		43		28		92		80		72		23		43		13		55		62		23		61		76		32		66		78		57		47		135		18		57		83		61		115		13		94		0		36		90		63		91		76		74		69		18		72		47		16		84		30		40		57		96		139		36		21		66		49
48		42		46		61		45		98		93		21		49		90		7		84		22		26		88		45		102		36		96		9		122		113		53		93		24		87		42		99		57		11		112		106		29		64		34		30		52		61		57		65		103		48		23		8		72		82		108		59		59		23		55		42		51		77		56		68		46		92		45		27		115		54		37		63		59		95		29		74		36		0		70		27		71		66		48		49		46		108		27		50		64		36		64		93		84		119		56		15		62		29
60		28		24		11		81		124		119		49		21		116		77		110		62		84		18		53		128		104		98		63		78		65		85		53		50		73		108		99		43		63		138		78		41		90		68		98		18		87		23		13		75		74		49		78		56		108		134		85		85		81		81		28		77		103		60		94		24		118		71		43		49		90		47		89		85		75		77		84		90		70		0		45		37		92		22		31		72		134		43		76		68		62		90		119		110		61		82		75		88		41
61		17		23		36		72		125		120		30		24		117		32		111		49		53		63		54		129		63		99		36		97		88		80		68		51		74		69		100		44		38		139		81		4		91		61		57		27		88		32		40		78		75		50		35		57		109		135		86		86		50		82		17		78		104		61		95		21		119		72		18		90		81		48		90		86		76		56		85		63		27		45		0		46		93		23		32		73		135		28		77		69		63		91		120		111		94		83		42		89		42
23		29		25		26		82		87		82		50		24		79		78		73		63		85		21		26		91		105		61		64		51		42		86		22		47		36		109		62		14		64		101		41		42		53		69		99		19		50		14		24		38		37		48		79		19		71		97		70		48		82		44		29		68		66		23		77		35		81		34		44		44		91		34		52		48		38		78		47		91		71		37		46		0		55		49		22		73		97		44		75		31		61		53		82		73		48		55		76		51		42
32		82		70		81		67		32		29		63		79		24		63		48		48		70		76		39		36		90		40		57		66		57		71		39		42		31		94		43		49		55		46		50		91		4		54		84		74		33		69		79		47		22		43		64		36		16		42		55		33		67		21		80		53		15		32		62		90		26		21		75		59		76		45		7		15		39		63		18		76		66		92		93		55		0		104		61		58		42		65		60		24		46		36		33		20		63		40		61		10		51
72		22		34		23		83		136		131		41		25		128		55		122		60		64		40		65		140		82		110		47		90		77		91		65		62		85		86		111		55		49		150		90		19		102		72		76		30		99		35		25		87		86		61		56		68		120		146		97		97		61		93		24		89		115		72		106		14		130		83		29		67		92		59		101		97		87		67		96		74		48		22		23		49		104		0		43		84		146		39		88		80		74		102		131		122		73		94		53		100		53
29		21		9		20		60		93		88		28		18		85		56		79		41		63		39		22		97		83		67		42		73		64		64		44		25		42		87		68		12		42		107		57		30		59		47		77		13		56		8		18		54		43		26		57		25		77		103		54		54		60		50		19		46		72		29		63		29		87		40		22		66		69		16		58		54		46		56		53		69		49		31		32		22		61		43		0		51		103		22		53		37		39		59		88		79		70		51		54		57		20
50		62		50		63		9		52		47		43		59		76		41		38		24		20		90		47		56		32		98		37		124		115		13		95		26		89		36		101		59		35		66		108		71		62		12		26		54		25		59		67		105		36		25		38		74		62		62		13		25		23		37		60		5		43		58		22		70		60		39		55		117		18		39		65		43		97		17		76		18		46		72		73		73		58		84		51		0		62		45		4		66		12		22		47		78		121		18		31		48		31
74		124		112		123		63		10		15		105		121		32		103		34		86		82		118		81		8		76		54		99		80		71		57		81		84		61		80		57		91		97		4		64		133		44		74		78		116		47		111		121		61		60		85		100		78		26		8		49		49		85		53		122		57		31		74		48		132		16		63		117		85		62		87		45		49		59		79		50		72		108		134		135		97		42		146		103		62		0		107		58		66		72		44		19		34		77		52		93		46		93
33		17		19		34		44		97		92		6		22		89		34		83		21		41		61		26		101		61		71		20		95		86		52		66		23		60		65		72		30		20		111		79		26		63		33		55		25		60		30		38		76		47		22		35		45		81		107		58		58		38		54		15		50		76		33		67		25		91		44		10		88		53		20		62		58		68		34		57		47		27		43		28		44		65		39		22		45		107		0		49		41		35		63		92		83		92		55		32		61		14
52		66		54		65		7		48		43		47		63		78		45		34		28		24		92		49		52		30		100		41		126		117		11		97		28		91		34		103		61		39		62		110		75		64		16		24		58		27		61		69		107		38		27		42		76		64		58		9		27		27		39		64		7		45		60		18		74		62		41		59		119		16		41		67		45		99		21		78		16		50		76		77		75		60		88		53		4		58		49		0		68		14		24		43		80		123		20		35		50		35
16		58		46		57		75		56		51		43		55		48		71		56		56		78		52		19		60		98		32		57		58		49		79		29		40		23		102		35		25		57		70		42		67		22		62		92		50		41		45		55		39		30		41		72		12		40		66		63		41		75		29		56		61		35		8		70		66		50		27		51		51		84		27		21		23		31		71		16		84		64		68		69		31		24		80		37		66		66		41		68		0		54		44		51		42		55		48		69		20		35
38		52		40		51		21		62		57		33		49		64		31		48		14		24		78		35		66		44		86		27		112		103		25		83		14		77		48		89		47		25		76		96		61		50		8		38		44		25		47		55		93		24		13		28		62		50		72		23		23		21		25		50		15		41		46		32		60		56		27		45		105		30		27		53		31		85		17		64		30		36		62		63		61		46		74		39		12		72		35		14		54		0		28		57		66		109		20		21		36		21
30		80		68		79		31		34		29		61		77		54		59		20		42		38		74		37		38		54		76		55		102		93		35		73		40		67		58		79		47		53		48		86		89		40		30		48		72		3		67		77		83		16		41		56		52		40		44		19		5		41		15		78		17		21		36		26		88		38		19		73		95		40		43		43		21		75		35		54		40		64		90		91		53		36		102		59		22		44		63		24		44		28		0		29		56		99		8		49		26		49
59		109		97		108		48		11		4		90		106		51		88		15		71		67		103		66		11		57		73		84		99		90		40		70		69		64		61		76		76		82		19		83		118		37		59		63		101		32		96		106		80		45		70		85		63		37		15		34		34		70		38		107		42		18		59		29		117		35		48		102		92		43		72		40		34		72		64		51		57		93		119		120		82		33		131		88		47		19		92		43		51		57		29		0		53		96		37		78		31		78
50		100		88		99		87		42		49		81		97		6		83		68		68		90		94		57		42		110		20		75		46		45		91		57		60		37		114		23		67		73		34		32		109		20		74		104		92		53		87		97		35		42		61		84		54		16		42		75		53		87		41		98		73		35		50		82		108		18		39		93		61		96		63		21		35		35		83		26		96		84		110		111		73		20		122		79		78		34		83		80		42		66		56		53		0		49		60		81		30		69
71		77		73		58		130		85		92		98		70		55		126		111		111		133		45		74		85		153		37		112		17		6		134		26		95		32		157		38		62		112		77		17		90		59		117		147		67		96		62		54		16		85		96		127		47		59		85		118		96		130		84		77		116		78		63		125		73		61		82		92		12		139		82		56		78		24		126		45		139		119		61		94		48		63		73		70		121		77		92		123		55		109		99		96		49		0		103		124		73		90
32		72		60		71		27		42		37		53		69		58		51		28		34		30		72		29		46		50		80		47		106		97		31		77		32		71		54		83		41		45		56		90		81		44		22		44		64		7		59		69		87		18		33		48		56		44		52		15		7		33		19		70		13		25		40		22		80		42		21		65		99		36		35		47		25		79		27		58		36		56		82		83		55		40		94		51		18		52		55		20		48		20		8		37		60		103		0		41		30		41
53		47		51		66		30		83		78		26		54		79		10		69		13		11		93		50		87		29		101		12		127		118		38		98		29		92		33		104		62		12		97		111		40		65		19		23		57		46		62		70		108		39		28		7		77		67		93		44		44		8		40		47		36		62		61		53		51		77		42		32		120		39		42		68		46		100		14		79		21		15		75		42		76		61		53		54		31		93		32		35		69		21		49		78		81		124		41		0		51		34
28		78		66		77		57		36		31		59		75		28		57		38		40		60		72		35		40		80		50		53		76		67		61		47		38		41		84		53		45		51		50		60		87		14		44		74		70		23		65		75		57		14		39		54		32		20		46		45		23		57		11		76		43		15		28		52		86		30		17		71		69		66		41		17		5		49		53		28		66		62		88		89		51		10		100		57		48		46		61		50		20		36		26		31		30		73		30		51		0		47
19		31		19		32		40		83		78		12		28		75		36		69		21		43		59		16		87		63		67		22		93		84		44		64		9		58		67		70		28		22		97		77		40		49		27		57		23		46		28		36		74		33		8		37		43		67		93		44		44		40		40		29		36		62		27		53		39		77		30		24		86		49		8		48		44		66		36		45		49		29		41		42		42		51		53		20		31		93		14		35		35		21		49		78		69		90		41		34		47		0
