50
0		36		40		29		32		20		34		41		31		35		39		20		32		41		48		24		26		37		51		26		35		31		14		16		15		50		46		18		39		40		11		51		33		30		35		43		41		17		26		19		36		12		41		21		45		35		34		27		9		41
36		0		30		39		8		28		8		9		33		3		33		30		22		17		38		12		62		27		41		14		41		13		50		26		41		40		36		54		9		30		31		15		11		28		7		33		31		53		24		23		8		48		5		17		11		11		46		19		45		31
40		30		0		69		22		58		38		39		15		33		15		60		10		47		8		34		44		5		11		16		23		17		42		24		55		10		6		38		21		2		29		33		19		58		37		7		1		43		14		53		38		50		27		19		41		19		28		49		45		11
29		39		69		0		47		11		31		30		60		36		68		9		61		22		77		35		45		66		80		53		64		52		33		45		24		79		75		37		48		69		40		38		50		11		32		72		70		36		55		16		31		31		42		50		28		50		63		20		28		70
32		8		22		47		0		36		16		17		29		11		29		38		14		25		30		12		58		19		33		6		37		5		46		22		37		32		28		50		7		22		27		19		3		36		15		25		23		49		20		31		16		44		9		13		19		3		42		27		41		23
20		28		58		11		36		0		20		21		49		25		57		2		50		21		66		24		46		55		69		42		53		41		34		34		25		68		64		38		37		58		29		31		39		10		21		61		59		37		44		5		20		32		31		39		25		39		52		9		29		59
34		8		38		31		16		20		0		7		31		5		37		22		30		9		46		10		60		35		49		22		39		21		48		24		39		48		44		52		17		38		29		17		19		20		1		41		39		51		24		15		2		46		11		19		11		19		44		11		43		39
41		9		39		30		17		21		7		0		38		6		38		21		31		8		47		17		67		36		50		23		46		22		55		31		46		49		45		59		18		39		36		10		20		19		6		42		40		58		29		22		5		53		12		22		4		20		51		14		50		40
31		33		15		60		29		49		31		38		0		32		8		51		25		38		19		25		29		20		20		23		8		28		33		15		46		19		15		29		36		13		20		48		30		49		32		12		16		34		9		44		33		41		38		16		42		32		13		40		36		26
35		3		33		36		11		25		5		6		32		0		32		27		25		14		41		11		61		30		44		17		40		16		49		25		40		43		39		53		12		33		30		16		14		25		4		36		34		52		23		20		5		47		6		16		10		14		45		16		44		34
39		33		15		68		29		57		37		38		8		32		0		59		25		46		19		33		31		20		12		23		8		28		41		23		54		19		13		37		36		13		28		48		30		57		36		8		16		42		13		52		37		49		38		18		42		32		13		48		44		26
20		30		60		9		38		2		22		21		51		27		59		0		52		21		68		26		46		57		71		44		55		43		34		36		25		70		66		38		39		60		31		31		41		10		23		63		61		37		46		7		22		32		33		41		25		41		54		11		29		61
32		22		10		61		14		50		30		31		25		25		25		52		0		39		16		26		54		5		19		8		33		9		42		18		47		18		14		46		13		12		23		23		11		50		29		17		9		45		16		45		30		42		19		11		33		11		38		41		37		9
41		17		47		22		25		21		9		8		38		14		46		21		39		0		55		17		67		44		58		31		46		30		55		31		46		57		53		59		26		47		36		16		28		11		10		50		48		58		33		22		9		53		20		28		6		28		51		14		50		48
48		38		8		77		30		66		46		47		19		41		19		68		16		55		0		42		48		11		13		24		27		25		50		32		63		2		6		46		29		8		37		39		27		66		45		11		7		51		22		61		46		58		35		27		49		27		32		57		53		7
24		12		34		35		12		24		10		17		25		11		33		26		26		17		42		0		50		31		45		18		29		17		38		14		29		44		40		42		15		34		19		27		15		24		11		37		35		41		20		19		12		36		17		15		21		15		34		15		33		35
26		62		44		45		58		46		60		67		29		61		31		46		54		67		48		50		0		49		43		52		27		57		12		36		23		48		42		8		65		42		31		77		59		56		61		37		45		11		38		45		62		18		67		45		71		61		26		53		17		55
37		27		5		66		19		55		35		36		20		30		20		57		5		44		11		31		49		0		14		13		28		14		39		21		52		13		9		41		18		7		26		28		16		55		34		12		4		40		11		50		35		47		24		16		38		16		33		46		42		6
51		41		11		80		33		69		49		50		20		44		12		71		19		58		13		45		43		14		0		27		16		28		53		35		66		13		7		49		32		11		40		42		30		69		48		8		10		54		25		64		49		61		38		30		52		30		19		60		56		20
26		14		16		53		6		42		22		23		23		17		23		44		8		31		24		18		52		13		27		0		31		5		40		16		39		26		22		44		13		16		21		25		7		42		21		19		17		43		14		37		22		38		15		7		25		9		36		33		35		17
35		41		23		64		37		53		39		46		8		40		8		55		33		46		27		29		27		28		16		31		0		36		37		19		50		27		21		33		44		21		24		56		38		53		40		16		24		38		17		48		41		45		46		24		50		40		5		44		40		34
31		13		17		52		5		41		21		22		28		16		28		43		9		30		25		17		57		14		28		5		36		0		45		21		38		27		23		49		8		17		26		20		2		41		20		20		18		48		19		36		21		43		10		12		24		4		41		32		40		18
14		50		42		33		46		34		48		55		33		49		41		34		42		55		50		38		12		39		53		40		37		45		0		24		13		52		48		4		53		42		19		65		47		44		49		45		43		3		28		33		50		8		55		33		59		49		36		41		5		43
16		26		24		45		22		34		24		31		15		25		23		36		18		31		32		14		36		21		35		16		19		21		24		0		31		34		30		28		29		24		5		41		23		34		25		27		25		27		10		29		26		26		31		9		35		25		20		25		21		25
15		41		55		24		37		25		39		46		46		40		54		25		47		46		63		29		23		52		66		39		50		38		13		31		0		65		61		17		44		55		26		56		38		35		40		58		56		12		41		24		41		7		46		36		50		40		49		32		10		56
50		40		10		79		32		68		48		49		19		43		19		70		18		57		2		44		48		13		13		26		27		27		52		34		65		0		6		48		31		10		39		41		29		68		47		11		9		53		24		63		48		60		37		29		51		29		32		59		55		9
46		36		6		75		28		64		44		45		15		39		13		66		14		53		6		40		42		9		7		22		21		23		48		30		61		6		0		44		27		6		35		37		25		64		43		5		5		49		20		59		44		56		33		25		47		25		26		55		51		13
18		54		38		37		50		38		52		59		29		53		37		38		46		59		46		42		8		41		49		44		33		49		4		28		17		48		44		0		57		38		23		69		51		48		53		41		39		5		30		37		54		12		59		37		63		53		32		45		9		47
39		9		21		48		7		37		17		18		36		12		36		39		13		26		29		15		65		18		32		13		44		8		53		29		44		31		27		57		0		23		34		12		6		37		16		28		22		56		27		32		17		51		6		20		20		4		49		28		48		22
40		30		2		69		22		58		38		39		13		33		13		60		12		47		8		34		42		7		11		16		21		17		42		24		55		10		6		38		23		0		29		35		19		58		37		5		3		43		14		53		38		50		27		19		41		19		26		49		45		13
11		31		29		40		27		29		29		36		20		30		28		31		23		36		37		19		31		26		40		21		24		26		19		5		26		39		35		23		34		29		0		46		28		29		30		32		30		22		15		24		31		21		36		14		40		30		23		22		16		30
51		15		33		38		19		31		17		10		48		16		48		31		23		16		39		27		77		28		42		25		56		20		65		41		56		41		37		69		12		35		46		0		18		27		16		40		32		68		39		32		15		63		10		32		10		16		61		24		60		32
33		11		19		50		3		39		19		20		30		14		30		41		11		28		27		15		59		16		30		7		38		2		47		23		38		29		25		51		6		19		28		18		0		39		18		22		20		50		21		34		19		45		8		14		22		2		43		30		42		20
30		28		58		11		36		10		20		19		49		25		57		10		50		11		66		24		56		55		69		42		53		41		44		34		35		68		64		48		37		58		29		27		39		0		21		61		59		47		44		11		20		42		31		39		17		39		52		9		39		59
35		7		37		32		15		21		1		6		32		4		36		23		29		10		45		11		61		34		48		21		40		20		49		25		40		47		43		53		16		37		30		16		18		21		0		40		38		52		23		16		1		47		10		18		10		18		45		12		44		38
43		33		7		72		25		61		41		42		12		36		8		63		17		50		11		37		37		12		8		19		16		20		45		27		58		11		5		41		28		5		32		40		22		61		40		0		8		46		17		56		41		53		30		22		44		24		21		52		48		18
41		31		1		70		23		59		39		40		16		34		16		61		9		48		7		35		45		4		10		17		24		18		43		25		56		9		5		39		22		3		30		32		20		59		38		8		0		44		15		54		39		51		28		20		42		20		29		50		46		10
17		53		43		36		49		37		51		58		34		52		42		37		45		58		51		41		11		40		54		43		38		48		3		27		12		53		49		5		56		43		22		68		50		47		52		46		44		0		29		36		53		7		58		36		62		52		37		44		8		46
26		24		14		55		20		44		24		29		9		23		13		46		16		33		22		20		38		11		25		14		17		19		28		10		41		24		20		30		27		14		15		39		21		44		23		17		15		29		0		39		24		36		29		7		33		23		22		35		31		17
19		23		53		16		31		5		15		22		44		20		52		7		45		22		61		19		45		50		64		37		48		36		33		29		24		63		59		37		32		53		24		32		34		11		16		56		54		36		39		0		17		31		26		34		26		34		47		8		28		54
36		8		38		31		16		20		2		5		33		5		37		22		30		9		46		12		62		35		49		22		41		21		50		26		41		48		44		54		17		38		31		15		19		20		1		41		39		53		24		17		0		48		11		19		9		19		46		11		45		39
12		48		50		31		44		32		46		53		41		47		49		32		42		53		58		36		18		47		61		38		45		43		8		26		7		60		56		12		51		50		21		63		45		42		47		53		51		7		36		31		48		0		53		31		57		47		44		39		5		51
41		5		27		42		9		31		11		12		38		6		38		33		19		20		35		17		67		24		38		15		46		10		55		31		46		37		33		59		6		27		36		10		8		31		10		30		28		58		29		26		11		53		0		22		14		8		51		22		50		28
21		17		19		50		13		39		19		22		16		16		18		41		11		28		27		15		45		16		30		7		24		12		33		9		36		29		25		37		20		19		14		32		14		39		18		22		20		36		7		34		19		31		22		0		26		16		29		30		28		20
45		11		41		28		19		25		11		4		42		10		42		25		33		6		49		21		71		38		52		25		50		24		59		35		50		51		47		63		20		41		40		10		22		17		10		44		42		62		33		26		9		57		14		26		0		22		55		18		54		42
35		11		19		50		3		39		19		20		32		14		32		41		11		28		27		15		61		16		30		9		40		4		49		25		40		29		25		53		4		19		30		16		2		39		18		24		20		52		23		34		19		47		8		16		22		0		45		30		44		20
34		46		28		63		42		52		44		51		13		45		13		54		38		51		32		34		26		33		19		36		5		41		36		20		49		32		26		32		49		26		23		61		43		52		45		21		29		37		22		47		46		44		51		29		55		45		0		43		39		39
27		19		49		20		27		9		11		14		40		16		48		11		41		14		57		15		53		46		60		33		44		32		41		25		32		59		55		45		28		49		22		24		30		9		12		52		50		44		35		8		11		39		22		30		18		30		43		0		36		50
9		45		45		28		41		29		43		50		36		44		44		29		37		50		53		33		17		42		56		35		40		40		5		21		10		55		51		9		48		45		16		60		42		39		44		48		46		8		31		28		45		5		50		28		54		44		39		36		0		46
41		31		11		70		23		59		39		40		26		34		26		61		9		48		7		35		55		6		20		17		34		18		43		25		56		9		13		47		22		13		30		32		20		59		38		18		10		46		17		54		39		51		28		20		42		20		39		50		46		0
