N = 60
FROM solution: 0 43 34 3 54 10 17 12 2 32 22 40 21 59 11 15 7 56 13 19 20 49 30 57 9 25 31 36 4 18 16 42 37 23 29 45 28 38 53 51 47 8 48 58 44 1 41 6 33 46 50 24 52 35 39 55 27 14 26 5 0 (value : 2106)
TO   solution: 0 1 12 31 32 46 40 39 9 20 6 8 19 25 4 59 49 52 2 36 53 56 42 11 15 7 55 5 27 17 57 29 43 37 34 35 14 26 21 16 30 10 38 24 23 54 3 33 51 13 18 58 45 28 41 47 48 44 50 22 0 (value : 460)
in 0.001494 seconds (chrono time)
FROM solution: 0 18 40 3 6 52 12 55 20 58 50 7 33 2 39 14 10 11 37 24 19 21 22 57 29 42 28 43 59 30 47 53 44 13 34 4 49 15 5 1 38 36 54 27 32 31 46 23 8 17 48 51 56 41 25 45 16 9 35 26 0 (value : 2048)
TO   solution: 0 51 58 53 56 24 19 42 10 38 1 22 45 21 29 49 4 18 9 37 52 44 30 11 16 48 20 2 23 33 59 25 14 28 41 5 43 50 8 46 13 6 39 35 27 55 3 34 7 31 32 12 47 15 26 54 36 17 40 57 0 (value : 464)
in 0.00129 seconds (chrono time)
FROM solution: 0 32 36 2 59 21 6 7 20 51 57 35 19 43 30 49 26 56 22 52 41 55 28 29 42 25 18 48 47 31 23 3 1 33 34 5 4 13 27 11 58 45 50 24 44 12 38 40 54 16 53 8 9 46 14 39 17 37 10 15 0 (value : 2392)
TO   solution: 0 52 18 44 19 1 12 53 49 10 24 31 39 3 57 6 17 45 50 37 54 43 13 27 25 29 7 38 22 2 51 35 26 58 55 16 9 5 47 4 28 30 48 23 36 32 14 40 56 8 34 15 41 20 46 59 21 42 11 33 0 (value : 512)
in 0.001265 seconds (chrono time)
FROM solution: 0 40 2 37 43 18 38 7 10 27 52 11 15 57 26 45 44 12 6 19 22 55 42 32 20 25 3 53 16 36 49 33 54 13 5 28 8 21 14 4 24 41 31 34 56 51 46 47 9 29 1 17 48 35 59 39 50 30 58 23 0 (value : 2274)
TO   solution: 0 3 27 13 12 55 52 26 18 4 1 28 32 54 31 24 8 17 37 36 6 38 22 45 47 25 46 5 48 50 30 21 41 15 29 2 57 56 11 43 10 20 7 35 42 34 33 23 58 59 19 16 9 51 14 39 53 44 40 49 0 (value : 464)
in 0.001235 seconds (chrono time)
FROM solution: 0 28 2 58 25 45 59 42 8 19 47 17 37 30 14 38 50 43 51 26 7 18 33 56 41 4 52 23 1 29 3 31 55 22 6 53 49 11 24 12 32 34 44 35 36 48 46 27 21 13 15 54 10 9 16 5 20 57 40 39 0 (value : 2474)
TO   solution: 0 56 27 48 41 19 17 26 33 10 34 13 9 14 50 20 28 43 38 58 35 4 12 39 31 5 46 2 36 25 7 42 8 49 47 37 15 59 24 44 1 29 30 45 54 51 52 21 23 16 55 22 11 40 32 53 6 3 18 57 0 (value : 516)
in 0.001296 seconds (chrono time)
FROM solution: 0 57 36 3 4 52 29 43 53 56 30 50 44 46 38 11 10 42 39 33 32 18 58 25 55 41 22 27 28 1 16 12 6 21 34 35 7 2 37 59 40 9 17 13 47 45 8 5 48 54 19 24 14 51 20 49 23 15 26 31 0 (value : 2160)
TO   solution: 0 48 24 1 52 42 41 44 56 59 36 19 26 4 37 40 38 15 27 6 18 39 7 13 32 28 30 22 54 21 23 11 49 2 50 31 3 17 55 25 34 35 20 53 8 45 46 5 47 57 51 10 29 16 43 58 33 12 9 14 0 (value : 468)
in 0.001288 seconds (chrono time)
FROM solution: 0 42 11 45 57 55 8 56 17 5 47 31 21 49 20 15 34 22 18 58 29 14 12 19 43 36 4 50 37 53 16 23 6 33 26 35 46 13 9 39 30 3 25 48 44 32 52 24 41 38 2 51 40 10 54 1 59 28 7 27 0 (value : 2170)
TO   solution: 0 58 59 25 41 39 35 50 19 51 9 52 13 48 40 31 8 53 55 17 56 21 33 57 54 11 43 29 47 10 22 37 30 24 16 44 32 2 4 45 20 34 36 26 27 42 38 6 28 46 12 5 15 14 18 49 7 23 1 3 0 (value : 466)
in 0.001264 seconds (chrono time)
FROM solution: 0 29 48 13 3 15 58 12 42 46 18 43 1 6 19 14 38 11 55 24 22 7 44 53 45 37 40 36 28 21 47 25 32 33 16 35 52 41 17 57 27 8 5 23 39 56 10 30 2 49 50 34 9 20 54 31 4 51 26 59 0 (value : 2168)
TO   solution: 0 56 1 5 59 43 46 38 22 31 21 2 35 45 8 51 12 18 42 32 34 9 7 53 40 27 23 54 44 36 41 11 33 30 49 58 13 3 20 24 29 28 55 14 48 16 47 4 25 37 17 19 15 50 10 39 6 52 26 57 0 (value : 490)
in 0.001299 seconds (chrono time)
FROM solution: 0 40 45 25 26 23 52 17 16 8 9 11 34 29 7 10 48 43 30 19 50 56 22 20 18 21 15 49 28 3 44 36 4 42 12 35 37 6 27 39 57 54 33 14 47 55 13 24 38 51 59 31 5 53 2 32 46 41 58 1 0 (value : 2208)
TO   solution: 0 12 48 44 15 24 34 52 14 16 4 2 33 21 53 54 50 23 42 31 49 19 47 18 57 37 17 35 30 7 8 39 40 29 45 26 36 58 55 27 41 25 43 5 32 38 10 11 59 46 22 9 6 28 3 20 51 1 13 56 0 (value : 452)
in 0.00139 seconds (chrono time)
FROM solution: 0 24 17 3 4 21 10 37 8 31 13 6 12 45 55 46 56 51 36 19 57 48 1 42 32 53 20 30 28 9 43 38 59 49 16 41 39 23 14 34 40 18 11 35 29 7 5 47 2 33 44 50 58 15 27 26 22 54 52 25 0 (value : 2280)
TO   solution: 0 41 42 4 12 28 21 36 40 57 7 33 31 43 23 2 47 27 20 48 34 32 1 30 16 35 54 37 26 6 59 50 9 45 5 15 10 51 19 55 39 58 44 46 14 25 56 24 38 29 8 22 17 11 3 52 13 49 18 53 0 (value : 464)
in 0.001297 seconds (chrono time)
FROM solution: 0 3 23 51 10 42 27 21 24 17 44 25 59 35 15 38 52 13 26 1 22 7 48 53 58 4 55 6 29 8 39 31 16 37 14 36 54 9 50 30 40 41 56 5 19 45 33 47 18 28 2 20 46 32 49 34 11 57 12 43 0 (value : 2338)
TO   solution: 0 51 23 48 31 40 55 35 20 24 58 57 11 42 39 33 9 50 52 16 2 7 30 53 15 13 26 29 27 45 43 18 44 47 56 10 3 19 28 38 25 6 17 34 4 21 37 46 8 14 1 12 59 41 5 22 49 54 36 32 0 (value : 466)
in 0.001342 seconds (chrono time)
FROM solution: 0 37 50 3 40 41 18 25 11 5 44 2 12 13 58 17 56 21 28 47 26 7 32 51 19 10 54 49 57 15 42 24 20 35 34 46 55 6 23 53 1 8 30 43 14 45 33 31 48 4 39 59 52 38 36 9 16 29 22 27 0 (value : 1994)
TO   solution: 0 58 45 52 23 8 41 18 6 54 9 25 46 34 15 35 48 57 19 7 31 40 26 42 50 44 14 21 59 5 56 1 17 29 16 37 47 24 28 51 13 27 10 20 49 12 4 33 3 22 53 30 36 38 43 2 11 55 39 32 0 (value : 458)
in 0.001327 seconds (chrono time)
FROM solution: 0 37 2 12 33 5 8 13 56 6 21 11 50 46 49 36 54 42 44 9 7 3 22 23 31 58 14 38 32 28 51 59 30 17 48 40 10 43 55 27 1 52 24 35 16 45 53 47 41 18 15 20 19 26 29 39 25 57 34 4 0 (value : 2064)
TO   solution: 0 56 42 13 25 3 22 11 21 41 40 1 49 18 28 23 17 6 37 15 20 16 14 57 52 35 12 19 36 50 55 7 27 43 24 45 54 46 47 53 33 59 51 29 44 32 9 58 30 26 38 5 2 39 8 4 34 10 48 31 0 (value : 466)
in 0.001294 seconds (chrono time)
FROM solution: 0 1 6 37 34 42 9 18 36 46 30 11 55 21 14 10 26 54 7 47 2 48 25 27 8 52 41 24 15 50 38 57 32 19 28 12 16 3 22 39 31 4 33 45 44 43 35 58 13 51 23 20 5 40 56 49 59 53 29 17 0 (value : 2370)
TO   solution: 0 41 32 10 4 19 7 27 58 53 13 48 1 16 43 36 52 38 25 20 23 47 42 6 57 50 37 33 18 5 28 34 49 54 21 14 30 24 46 56 29 2 31 45 12 59 55 17 26 40 51 39 9 22 44 8 35 11 15 3 0 (value : 478)
in 0.001375 seconds (chrono time)
FROM solution: 0 17 43 53 26 5 1 32 50 15 10 9 7 24 29 45 16 42 18 36 6 21 20 8 12 19 41 57 28 49 4 44 30 51 34 23 14 54 13 3 37 25 59 40 58 27 35 47 48 46 11 22 31 38 33 2 56 55 39 52 0 (value : 2406)
TO   solution: 0 41 52 23 54 26 11 58 53 59 43 19 2 35 24 31 38 56 5 49 57 20 47 51 9 1 4 37 48 3 36 10 6 32 12 22 14 44 55 27 16 15 17 8 29 39 21 25 13 40 45 28 7 34 33 42 46 50 18 30 0 (value : 474)
in 0.001317 seconds (chrono time)
FROM solution: 0 14 8 50 46 43 33 31 34 27 11 5 12 13 2 57 10 1 59 25 38 3 30 18 17 28 6 53 26 37 16 4 35 29 22 32 23 21 20 19 40 15 42 49 45 39 7 48 24 47 41 51 56 9 54 55 36 52 58 44 0 (value : 2382)
TO   solution: 0 24 21 30 49 41 2 45 36 3 12 43 55 59 7 11 32 42 19 38 1 15 35 29 31 37 51 33 20 47 58 53 27 8 23 25 28 57 48 22 46 17 26 56 50 44 13 9 4 52 14 34 40 5 18 6 54 16 10 39 0 (value : 434)
in 0.001377 seconds (chrono time)
FROM solution: 0 14 20 42 4 35 49 26 8 47 29 24 44 48 43 52 16 22 34 19 50 41 12 17 5 13 40 57 58 59 30 33 11 28 25 9 21 45 10 39 31 7 37 6 55 38 2 23 18 3 36 51 15 53 54 32 27 56 1 46 0 (value : 2064)
TO   solution: 0 40 38 30 28 57 43 33 13 29 52 1 6 31 11 9 48 24 22 49 42 44 34 5 35 17 54 16 2 59 37 50 8 26 20 53 36 55 21 32 4 7 47 46 23 39 18 58 41 14 15 56 10 19 12 51 3 27 25 45 0 (value : 442)
in 0.001347 seconds (chrono time)
FROM solution: 0 2 29 26 4 10 40 37 14 25 5 11 35 28 47 49 30 18 59 21 20 31 9 42 15 39 54 7 43 1 41 45 51 33 12 8 55 19 57 32 27 36 52 46 38 6 23 44 3 24 56 17 13 53 16 48 22 50 58 34 0 (value : 2288)
TO   solution: 0 30 56 50 31 42 46 5 57 3 9 15 58 24 22 16 59 7 47 21 54 13 20 33 32 26 29 34 36 6 28 25 53 38 12 49 44 52 41 8 18 2 37 39 1 45 14 48 51 10 19 43 11 4 55 23 35 40 27 17 0 (value : 452)
in 0.001327 seconds (chrono time)
FROM solution: 0 22 1 5 56 29 51 20 33 45 31 27 21 13 7 15 16 37 26 53 59 49 8 3 34 25 18 11 28 52 46 55 32 57 41 36 14 44 38 39 47 17 54 48 30 12 43 40 50 9 19 35 23 10 6 2 4 24 58 42 0 (value : 2448)
TO   solution: 0 1 59 56 7 9 27 49 18 32 39 23 21 34 40 14 16 8 11 6 4 30 43 51 53 58 48 46 13 44 33 20 19 57 38 52 36 10 24 12 41 28 35 25 37 45 55 26 3 54 50 47 17 5 42 29 2 15 31 22 0 (value : 454)
in 0.001338 seconds (chrono time)
FROM solution: 0 1 2 44 17 36 24 11 27 9 37 7 5 34 16 20 30 8 57 3 4 19 59 33 23 15 38 29 28 35 6 26 39 53 50 47 13 10 21 51 40 25 42 43 32 45 49 14 48 54 18 56 52 58 41 55 31 46 22 12 0 (value : 2352)
TO   solution: 0 7 18 9 29 50 44 2 40 51 34 59 30 11 53 8 20 1 21 56 57 49 58 15 24 27 42 47 22 35 28 52 5 45 23 43 4 46 55 33 54 36 16 25 26 19 14 13 6 37 17 39 3 38 41 10 12 32 48 31 0 (value : 476)
in 0.001318 seconds (chrono time)
FROM solution: 0 16 53 21 6 42 38 14 17 43 30 27 51 13 31 47 54 4 32 50 1 29 7 8 46 41 26 44 48 22 49 40 57 58 3 35 34 37 33 39 18 36 23 56 25 45 10 20 11 28 12 9 52 24 2 55 15 5 19 59 0 (value : 2150)
TO   solution: 0 35 27 51 32 39 22 34 3 42 29 11 54 41 45 1 10 23 50 55 26 44 59 33 6 36 8 49 5 2 46 24 25 12 9 16 53 18 20 14 15 28 52 4 13 30 21 17 19 37 38 43 56 48 40 7 57 58 31 47 0 (value : 478)
in 0.001322 seconds (chrono time)
FROM solution: 0 6 58 22 11 9 33 4 12 20 41 38 49 57 14 50 1 19 34 54 21 23 3 5 24 25 44 10 39 29 37 27 32 59 18 16 30 26 28 31 40 13 8 55 53 45 46 56 42 36 2 47 17 7 48 43 15 52 51 35 0 (value : 2062)
TO   solution: 0 57 26 32 45 58 23 22 16 6 52 41 54 42 56 18 15 39 51 9 12 7 46 40 34 11 44 25 13 59 19 50 55 31 24 47 21 38 37 49 28 35 5 20 43 3 53 36 4 33 27 29 14 1 30 17 8 48 10 2 0 (value : 422)
in 0.001352 seconds (chrono time)
FROM solution: 0 50 2 3 17 59 47 43 56 13 53 9 40 18 29 15 28 41 45 44 20 48 52 34 24 46 26 51 36 42 30 25 19 35 21 27 39 54 16 37 38 6 49 58 23 5 22 11 33 32 7 10 31 1 55 12 8 57 14 4 0 (value : 1982)
TO   solution: 0 46 6 11 36 25 13 56 32 12 26 16 41 8 55 19 50 5 15 38 31 43 45 10 27 9 22 40 37 58 23 18 57 49 51 44 47 14 34 4 2 30 28 39 1 53 3 42 21 54 33 35 7 29 20 17 59 52 48 24 0 (value : 452)
in 0.001295 seconds (chrono time)
FROM solution: 0 1 12 51 40 28 34 2 8 3 46 14 37 13 19 10 32 39 29 30 20 15 6 54 18 5 52 27 11 36 4 31 25 33 47 41 24 23 38 16 45 55 35 26 17 49 21 7 48 58 56 50 43 44 22 9 42 53 57 59 0 (value : 2464)
TO   solution: 0 7 43 38 26 29 6 3 32 50 33 2 21 9 11 42 8 4 46 58 59 18 15 17 20 45 12 56 41 23 30 22 14 48 24 16 54 55 27 35 52 53 25 36 47 44 57 1 34 19 39 31 28 10 49 37 5 13 40 51 0 (value : 496)
in 0.001359 seconds (chrono time)
FROM solution: 0 21 39 12 4 2 6 42 50 15 19 58 34 33 14 44 37 8 36 17 1 30 48 23 31 25 5 27 28 55 46 7 29 3 26 24 10 16 56 20 32 41 47 18 40 43 35 38 11 49 9 52 59 53 54 51 45 57 13 22 0 (value : 2234)
TO   solution: 0 49 37 46 23 26 1 36 5 18 59 57 19 9 25 52 2 53 31 3 28 54 50 35 30 12 7 39 48 45 17 14 42 55 47 16 8 43 44 29 21 22 58 40 38 6 51 56 15 27 41 34 20 32 33 10 13 24 4 11 0 (value : 444)
in 0.001452 seconds (chrono time)
FROM solution: 0 21 44 58 1 5 47 55 14 7 50 43 59 49 56 15 31 17 9 36 16 4 30 53 3 23 26 29 45 42 11 41 32 25 34 51 37 27 40 39 6 35 57 8 12 28 19 22 48 38 24 10 52 13 33 46 18 54 2 20 0 (value : 2300)
TO   solution: 0 12 9 36 41 30 54 45 13 39 16 8 47 18 15 11 49 5 3 56 55 44 37 43 35 51 53 34 46 33 50 20 42 6 31 21 23 48 14 24 7 52 38 2 26 32 59 19 57 40 25 22 17 4 29 28 10 1 58 27 0 (value : 428)
in 0.001436 seconds (chrono time)
FROM solution: 0 47 16 3 17 19 6 2 9 34 43 41 46 5 29 25 50 33 18 56 54 36 22 1 30 48 40 38 28 15 32 31 35 49 14 59 37 52 27 20 39 58 10 24 11 4 53 57 7 23 44 51 45 12 55 26 8 42 13 21 0 (value : 2050)
TO   solution: 0 47 8 9 46 42 49 20 53 28 40 50 45 35 41 14 48 39 17 26 11 30 12 19 23 6 1 29 10 44 22 18 37 56 38 16 24 54 59 31 36 52 25 51 2 43 5 21 4 55 32 7 15 57 27 58 3 34 33 13 0 (value : 458)
in 0.001457 seconds (chrono time)
FROM solution: 0 51 21 44 6 9 4 1 29 46 48 35 39 23 27 12 38 33 54 26 43 53 34 3 36 25 45 58 49 32 30 28 22 16 20 18 17 37 31 59 52 41 42 11 19 24 50 47 7 55 14 57 40 8 10 2 56 5 15 13 0 (value : 2404)
TO   solution: 0 50 22 19 49 5 8 10 39 58 44 59 54 4 16 11 46 12 56 35 30 37 36 2 6 27 7 24 1 25 42 28 48 53 43 47 23 18 52 57 21 33 45 17 41 29 34 13 32 14 9 26 38 20 40 55 51 15 3 31 0 (value : 482)
in 0.001385 seconds (chrono time)
FROM solution: 0 26 18 56 37 22 6 45 8 7 55 13 17 10 27 43 28 47 53 19 20 15 39 48 40 25 38 33 23 1 30 16 31 14 9 11 29 57 3 42 24 49 4 21 12 34 46 52 36 44 50 35 32 41 59 51 5 54 58 2 0 (value : 2380)
TO   solution: 0 18 23 47 28 36 11 50 37 49 32 43 30 58 25 44 29 52 31 4 13 15 7 17 22 35 54 9 16 10 2 42 21 56 27 38 8 14 34 39 59 46 57 12 33 53 20 48 26 6 1 19 40 3 24 41 51 5 45 55 0 (value : 494)
in 0.001547 seconds (chrono time)
FROM solution: 0 12 2 56 28 58 14 7 31 34 49 36 23 13 45 15 25 17 46 21 35 19 6 1 38 29 3 22 4 33 43 8 18 54 40 11 37 44 27 20 48 41 42 9 52 5 26 30 59 16 50 47 57 32 39 55 53 51 24 10 0 (value : 2526)
TO   solution: 0 7 42 23 31 24 35 20 47 28 27 13 6 50 48 41 2 4 40 45 25 8 11 26 32 49 46 56 22 9 58 12 29 21 59 15 43 17 36 19 44 39 10 37 1 51 16 53 34 14 30 5 57 54 33 52 18 38 3 55 0 (value : 482)
in 0.001506 seconds (chrono time)
