N = 50
FROM solution: 0 44 41 6 30 24 31 43 39 9 42 11 35 12 48 34 45 8 26 14 20 21 22 2 3 36 4 27 46 1 13 37 38 28 17 7 33 5 49 18 40 32 25 10 19 16 15 47 29 23 0 (value : 1702)
TO   solution: 0 15 45 22 28 8 36 43 29 39 3 16 33 9 17 40 7 20 23 12 46 13 6 38 18 31 35 27 1 32 41 10 26 14 48 24 11 34 21 25 4 19 30 47 44 37 49 5 2 42 0 (value : 368)
in 0.001212 seconds (chrono time)
FROM solution: 0 45 36 24 15 27 46 5 8 41 22 12 13 49 1 43 32 34 17 11 9 14 10 28 38 30 35 16 18 33 23 42 3 39 37 21 7 26 47 2 40 4 31 25 48 20 6 29 44 19 0 (value : 1934)
TO   solution: 0 14 32 9 15 6 7 39 45 27 4 29 48 30 34 23 8 3 19 22 10 21 40 18 1 5 41 11 43 13 35 44 28 24 42 25 12 17 26 20 38 31 16 2 36 46 49 37 47 33 0 (value : 332)
in 0.001335 seconds (chrono time)
FROM solution: 0 20 35 4 7 33 46 2 32 48 40 14 11 31 43 42 37 39 3 8 16 10 22 18 27 28 26 45 24 36 12 30 15 5 19 44 29 34 38 21 23 41 1 6 49 13 25 47 17 9 0 (value : 1636)
TO   solution: 0 43 27 23 10 19 49 38 1 47 5 6 8 45 13 31 18 22 34 39 11 32 12 36 42 9 48 29 35 3 33 20 24 17 7 2 16 37 21 46 44 4 41 28 15 26 14 40 30 25 0 (value : 372)
in 0.001379 seconds (chrono time)
FROM solution: 0 4 22 3 47 15 34 49 40 8 7 23 24 6 44 10 16 17 45 18 13 21 27 31 9 26 43 20 28 2 14 41 32 35 11 42 36 29 19 39 37 1 25 5 30 38 46 33 48 12 0 (value : 1560)
TO   solution: 0 20 16 27 43 25 44 4 5 38 29 15 2 39 19 18 42 13 47 11 45 17 9 28 6 48 30 22 37 12 10 41 40 46 21 14 49 7 33 3 34 35 24 23 8 26 31 36 1 32 0 (value : 378)
in 0.001265 seconds (chrono time)
FROM solution: 0 48 29 35 21 40 23 16 19 34 46 26 33 7 14 10 5 12 15 8 31 42 22 17 27 43 1 18 38 36 30 25 39 2 28 32 49 13 47 3 11 24 37 20 44 45 9 4 6 41 0 (value : 1830)
TO   solution: 0 29 25 34 36 41 23 7 17 18 49 26 11 10 35 28 32 47 46 38 44 43 33 3 24 5 22 16 30 8 40 48 14 27 12 20 19 37 42 39 4 31 2 6 1 21 13 15 45 9 0 (value : 400)
in 0.001342 seconds (chrono time)
FROM solution: 0 41 27 3 24 1 2 47 14 37 4 11 35 15 9 26 16 40 8 6 30 23 42 43 36 46 22 10 32 7 18 29 12 21 45 17 39 19 38 13 5 34 28 20 44 33 48 31 49 25 0 (value : 1850)
TO   solution: 0 2 19 26 3 18 45 43 28 16 4 12 36 47 14 38 21 44 41 46 17 24 15 33 32 13 11 20 27 29 35 37 39 42 10 9 5 30 8 49 34 7 40 48 1 22 25 6 31 23 0 (value : 374)
in 0.001261 seconds (chrono time)
FROM solution: 0 1 49 42 10 27 46 25 47 17 4 28 16 11 38 15 44 12 36 2 26 21 33 23 29 48 34 8 45 9 30 22 20 13 18 7 24 19 39 14 31 41 37 43 32 6 40 3 5 35 0 (value : 1606)
TO   solution: 0 27 43 7 16 36 37 28 20 3 45 31 44 29 2 1 42 47 8 38 48 26 5 13 10 14 17 25 39 30 49 12 32 40 15 6 19 23 9 34 22 46 18 11 35 33 21 24 4 41 0 (value : 364)
in 0.001281 seconds (chrono time)
FROM solution: 0 23 2 31 22 40 6 44 9 42 20 26 3 13 41 15 25 36 45 19 10 14 7 12 24 5 18 33 34 16 30 47 32 1 28 8 48 27 4 21 29 17 38 43 35 39 46 11 37 49 0 (value : 1494)
TO   solution: 0 7 34 37 10 48 40 16 49 24 35 41 18 15 8 27 20 42 4 13 36 19 31 25 5 33 44 46 45 29 17 30 23 32 43 26 14 21 11 12 3 28 1 22 9 6 47 39 2 38 0 (value : 378)
in 0.001195 seconds (chrono time)
FROM solution: 0 36 30 35 32 40 38 44 23 7 4 39 11 18 10 21 8 17 27 43 5 46 22 41 28 26 20 49 48 42 1 12 25 37 47 19 15 29 2 31 16 3 24 34 33 45 9 14 6 13 0 (value : 1762)
TO   solution: 0 2 18 41 29 27 31 48 21 9 36 12 43 10 49 28 11 7 3 44 37 42 8 46 19 24 20 1 35 47 25 5 39 13 4 26 32 33 38 14 30 17 16 6 22 23 15 45 40 34 0 (value : 384)
in 0.001298 seconds (chrono time)
FROM solution: 0 1 12 25 4 47 39 7 38 18 3 23 13 2 8 43 16 32 34 28 46 14 30 27 36 26 24 22 49 29 20 10 17 35 6 44 15 37 11 40 5 41 45 21 33 31 19 42 9 48 0 (value : 1720)
TO   solution: 0 27 35 6 25 31 26 9 15 16 14 43 47 11 37 12 18 24 19 36 33 29 23 38 45 3 5 46 8 41 21 7 49 17 40 22 4 39 48 20 32 1 30 2 13 42 34 10 28 44 0 (value : 394)
in 0.001204 seconds (chrono time)
FROM solution: 0 1 10 12 18 11 20 2 32 17 34 22 49 36 35 44 23 4 38 8 13 37 5 6 42 30 24 27 28 25 7 26 47 14 29 9 16 33 45 3 43 41 21 40 15 19 46 48 39 31 0 (value : 1518)
TO   solution: 0 32 36 15 25 13 10 2 39 48 19 41 37 45 4 20 40 38 35 27 21 43 31 9 46 18 3 28 29 44 5 22 8 49 24 16 7 1 23 12 42 17 11 30 26 6 33 14 34 47 0 (value : 350)
in 0.001329 seconds (chrono time)
FROM solution: 0 1 14 3 4 24 43 7 8 39 33 32 21 20 47 15 16 46 38 48 5 25 40 23 9 18 6 45 17 29 30 26 37 2 19 36 28 31 12 22 13 41 49 11 42 10 35 27 34 44 0 (value : 1468)
TO   solution: 0 14 35 49 20 3 15 42 31 11 36 25 29 18 41 44 9 6 17 16 21 32 46 39 24 48 4 40 1 22 26 2 37 13 30 12 8 33 19 43 38 34 7 45 10 47 27 23 5 28 0 (value : 346)
in 0.001284 seconds (chrono time)
FROM solution: 0 30 46 11 13 37 24 19 41 28 49 43 32 14 33 15 16 17 10 7 40 47 22 38 6 12 26 27 21 35 39 25 42 45 34 2 5 1 29 31 20 18 8 44 3 4 36 9 48 23 0 (value : 1454)
TO   solution: 0 30 17 19 4 6 35 7 45 46 3 26 40 36 10 37 41 13 11 29 23 20 39 47 42 15 18 2 16 32 33 28 5 24 48 34 22 12 1 8 44 31 27 43 21 14 9 49 25 38 0 (value : 342)
in 0.001224 seconds (chrono time)
FROM solution: 0 3 19 8 22 21 12 29 18 49 45 17 16 4 46 9 2 37 30 34 13 38 43 5 41 32 11 10 40 20 33 31 25 39 35 24 36 23 1 28 15 27 7 6 42 26 44 47 48 14 0 (value : 1504)
TO   solution: 0 46 6 43 9 19 25 32 33 31 26 41 8 16 29 5 45 20 23 4 11 17 27 18 3 1 21 42 7 47 36 22 30 39 40 10 14 49 12 2 48 37 15 34 24 44 35 28 38 13 0 (value : 368)
in 0.001197 seconds (chrono time)
FROM solution: 0 3 27 10 33 4 24 9 8 17 13 48 43 40 41 15 35 20 37 26 38 16 18 6 39 25 23 46 1 28 47 42 32 29 34 7 14 5 12 19 49 21 22 31 44 2 45 30 36 11 0 (value : 1678)
TO   solution: 0 46 26 41 14 30 9 39 44 29 48 31 12 13 17 33 45 1 2 4 21 25 23 36 19 35 10 37 40 20 27 7 32 34 38 24 8 43 5 42 3 28 11 22 18 49 47 16 15 6 0 (value : 404)
in 0.001337 seconds (chrono time)
FROM solution: 0 1 30 3 25 44 46 7 43 6 31 2 8 35 4 33 18 17 38 22 49 29 36 39 45 16 21 27 26 28 23 19 14 13 40 15 5 34 37 11 20 42 41 9 10 12 32 47 24 48 0 (value : 1400)
TO   solution: 0 25 4 6 3 20 48 36 16 42 49 28 41 10 19 24 18 8 30 2 38 35 39 26 29 27 43 37 23 22 46 7 21 15 13 40 31 45 34 14 5 32 33 17 47 44 9 12 1 11 0 (value : 354)
in 0.001214 seconds (chrono time)
FROM solution: 0 7 18 17 2 15 16 6 34 10 46 23 43 13 14 41 44 30 21 8 49 32 28 35 25 5 4 9 19 37 42 38 26 33 24 40 27 36 45 39 11 3 29 31 1 20 12 47 48 22 0 (value : 1770)
TO   solution: 0 12 34 44 20 18 26 31 10 2 38 35 11 5 21 33 8 40 9 29 16 36 22 37 14 27 39 49 4 7 42 32 19 41 30 47 45 23 6 3 48 15 13 24 43 1 28 46 25 17 0 (value : 376)
in 0.002706 seconds (chrono time)
FROM solution: 0 3 9 37 22 32 21 18 49 25 44 11 39 17 46 23 16 20 2 35 1 42 19 13 10 4 27 12 14 6 8 26 7 48 41 36 33 30 38 31 29 40 34 15 47 45 28 5 24 43 0 (value : 1984)
TO   solution: 0 47 38 25 29 42 27 8 33 28 15 14 16 32 46 36 2 30 45 49 37 5 1 48 34 13 20 43 21 39 11 6 35 41 7 31 24 4 44 10 9 12 40 18 3 26 22 17 23 19 0 (value : 398)
in 0.001186 seconds (chrono time)
FROM solution: 0 34 10 27 42 1 44 29 12 40 19 37 3 13 14 6 16 33 41 11 20 9 22 46 21 2 26 31 43 7 28 32 47 24 4 39 36 25 17 48 23 38 5 15 30 18 35 45 8 49 0 (value : 1534)
TO   solution: 0 25 6 12 18 7 42 19 29 37 48 4 43 13 8 14 20 33 26 2 35 1 28 23 17 38 10 3 34 36 39 40 46 45 15 5 41 16 32 24 30 31 27 44 21 22 47 11 9 49 0 (value : 378)
in 0.001331 seconds (chrono time)
FROM solution: 0 40 14 3 4 15 28 5 16 12 20 39 9 19 47 41 35 48 8 26 13 17 21 31 24 23 45 27 38 43 34 42 32 1 6 18 7 25 22 29 2 36 33 37 44 30 46 49 11 10 0 (value : 1572)
TO   solution: 0 3 31 36 19 5 37 22 18 43 45 35 42 33 15 13 14 4 46 44 23 38 8 28 10 26 30 2 32 25 17 27 49 1 7 12 34 47 11 6 16 40 41 39 20 21 9 29 24 48 0 (value : 400)
in 0.001224 seconds (chrono time)
FROM solution: 0 17 4 48 7 43 32 18 47 16 10 37 26 35 34 30 28 38 29 31 11 5 2 23 41 27 12 25 6 1 15 39 20 22 13 42 40 3 49 46 24 33 36 19 44 45 21 14 9 8 0 (value : 1724)
TO   solution: 0 18 22 25 11 32 46 23 4 8 42 20 39 10 5 47 24 7 12 21 3 30 40 48 28 26 9 2 13 45 44 31 43 19 1 29 41 27 14 33 17 49 6 36 35 15 34 16 37 38 0 (value : 358)
in 0.001316 seconds (chrono time)
FROM solution: 0 10 24 14 29 11 31 20 37 23 3 49 33 17 18 45 38 8 7 48 26 21 22 16 2 5 25 43 15 19 1 34 28 32 40 35 47 4 46 39 13 41 44 27 42 12 9 36 6 30 0 (value : 1488)
TO   solution: 0 34 7 3 40 41 37 44 5 39 21 20 17 45 29 13 23 33 10 15 31 36 35 42 43 6 48 30 14 24 22 49 16 32 46 8 38 1 47 27 18 11 12 9 25 4 26 2 28 19 0 (value : 344)
in 0.00059 seconds (chrono time)
FROM solution: 0 18 13 3 24 9 6 2 38 31 47 32 23 15 48 7 14 17 33 20 8 22 16 40 28 25 39 27 37 46 30 4 11 1 49 10 36 42 34 44 5 21 12 43 19 35 29 41 26 45 0 (value : 1860)
TO   solution: 0 48 5 26 40 17 24 42 18 45 16 44 2 14 6 25 8 29 23 43 22 1 11 47 41 31 37 30 12 7 36 27 19 3 46 15 32 21 28 4 9 20 38 39 34 35 49 10 13 33 0 (value : 368)
in 0.001292 seconds (chrono time)
FROM solution: 0 1 2 4 40 38 6 39 35 21 10 25 32 44 37 36 45 19 17 41 13 29 14 5 49 34 26 12 22 18 9 31 15 11 8 23 33 47 16 27 42 7 46 43 3 30 20 28 48 24 0 (value : 1590)
TO   solution: 0 28 29 43 42 46 6 27 17 41 26 34 32 49 40 48 20 25 45 36 8 7 3 16 35 21 15 24 5 10 9 13 30 14 39 38 44 18 12 11 19 47 4 37 33 23 1 31 22 2 0 (value : 344)
in 0.001228 seconds (chrono time)
FROM solution: 0 36 37 27 13 5 6 3 8 26 7 11 16 12 14 15 49 31 18 41 40 32 38 4 21 44 48 25 43 47 35 1 34 28 17 24 23 29 20 39 9 10 42 30 33 45 46 19 22 2 0 (value : 1684)
TO   solution: 0 8 47 3 4 23 9 37 36 19 13 40 24 46 20 49 33 17 18 34 11 35 10 12 7 32 16 2 31 39 45 6 22 26 30 21 28 48 14 44 1 41 25 43 5 29 42 15 38 27 0 (value : 340)
in 0.001282 seconds (chrono time)
FROM solution: 0 43 45 3 4 47 13 21 29 49 25 11 38 15 30 12 16 34 6 46 42 27 1 23 7 22 9 32 28 37 40 31 41 33 18 8 36 10 5 39 44 14 20 17 2 35 48 26 19 24 0 (value : 1710)
TO   solution: 0 49 12 10 14 41 36 40 45 37 16 35 42 44 38 33 19 31 23 32 2 30 21 15 4 5 8 46 48 27 22 43 13 6 34 28 17 29 1 26 25 9 24 18 7 47 3 20 11 39 0 (value : 382)
in 0.001392 seconds (chrono time)
FROM solution: 0 1 2 45 47 7 37 18 4 3 21 13 29 11 8 19 41 49 20 22 44 42 24 23 33 28 9 12 43 34 30 31 32 5 25 15 40 26 39 6 38 16 36 46 10 35 14 48 27 17 0 (value : 1550)
TO   solution: 0 19 33 17 34 27 48 15 38 45 13 5 9 32 11 6 28 23 18 20 24 14 46 16 1 2 40 3 4 26 35 44 42 25 21 22 10 36 43 39 41 47 12 7 49 31 29 8 37 30 0 (value : 398)
in 0.001191 seconds (chrono time)
FROM solution: 0 46 1 14 45 44 6 15 18 37 27 19 38 13 3 28 7 10 4 33 9 29 30 48 5 20 26 16 25 21 24 31 2 22 34 36 43 12 32 11 8 49 42 17 40 35 23 47 39 41 0 (value : 1570)
TO   solution: 0 46 11 44 37 32 26 42 36 1 21 5 14 12 18 22 49 38 13 31 19 8 24 7 6 45 17 3 27 16 30 9 33 48 2 4 35 34 23 28 43 20 10 47 25 39 15 40 29 41 0 (value : 350)
in 0.00057 seconds (chrono time)
FROM solution: 0 17 6 39 8 13 46 7 4 27 43 34 33 40 45 15 48 1 31 22 41 30 12 37 10 32 26 47 28 16 24 21 9 23 35 29 36 25 11 3 18 5 42 49 44 19 20 38 14 2 0 (value : 1472)
TO   solution: 0 16 29 46 4 37 36 26 47 23 27 28 15 25 7 6 33 2 38 41 32 35 10 14 11 48 21 30 8 49 1 17 22 19 44 42 34 40 13 24 12 3 31 20 45 39 18 9 43 5 0 (value : 370)
in 0.000588 seconds (chrono time)
FROM solution: 0 35 29 16 46 31 20 7 42 47 10 3 18 19 14 15 2 32 38 11 43 40 44 37 25 27 23 8 5 9 30 4 17 33 34 26 28 22 24 39 12 49 13 36 45 41 1 21 48 6 0 (value : 1740)
TO   solution: 0 5 48 11 18 22 17 3 45 31 34 41 10 14 21 25 44 49 28 42 23 35 32 20 16 7 38 40 39 46 27 43 26 6 2 15 37 1 4 33 9 47 8 12 29 13 19 36 24 30 0 (value : 352)
in 0.001191 seconds (chrono time)
