N = 90
FROM solution: 0 28 41 79 43 5 88 45 68 19 21 14 1 78 89 9 50 47 10 11 48 16 12 4 24 70 36 27 46 44 29 31 77 33 64 55 84 37 6 74 61 2 52 25 63 7 38 76 85 59 86 34 32 53 66 80 65 26 58 49 60 42 62 57 15 13 54 71 35 69 51 87 72 30 3 82 73 17 67 20 40 23 75 83 56 81 22 8 39 18 0 (value : 4624)
TO   solution: 0 81 6 29 57 70 4 34 65 86 18 40 19 9 44 25 75 30 68 37 16 89 10 63 15 64 74 5 45 82 52 35 84 85 51 28 39 87 58 59 36 20 26 83 69 71 14 31 23 33 12 77 56 60 3 41 1 49 80 2 11 32 61 67 21 73 48 88 72 43 27 47 53 54 66 78 55 62 8 50 42 22 24 38 46 17 7 79 76 13 0 (value : 852)
in 0.004448 seconds (chrono time)
FROM solution: 0 74 67 17 64 25 1 7 62 33 82 37 63 27 83 23 16 84 88 30 14 35 15 55 24 81 86 45 39 29 69 10 12 76 20 68 41 42 19 72 54 66 48 18 2 52 46 38 21 49 9 51 60 31 28 75 26 87 34 5 50 61 56 53 79 43 36 58 77 80 70 71 40 59 3 73 4 78 22 44 47 6 65 13 32 85 8 57 11 89 0 (value : 5280)
TO   solution: 0 26 56 39 45 23 61 53 73 69 20 70 38 29 79 18 35 30 71 9 58 51 80 13 37 55 74 88 33 62 46 11 87 60 40 52 2 21 43 10 27 5 76 77 50 4 82 41 44 42 1 67 36 6 19 72 25 14 12 81 84 24 32 85 59 86 16 3 54 64 57 75 28 17 47 65 78 48 31 15 66 68 89 63 7 8 83 34 22 49 0 (value : 848)
in 0.004588 seconds (chrono time)
FROM solution: 0 1 23 85 22 44 10 35 8 72 64 61 38 41 49 59 16 78 3 60 19 21 86 80 57 25 65 27 37 29 62 2 75 56 71 45 11 28 31 39 40 82 6 74 69 4 52 84 48 66 50 73 7 68 30 55 67 24 58 32 63 20 18 15 42 13 17 5 87 26 33 89 9 76 53 77 88 70 14 79 47 81 46 83 51 36 43 34 12 54 0 (value : 5028)
TO   solution: 0 28 14 89 29 49 12 52 32 78 66 45 60 17 22 43 54 62 86 71 75 83 55 67 3 46 18 47 68 64 13 81 26 39 88 61 37 70 44 34 58 73 2 65 41 40 33 53 56 48 11 30 63 10 42 84 15 74 51 27 24 21 31 72 35 5 16 25 69 9 36 57 59 23 8 76 7 77 4 1 82 20 50 6 80 79 19 85 38 87 0 (value : 852)
in 0.004465 seconds (chrono time)
FROM solution: 0 43 61 3 14 19 76 58 30 50 48 7 24 79 67 26 16 15 78 41 12 25 39 17 45 27 84 2 29 34 5 68 56 69 22 77 4 37 35 75 40 57 60 9 33 1 20 88 32 42 38 66 52 53 54 63 21 47 64 59 18 71 81 8 72 65 36 85 86 82 44 23 87 73 74 62 83 46 6 55 80 28 31 70 13 89 49 10 51 11 0 (value : 5676)
TO   solution: 0 88 65 36 34 52 5 41 78 15 69 62 67 38 84 87 83 25 81 89 6 51 63 10 55 50 58 31 8 40 13 27 14 79 4 86 44 72 71 59 54 16 29 24 22 80 47 26 3 35 49 46 42 64 56 43 9 7 20 76 66 48 12 45 19 70 57 2 17 18 61 75 39 73 53 23 1 32 11 28 37 30 74 68 21 60 33 85 82 77 0 (value : 832)
in 0.004727 seconds (chrono time)
FROM solution: 0 25 20 4 77 2 22 46 60 7 58 87 41 75 6 79 16 49 32 33 26 21 51 31 1 11 43 53 28 84 30 67 29 9 86 35 13 57 74 68 40 89 14 47 59 45 70 78 19 83 8 80 66 36 42 55 5 10 39 18 69 54 62 63 81 61 37 88 24 73 56 44 72 52 15 17 65 76 34 82 48 64 3 71 12 85 38 50 23 27 0 (value : 5344)
TO   solution: 0 48 83 78 75 35 73 30 85 63 66 31 87 16 11 44 14 43 12 61 7 47 74 34 59 70 29 40 2 88 62 28 36 45 53 27 67 19 52 56 65 26 10 79 58 77 64 46 50 54 13 71 72 42 24 32 86 81 22 18 9 41 55 84 5 1 49 60 3 15 38 57 39 20 33 89 25 8 80 21 51 6 17 69 23 68 37 76 82 4 0 (value : 888)
in 0.004677 seconds (chrono time)
FROM solution: 0 55 42 21 72 12 43 63 36 27 50 81 86 70 45 29 77 17 76 52 71 20 13 79 34 88 51 80 7 49 30 56 65 84 68 25 58 53 38 39 40 62 67 14 9 85 54 74 8 26 28 46 2 60 37 1 78 57 15 4 19 16 18 69 64 22 66 11 6 3 35 59 61 73 31 75 44 24 32 33 5 48 82 83 41 23 47 87 10 89 0 (value : 5270)
TO   solution: 0 81 21 65 18 34 74 32 7 62 54 51 77 10 66 72 80 28 5 63 15 39 38 14 49 78 45 76 20 55 61 6 8 23 84 27 36 37 64 71 47 70 41 60 22 24 2 25 26 17 33 3 30 16 57 86 53 12 4 19 50 85 42 48 67 9 11 73 56 58 46 69 29 43 83 68 89 75 52 79 13 31 82 44 88 35 59 87 1 40 0 (value : 902)
in 0.004733 seconds (chrono time)
FROM solution: 0 82 21 25 87 52 36 30 13 84 86 11 4 7 31 77 43 83 18 20 46 68 19 62 72 88 29 65 28 12 78 14 33 59 34 76 5 37 44 39 50 40 35 85 10 41 22 56 38 58 51 45 81 54 32 48 1 57 64 16 61 9 8 73 49 71 3 63 69 15 6 55 66 2 74 17 47 24 89 79 80 26 53 60 67 42 75 23 27 70 0 (value : 5080)
TO   solution: 0 71 33 70 79 39 30 3 53 32 83 67 31 29 68 77 61 80 19 59 14 45 4 76 16 23 43 87 15 85 51 1 48 40 13 47 22 84 72 20 42 6 81 88 27 78 2 64 69 89 54 75 10 57 74 62 49 44 7 50 26 46 55 73 82 66 41 37 5 11 21 17 60 38 35 63 18 25 36 8 9 28 12 24 65 52 56 86 34 58 0 (value : 902)
in 0.004117 seconds (chrono time)
FROM solution: 0 11 56 3 84 5 49 47 14 16 38 62 1 13 68 36 37 17 24 66 26 87 23 43 65 25 69 83 46 64 30 31 81 80 72 51 82 12 71 77 86 41 75 88 44 45 28 7 20 73 70 39 59 15 35 29 9 57 89 74 42 67 55 76 19 8 54 34 40 85 32 48 61 50 52 18 10 21 78 79 33 58 6 2 4 22 27 53 60 63 0 (value : 5110)
TO   solution: 0 7 57 45 16 3 33 36 59 83 74 46 30 17 22 67 25 54 77 72 82 4 40 9 26 34 14 19 85 69 58 70 56 42 5 55 32 11 61 20 38 86 68 87 35 71 76 66 51 48 13 78 10 39 23 28 44 52 53 2 60 1 8 80 27 47 41 49 18 24 89 64 31 50 75 62 37 63 65 84 73 43 15 81 21 79 88 29 12 6 0 (value : 848)
in 0.003719 seconds (chrono time)
FROM solution: 0 40 82 69 7 38 47 39 8 3 80 81 45 12 86 28 77 68 49 19 20 35 83 70 24 30 34 16 15 14 67 37 32 18 33 60 36 74 17 71 1 84 79 13 44 46 51 65 56 41 2 5 52 55 11 26 54 43 58 50 63 78 89 6 64 4 66 9 27 76 22 75 73 85 57 72 31 10 23 42 48 21 61 53 59 25 29 87 88 62 0 (value : 5246)
TO   solution: 0 24 64 42 20 23 25 73 69 75 59 87 88 19 21 54 78 67 17 13 8 79 7 71 38 3 41 5 9 65 46 2 10 66 84 40 11 76 28 53 15 85 70 52 32 55 35 50 68 45 12 60 51 36 74 77 57 83 34 22 18 82 1 56 58 29 30 44 26 4 47 27 33 81 89 48 63 31 6 49 43 14 61 72 16 37 80 39 86 62 0 (value : 858)
in 0.003449 seconds (chrono time)
FROM solution: 0 1 74 18 79 65 2 58 8 36 53 62 10 51 75 19 71 14 80 73 31 21 56 87 5 76 88 27 32 86 64 20 28 25 9 29 72 78 22 60 13 4 43 34 44 26 33 17 55 67 24 48 39 12 46 70 59 54 82 38 81 52 23 11 45 41 47 61 68 49 77 66 63 15 30 69 40 37 3 16 50 6 57 83 84 85 35 42 89 7 0 (value : 5332)
TO   solution: 0 26 61 13 9 62 29 41 46 67 82 21 75 3 17 7 14 54 66 49 30 50 20 51 63 16 10 84 8 6 86 80 11 78 69 58 60 89 28 87 40 38 55 76 74 48 59 33 42 22 85 24 71 15 25 37 43 53 57 12 23 65 4 36 2 5 72 68 47 19 45 88 83 31 70 39 52 81 44 77 64 1 32 27 79 18 35 73 56 34 0 (value : 872)
in 0.003203 seconds (chrono time)
