N = 100
FROM solution: 0 6 23 3 7 54 68 74 49 37 4 14 47 76 70 48 91 17 86 79 65 21 62 2 53 27 5 41 44 12 33 31 71 39 75 15 28 87 45 57 84 11 78 29 96 38 18 66 90 16 22 95 9 98 88 64 24 73 99 43 55 56 50 8 19 46 59 42 81 69 1 63 58 40 25 34 82 85 67 61 26 35 77 52 32 36 20 92 94 89 83 60 51 93 30 10 72 97 13 80 0 (value : 7160)
TO   solution: 0 43 91 46 15 19 97 48 7 38 40 79 86 54 52 31 68 81 98 41 26 21 77 57 24 78 49 93 37 14 85 64 47 10 56 25 87 63 80 94 92 59 83 53 44 17 45 71 29 96 22 61 50 23 55 30 5 88 3 89 99 32 36 16 6 18 73 34 74 82 2 95 58 20 8 39 28 66 4 90 60 42 35 9 70 65 27 76 12 33 75 11 1 72 51 84 62 13 69 67 0 (value : 1004)
in 0.003614 seconds (chrono time)
FROM solution: 0 44 43 5 47 22 4 7 61 87 31 11 95 67 30 6 24 17 15 19 66 82 16 45 98 57 75 91 81 48 32 58 62 89 59 53 29 37 60 70 39 83 42 72 38 54 86 79 21 49 94 51 13 35 20 97 41 50 18 56 12 8 28 46 64 3 52 26 68 69 34 85 14 40 99 27 76 77 78 74 93 96 23 10 2 90 36 25 88 33 71 80 92 84 73 63 1 9 55 65 0 (value : 6836)
TO   solution: 0 95 27 96 73 55 12 45 15 48 20 30 64 97 87 39 77 8 80 61 34 82 31 62 92 9 72 32 79 88 44 84 56 24 19 1 67 53 29 22 58 75 49 25 16 14 26 90 91 42 7 93 41 69 3 37 35 13 54 71 89 4 21 11 74 94 38 51 60 59 99 63 47 36 40 17 57 76 66 78 5 6 10 68 43 81 33 50 83 70 85 18 65 28 52 86 46 98 23 2 0 (value : 1066)
in 0.003564 seconds (chrono time)
FROM solution: 0 1 2 58 78 53 94 32 42 23 10 22 83 13 96 15 24 17 14 59 71 76 88 61 60 50 84 27 73 25 87 36 85 33 47 11 12 66 38 31 72 45 8 3 44 51 46 86 26 18 37 43 75 39 35 63 98 57 99 54 80 9 62 64 41 68 19 67 52 69 70 65 40 49 92 95 34 77 74 28 97 81 82 7 48 29 30 56 20 55 90 91 89 93 16 4 21 79 6 5 0 (value : 6826)
TO   solution: 0 80 93 59 23 8 45 29 99 41 36 84 96 87 74 77 2 79 72 20 81 95 15 38 98 34 14 11 21 24 91 83 37 60 1 82 94 71 25 90 65 52 75 5 51 46 30 47 43 97 67 76 58 85 49 19 63 31 55 7 12 32 39 27 44 73 10 28 66 6 70 18 22 48 92 42 3 40 54 16 26 62 78 89 50 9 56 86 53 57 69 88 61 33 17 35 68 4 13 64 0 (value : 1046)
in 0.003525 seconds (chrono time)
FROM solution: 0 44 51 93 64 95 66 3 17 92 75 49 12 91 25 37 86 54 18 7 20 21 62 83 24 63 84 69 78 85 16 48 74 33 14 80 94 28 38 56 41 22 29 88 34 39 50 72 8 53 82 6 11 45 71 35 32 98 59 1 40 79 76 4 73 87 90 67 68 19 31 60 15 27 13 5 58 10 55 96 30 81 57 43 23 36 46 65 52 89 26 61 70 99 47 77 2 97 42 9 0 (value : 6722)
TO   solution: 0 72 85 39 56 30 17 95 59 46 32 92 70 47 3 12 96 93 10 81 83 54 87 66 94 19 52 63 62 65 73 49 23 48 71 20 28 98 33 75 61 16 5 37 31 99 53 9 35 25 22 6 36 8 67 2 51 80 86 57 69 64 91 42 41 27 40 79 4 78 24 58 74 68 89 1 88 7 45 97 11 15 50 43 90 82 60 55 14 13 84 76 26 34 29 18 21 38 77 44 0 (value : 1056)
in 0.009772 seconds (chrono time)
FROM solution: 0 1 95 30 75 44 33 91 78 19 83 23 96 86 66 69 53 62 21 82 4 3 18 15 43 87 88 10 28 37 90 22 32 77 54 35 46 56 94 8 64 41 42 50 76 45 70 47 99 79 93 51 59 80 67 40 55 57 58 71 74 14 13 63 25 39 98 68 12 48 11 73 27 97 60 38 81 29 5 17 7 52 65 34 84 92 26 20 36 9 6 85 16 49 89 31 72 2 61 24 0 (value : 7194)
TO   solution: 0 73 5 60 28 16 70 18 36 94 23 2 3 79 6 85 27 38 47 83 74 58 96 25 54 66 35 71 89 14 90 67 68 72 64 39 62 97 86 44 52 95 84 57 20 24 12 78 55 37 32 76 93 91 13 82 10 40 61 43 77 17 65 1 87 22 46 34 49 80 69 15 31 63 45 98 81 88 8 7 9 33 21 50 56 11 42 51 48 4 19 53 59 41 30 75 29 92 26 99 0 (value : 990)
in 0.004095 seconds (chrono time)
FROM solution: 0 6 40 89 4 18 95 7 46 20 56 80 99 90 81 68 10 32 65 67 43 64 37 97 29 78 60 36 91 71 72 59 55 2 34 94 86 93 41 51 11 44 28 84 26 52 76 23 16 42 73 48 13 54 57 70 63 35 77 24 74 5 62 38 14 50 66 39 45 69 12 53 98 22 31 92 21 3 83 47 15 1 82 25 79 30 27 33 88 87 49 58 75 85 19 9 96 61 8 17 0 (value : 7238)
TO   solution: 0 7 8 97 4 42 90 2 17 75 26 24 95 62 96 45 50 92 38 64 39 71 15 88 11 66 94 91 34 48 85 28 5 31 99 9 40 83 93 59 12 1 44 49 58 56 60 57 16 54 30 36 70 89 77 53 52 63 35 87 65 25 43 78 69 51 73 55 19 10 32 47 61 41 33 84 74 37 46 3 81 68 23 80 79 18 6 98 82 22 13 67 76 72 86 27 20 21 29 14 0 (value : 1032)
in 0.003568 seconds (chrono time)
FROM solution: 0 89 44 22 23 78 43 50 8 66 84 86 77 17 14 92 83 28 41 65 20 59 31 13 94 11 56 45 67 81 30 39 48 18 82 35 38 16 98 19 37 69 95 70 62 49 53 24 4 73 32 29 90 40 79 52 64 57 58 97 99 27 6 55 12 61 68 15 51 21 1 47 33 96 74 34 76 87 71 60 7 91 26 5 9 85 10 54 72 25 80 36 3 88 63 75 42 2 46 93 0 (value : 6980)
TO   solution: 0 39 20 54 58 96 12 47 64 4 40 80 16 49 23 31 34 97 88 25 6 26 22 79 73 10 29 99 50 7 17 8 71 75 82 68 81 53 18 65 55 86 43 48 5 9 90 84 3 77 28 33 56 91 44 61 11 2 52 89 62 27 67 95 72 60 78 36 14 94 59 98 45 46 41 19 66 93 21 70 37 30 63 1 74 76 83 15 35 38 85 42 69 13 87 51 32 92 24 57 0 (value : 1046)
in 0.003541 seconds (chrono time)
FROM solution: 0 1 3 85 26 53 11 4 27 19 95 81 17 66 14 6 40 68 61 9 97 5 76 45 83 36 88 23 28 13 99 16 25 62 10 67 31 21 42 34 8 72 59 43 54 7 32 37 20 49 18 55 63 38 79 52 56 93 44 92 82 58 64 35 77 65 75 51 69 87 70 89 41 73 74 39 22 12 48 57 24 80 2 94 84 33 90 30 86 91 47 50 15 96 46 71 78 29 98 60 0 (value : 6714)
TO   solution: 0 8 14 28 15 52 42 16 56 39 9 45 41 86 81 35 32 33 25 76 19 72 37 29 88 80 48 62 50 92 59 4 96 74 31 17 99 75 69 67 78 84 7 77 36 22 21 85 83 23 47 11 24 46 65 97 60 70 10 34 58 51 13 12 5 57 49 43 27 90 68 79 66 87 94 54 73 44 89 82 55 61 30 64 95 2 91 98 71 40 6 53 26 3 93 20 63 18 1 38 0 (value : 1086)
in 0.00387 seconds (chrono time)
FROM solution: 0 31 44 67 61 76 83 86 52 5 20 62 12 13 9 88 16 3 48 71 8 23 15 96 74 85 82 1 94 30 26 38 11 59 17 29 39 2 35 50 91 68 42 87 36 33 97 27 78 49 7 37 66 77 65 55 56 75 43 95 80 4 93 45 64 72 14 10 84 89 24 6 54 40 21 69 57 63 28 98 58 81 73 53 79 47 92 19 22 46 90 51 25 60 18 34 70 32 41 99 0 (value : 6928)
TO   solution: 0 50 95 82 61 98 54 18 4 79 52 19 87 85 56 1 12 23 86 81 65 27 38 34 41 88 49 51 66 91 80 74 67 46 72 32 69 58 83 73 48 20 89 70 5 29 63 76 2 9 84 31 93 90 71 16 53 59 11 28 7 60 3 92 42 24 68 57 47 39 30 55 97 78 13 37 8 33 26 36 77 35 21 14 25 94 45 62 75 17 15 99 40 22 44 6 43 10 96 64 0 (value : 1104)
in 0.003629 seconds (chrono time)
FROM solution: 0 75 56 30 25 5 29 70 8 12 18 23 39 2 17 50 7 38 51 95 86 93 74 53 84 34 42 28 27 3 61 31 43 62 37 35 49 26 96 87 40 97 83 13 44 45 68 11 10 66 1 98 52 48 88 55 36 57 58 80 15 65 79 90 41 91 72 89 6 69 19 73 59 4 24 92 63 77 78 81 46 16 71 82 33 32 76 54 22 67 64 85 14 21 20 9 47 94 60 99 0 (value : 6370)
TO   solution: 0 74 22 1 21 37 51 91 89 38 2 67 66 13 83 10 47 90 20 50 62 68 39 81 30 33 63 45 64 34 40 52 56 3 16 31 24 11 93 26 25 85 5 15 14 84 86 80 28 92 57 59 53 41 65 43 7 49 69 27 35 17 99 96 42 58 71 19 6 8 29 9 98 94 60 12 87 78 61 95 97 75 55 23 54 72 36 73 32 88 48 79 18 76 44 70 4 46 82 77 0 (value : 996)
in 0.004606 seconds (chrono time)
