N = 60
FROM solution: 0 14 1 19 55 28 35 49 47 34 41 46 52 29 26 18 39 13 48 32 6 8 36 20 27 7 31 58 45 12 51 22 38 23 24 37 9 10 59 53 16 3 50 44 43 11 4 56 40 2 17 33 54 25 57 15 30 5 21 42 0 (value : 604)
TO   solution: 0 14 54 25 57 15 30 2 40 17 33 56 4 11 5 21 42 3 16 53 59 10 9 37 24 50 44 43 23 38 22 51 12 45 46 29 52 26 18 39 13 48 32 6 8 36 20 27 7 31 58 41 34 47 35 49 28 55 19 1 0 (value : 496)
in 0.002095 seconds (chrono time)
FROM solution: 0 31 58 28 44 26 15 20 57 53 51 6 19 17 43 32 7 35 1 52 33 27 50 25 16 30 18 49 56 59 29 38 24 46 34 4 36 5 40 3 41 14 9 2 37 23 22 13 55 12 45 42 8 47 39 21 10 11 48 54 0 (value : 504)
TO   solution: 0 58 28 49 56 18 30 54 48 27 33 52 11 50 25 16 44 26 15 20 57 53 51 6 19 17 43 32 7 35 1 10 47 39 42 8 21 13 22 23 55 12 45 37 14 2 9 41 3 40 5 36 4 34 46 24 38 29 59 31 0 (value : 436)
in 0.001025 seconds (chrono time)
FROM solution: 0 57 16 58 14 28 26 45 50 2 15 4 9 23 54 5 36 44 43 18 24 56 10 35 37 20 19 53 32 17 11 21 39 41 51 59 49 12 6 46 29 55 40 38 31 33 13 25 42 3 22 47 34 30 48 7 8 1 27 52 0 (value : 596)
TO   solution: 0 52 48 30 34 27 7 8 1 59 51 41 49 21 39 11 17 32 53 19 20 37 35 10 56 42 22 3 36 44 43 18 24 25 6 12 46 40 38 31 13 33 9 23 5 54 47 4 15 2 50 45 28 26 14 58 55 29 16 57 0 (value : 522)
in 0.001094 seconds (chrono time)
FROM solution: 0 55 26 18 17 44 25 20 1 5 53 32 24 51 7 34 28 38 29 4 9 16 54 50 13 11 48 56 14 43 35 41 42 12 15 3 39 2 58 23 22 40 57 10 19 36 46 30 45 8 31 49 21 33 27 59 52 47 37 6 0 (value : 566)
TO   solution: 0 3 39 2 58 23 22 52 59 33 27 45 8 31 49 21 46 30 36 19 10 40 57 47 55 26 18 17 15 42 12 6 37 41 35 43 14 56 48 11 13 50 54 16 9 29 38 4 28 34 7 51 24 32 53 5 1 20 44 25 0 (value : 486)
in 0.001014 seconds (chrono time)
FROM solution: 0 40 53 22 14 28 1 12 29 42 17 8 24 20 21 7 38 59 31 37 33 2 6 41 25 36 46 48 49 26 10 32 55 16 52 56 35 30 23 34 15 45 4 44 50 57 27 5 58 47 54 43 19 18 51 3 39 13 11 9 0 (value : 532)
TO   solution: 0 40 53 22 14 28 24 8 29 12 1 42 17 3 51 18 19 54 43 58 47 5 4 44 50 57 27 45 34 15 23 26 10 32 55 52 16 56 35 49 48 30 25 46 36 41 2 33 37 6 31 59 38 7 39 21 20 13 11 9 0 (value : 468)
in 0.001043 seconds (chrono time)
FROM solution: 0 33 12 49 43 47 38 50 56 34 31 9 44 29 18 14 52 21 2 22 26 23 35 27 16 10 6 32 37 48 5 4 39 40 46 3 8 55 28 53 45 20 11 15 51 57 30 17 36 13 19 24 59 25 42 54 1 58 41 7 0 (value : 510)
TO   solution: 0 33 12 49 7 58 41 1 54 42 25 59 24 19 13 36 17 30 35 23 26 22 2 21 52 14 18 44 29 9 31 34 56 50 38 47 43 5 48 37 32 6 10 16 27 57 51 15 11 20 53 45 28 55 8 3 46 4 39 40 0 (value : 454)
in 0.001013 seconds (chrono time)
FROM solution: 0 36 29 1 59 9 54 6 55 4 38 25 40 43 28 26 50 41 15 21 58 31 51 47 53 57 44 22 8 2 46 24 5 32 23 13 56 39 49 33 20 37 27 17 3 16 42 30 10 14 12 52 45 7 34 18 48 35 11 19 0 (value : 556)
TO   solution: 0 1 59 9 54 6 55 4 38 40 25 43 50 28 26 41 15 58 21 31 29 51 44 8 22 5 32 13 23 56 49 39 33 20 37 27 17 42 16 3 30 10 14 12 52 45 7 34 18 48 35 11 19 2 46 24 57 53 47 36 0 (value : 496)
in 0.001098 seconds (chrono time)
FROM solution: 0 13 57 51 47 41 24 9 20 10 29 48 54 30 16 25 8 50 23 27 59 22 43 32 14 56 15 31 36 52 49 2 42 39 44 5 21 35 53 7 12 18 17 37 4 28 3 46 40 19 33 26 1 34 38 58 11 45 6 55 0 (value : 614)
TO   solution: 0 14 56 45 6 55 31 15 49 36 52 2 39 42 44 5 35 21 53 7 18 12 28 40 46 3 4 37 17 33 19 26 1 34 38 58 11 22 32 43 59 27 23 50 8 25 16 30 54 48 29 20 10 9 24 41 47 51 57 13 0 (value : 490)
in 0.001078 seconds (chrono time)
FROM solution: 0 21 32 39 55 47 46 38 36 25 27 18 3 44 22 54 59 28 2 53 52 23 45 17 49 40 12 51 15 10 58 57 26 33 56 48 1 50 43 5 34 19 8 24 20 35 11 4 31 29 6 7 42 13 41 9 37 16 30 14 0 (value : 640)
TO   solution: 0 32 39 55 47 46 38 36 18 25 27 3 44 22 54 59 42 13 41 6 29 7 31 28 4 2 53 11 35 15 51 12 49 40 17 45 23 52 14 37 30 16 10 58 57 26 33 56 48 34 5 43 50 1 19 8 24 20 9 21 0 (value : 516)
in 0.001098 seconds (chrono time)
FROM solution: 0 58 18 13 14 22 15 2 51 28 8 44 6 33 20 11 37 54 24 41 52 35 46 7 12 3 31 45 50 40 38 10 57 55 53 49 1 59 17 56 16 30 19 34 32 47 36 43 4 26 25 48 5 29 9 21 27 42 39 23 0 (value : 618)
TO   solution: 0 58 18 13 14 22 15 2 51 28 8 16 30 40 38 10 57 44 6 33 20 11 37 54 24 41 52 35 12 7 46 56 17 59 1 49 3 31 45 50 55 53 23 39 42 27 21 4 43 36 47 32 34 19 25 26 48 5 29 9 0 (value : 494)
in 0.0011 seconds (chrono time)
FROM solution: 0 33 6 12 44 34 55 59 13 4 43 30 2 58 26 19 47 17 11 27 42 23 54 21 32 24 16 48 38 40 51 53 9 37 31 46 56 50 39 49 1 14 22 25 20 18 10 29 15 8 7 3 57 28 41 35 5 36 45 52 0 (value : 600)
TO   solution: 0 56 46 31 37 9 53 49 18 25 20 1 14 22 10 29 15 7 8 45 52 35 5 36 41 28 3 57 51 40 38 48 16 47 17 11 27 42 23 54 21 19 26 32 24 58 2 30 43 4 13 39 50 59 55 34 44 12 6 33 0 (value : 488)
in 0.001093 seconds (chrono time)
FROM solution: 0 1 17 15 8 7 3 14 49 50 20 48 46 29 25 55 36 37 11 51 13 2 22 24 52 26 9 40 33 43 38 18 30 42 6 47 39 44 45 23 27 28 34 54 56 59 31 10 5 19 35 57 16 21 32 41 12 58 53 4 0 (value : 540)
TO   solution: 0 1 17 31 10 5 19 35 16 57 21 32 41 12 58 53 39 44 45 23 27 28 34 54 56 2 22 24 47 30 42 18 38 6 43 33 40 9 26 52 13 51 59 11 37 36 55 25 29 46 48 20 50 49 14 3 7 8 15 4 0 (value : 444)
in 0.00107 seconds (chrono time)
FROM solution: 0 8 9 57 37 40 48 56 17 1 54 41 53 43 36 3 52 38 10 49 39 24 45 23 2 11 21 7 31 59 18 6 46 15 55 12 44 16 33 58 34 28 25 35 51 19 20 50 22 32 47 4 27 30 29 14 13 42 26 5 0 (value : 554)
TO   solution: 0 8 9 30 27 4 47 38 52 10 49 39 11 2 23 45 24 21 7 31 18 59 32 22 50 20 19 51 35 25 28 34 58 33 16 44 12 55 15 46 6 3 36 43 53 41 54 1 17 56 48 42 29 14 13 26 5 37 40 57 0 (value : 468)
in 0.001075 seconds (chrono time)
FROM solution: 0 19 16 33 40 15 7 5 37 58 56 41 38 25 23 49 35 27 9 21 43 31 12 11 17 6 51 20 1 26 42 52 8 24 53 54 18 4 48 47 39 50 45 34 29 14 36 57 3 22 2 55 46 44 13 32 10 28 30 59 0 (value : 496)
TO   solution: 0 59 30 28 10 32 13 14 44 46 55 2 22 3 57 36 29 34 45 50 39 47 48 4 18 54 53 24 26 42 52 8 51 6 17 20 1 11 12 31 43 21 49 35 27 9 23 25 38 41 56 58 37 5 7 15 40 33 19 16 0 (value : 462)
in 0.001683 seconds (chrono time)
FROM solution: 0 53 24 12 7 34 3 33 1 16 8 29 40 47 43 4 56 15 58 55 52 44 20 6 48 17 45 50 54 31 39 5 19 14 32 18 30 49 28 27 9 38 13 59 11 42 37 21 22 26 10 46 35 36 57 41 25 51 23 2 0 (value : 572)
TO   solution: 0 56 15 43 4 47 40 8 29 1 16 33 3 34 12 7 44 20 6 48 17 45 50 54 31 39 19 14 32 18 30 28 49 27 9 38 11 13 59 42 37 26 46 10 35 21 22 5 36 2 51 25 41 57 23 52 55 58 24 53 0 (value : 498)
in 0.001471 seconds (chrono time)
FROM solution: 0 49 20 44 41 45 28 5 39 57 37 56 3 42 40 29 9 59 58 31 11 34 55 25 1 10 32 50 26 18 43 17 33 6 16 38 14 30 51 13 47 27 21 35 8 54 15 12 36 7 53 48 52 4 24 22 46 19 2 23 0 (value : 530)
TO   solution: 0 49 40 29 9 59 58 31 11 34 55 25 1 10 26 50 32 18 43 17 33 6 14 51 30 38 16 13 47 27 21 35 8 54 15 12 36 7 53 24 4 52 48 22 46 19 2 23 42 3 56 37 57 5 39 28 45 41 44 20 0 (value : 486)
in 0.001247 seconds (chrono time)
FROM solution: 0 53 47 1 52 55 17 36 16 5 54 3 44 32 31 13 48 56 39 6 35 4 38 57 45 12 15 30 41 51 9 50 28 18 37 33 2 27 34 8 19 14 11 23 49 40 58 22 29 42 7 46 10 25 20 21 24 26 59 43 0 (value : 590)
TO   solution: 0 1 52 19 14 23 49 11 40 58 22 29 7 42 46 10 25 20 21 24 26 17 36 16 5 54 3 44 30 15 12 4 38 57 45 32 31 13 48 56 39 6 35 41 51 28 50 9 43 59 2 33 37 18 8 34 27 47 53 55 0 (value : 470)
in 0.001098 seconds (chrono time)
FROM solution: 0 26 3 1 24 38 29 47 45 25 30 15 57 43 8 7 50 16 5 4 56 11 53 39 54 37 48 31 52 23 35 10 17 58 59 40 34 2 18 19 32 13 42 44 55 28 46 9 33 49 36 21 51 6 12 20 22 27 14 41 0 (value : 576)
TO   solution: 0 26 3 1 24 38 29 47 45 25 30 15 57 50 43 8 7 5 4 56 11 42 44 12 51 6 21 36 49 33 22 20 9 46 28 55 27 14 41 31 52 23 35 48 37 54 53 39 10 17 58 59 40 34 2 18 19 32 13 16 0 (value : 454)
in 0.001121 seconds (chrono time)
FROM solution: 0 11 44 33 53 57 39 17 9 23 31 45 26 28 25 29 48 22 56 58 16 36 21 55 20 51 54 50 30 3 10 14 38 24 5 35 59 43 19 6 4 18 49 34 2 32 13 47 46 8 40 12 37 52 15 41 27 7 42 1 0 (value : 550)
TO   solution: 0 1 49 18 4 6 19 43 59 46 47 35 13 32 34 2 30 10 3 14 38 24 5 37 12 40 8 52 15 42 27 41 7 50 54 16 36 21 55 20 51 58 56 22 48 29 25 28 26 45 31 23 9 17 39 57 53 33 44 11 0 (value : 486)
in 0.001124 seconds (chrono time)
FROM solution: 0 30 1 50 18 9 51 37 33 3 43 48 36 20 25 49 22 7 24 13 26 35 19 38 34 5 23 42 29 47 45 54 6 41 2 53 55 16 44 10 59 4 28 57 58 14 52 12 21 40 8 32 17 15 56 39 31 46 27 11 0 (value : 606)
TO   solution: 0 34 38 19 35 26 13 24 37 51 10 9 18 50 30 1 47 45 54 6 53 55 16 44 2 41 33 3 43 48 36 20 49 25 22 7 57 28 59 4 52 58 14 21 12 40 8 32 15 17 27 46 31 39 56 11 23 5 42 29 0 (value : 532)
in 0.001153 seconds (chrono time)
FROM solution: 0 41 47 25 17 51 32 34 13 52 18 9 42 22 56 48 24 27 59 8 46 16 19 33 53 10 12 49 5 1 4 7 44 23 50 36 40 2 58 11 43 15 45 29 31 55 20 57 38 54 28 35 14 30 26 39 3 37 6 21 0 (value : 662)
TO   solution: 0 15 34 13 52 22 42 55 31 20 29 45 14 35 28 54 38 57 30 26 39 3 21 6 37 49 5 1 4 7 44 23 50 40 36 2 58 43 11 12 10 53 33 59 27 24 8 46 16 19 48 56 9 18 32 51 17 25 41 47 0 (value : 500)
in 0.001077 seconds (chrono time)
FROM solution: 0 50 4 55 10 29 46 22 14 49 3 35 32 37 1 6 24 44 36 17 38 45 47 34 43 15 13 57 58 48 51 33 53 5 54 28 41 56 9 16 12 27 42 52 20 8 23 18 25 7 40 19 30 59 31 2 39 11 21 26 0 (value : 652)
TO   solution: 0 50 4 7 25 18 20 8 23 52 10 55 29 42 46 22 14 37 32 35 3 49 5 53 33 51 54 28 41 9 12 16 56 27 26 40 19 30 59 31 2 39 11 21 48 58 43 34 47 15 57 13 44 36 17 38 45 24 6 1 0 (value : 490)
in 0.001075 seconds (chrono time)
FROM solution: 0 45 49 20 51 34 54 13 48 19 9 43 35 21 2 56 58 26 23 40 37 27 17 22 4 5 12 30 36 33 18 8 57 53 25 59 7 46 50 52 47 38 24 55 10 39 6 44 41 32 3 1 28 29 14 11 16 15 31 42 0 (value : 656)
TO   solution: 0 49 34 51 54 37 40 23 26 42 58 56 2 21 35 43 9 19 48 13 20 31 15 36 33 18 8 57 59 25 53 7 46 50 55 10 39 6 44 41 32 3 1 24 38 47 52 28 29 14 16 11 30 12 5 4 22 27 17 45 0 (value : 506)
in 0.001054 seconds (chrono time)
FROM solution: 0 54 19 5 11 25 4 50 56 18 45 9 29 57 42 59 47 21 37 39 36 23 33 10 3 34 46 20 38 44 40 31 35 16 58 12 28 52 32 55 15 1 22 49 53 7 8 17 51 43 14 27 48 13 6 41 24 2 26 30 0 (value : 538)
TO   solution: 0 54 11 5 19 24 41 6 13 2 30 26 48 27 14 9 29 57 42 59 47 21 37 39 36 23 33 10 3 34 46 20 38 44 40 31 35 16 32 58 12 28 52 55 15 1 22 51 17 8 49 53 7 43 45 18 56 50 4 25 0 (value : 472)
in 0.00108 seconds (chrono time)
FROM solution: 0 48 35 15 33 19 23 9 39 27 28 26 36 41 31 52 5 40 12 59 21 30 42 16 45 51 6 55 56 38 49 53 50 8 47 2 25 17 46 10 18 4 11 24 29 13 54 37 22 57 34 20 44 3 58 1 43 7 14 32 0 (value : 562)
TO   solution: 0 14 7 43 1 58 3 44 13 24 29 54 37 22 57 34 18 11 4 20 10 46 25 17 2 47 8 50 53 49 38 56 6 55 51 45 42 16 32 30 21 59 12 40 31 5 52 41 36 26 9 39 27 28 23 19 33 15 35 48 0 (value : 442)
in 0.001024 seconds (chrono time)
FROM solution: 0 32 24 45 21 26 41 50 55 18 59 7 38 29 17 42 3 46 12 54 52 58 51 25 2 33 34 5 27 30 31 43 56 22 15 4 19 6 48 37 11 14 1 40 20 28 9 23 53 13 8 10 36 16 47 35 39 44 57 49 0 (value : 550)
TO   solution: 0 32 24 45 41 50 55 38 7 59 18 29 17 26 21 39 44 49 57 42 3 46 12 54 52 58 51 22 25 5 2 33 34 56 43 31 30 27 15 4 19 37 6 48 11 14 1 40 20 28 23 9 53 13 8 10 36 16 47 35 0 (value : 496)
in 0.001048 seconds (chrono time)
FROM solution: 0 36 26 51 35 21 3 41 38 54 2 18 9 6 20 31 15 40 32 30 56 22 43 45 58 57 53 17 29 34 49 42 14 7 28 12 24 50 4 11 23 13 47 37 52 5 1 59 55 27 16 33 46 10 8 25 48 44 39 19 0 (value : 534)
TO   solution: 0 36 21 8 25 3 41 20 38 54 2 9 18 31 40 15 32 30 56 22 6 48 44 39 19 43 45 58 57 53 17 29 34 7 14 42 49 28 12 24 50 4 11 23 47 13 37 52 5 1 59 55 27 16 33 46 10 35 26 51 0 (value : 446)
in 0.001018 seconds (chrono time)
FROM solution: 0 10 34 27 24 3 15 44 51 39 22 49 12 41 32 5 59 33 28 31 14 6 4 43 35 19 9 53 48 55 47 7 26 52 56 18 46 21 42 13 23 38 11 36 16 30 8 58 45 17 2 25 1 50 20 40 54 29 37 57 0 (value : 596)
TO   solution: 0 34 27 24 3 49 22 15 44 51 39 11 38 23 13 42 21 25 2 17 8 30 16 36 37 57 58 45 50 20 29 54 40 1 46 18 19 35 43 4 56 9 53 48 55 47 7 52 26 6 14 31 28 33 59 5 32 41 12 10 0 (value : 480)
in 0.001043 seconds (chrono time)
FROM solution: 0 51 35 23 36 38 13 11 58 43 5 2 27 46 47 45 7 42 26 49 3 24 29 12 39 37 17 21 28 8 18 10 25 19 15 31 14 55 16 33 48 54 53 30 1 40 22 44 4 56 57 32 59 6 34 50 20 52 41 9 0 (value : 506)
TO   solution: 0 51 9 34 20 50 52 41 6 59 32 54 53 30 1 40 56 22 4 44 57 27 48 2 46 47 45 49 26 42 7 24 3 29 12 39 28 21 17 37 8 18 10 25 19 15 31 14 55 16 33 5 43 58 11 13 38 36 23 35 0 (value : 462)
in 0.001066 seconds (chrono time)
FROM solution: 0 34 46 22 49 16 32 9 7 37 59 25 29 12 11 2 58 38 1 27 31 44 54 40 8 33 50 39 55 17 48 5 20 35 47 56 3 21 10 36 57 45 15 6 13 28 24 26 4 19 30 23 43 51 52 42 53 41 18 14 0 (value : 502)
TO   solution: 0 25 12 2 11 58 38 1 27 31 44 54 40 8 33 50 39 55 17 48 5 20 35 47 56 3 21 10 36 57 45 15 28 13 6 14 18 41 53 42 30 23 52 51 43 19 4 24 26 49 16 32 9 7 37 59 29 34 46 22 0 (value : 438)
in 0.001032 seconds (chrono time)
