N = 60
FROM solution: 0 33 9 47 55 43 6 14 22 56 34 11 51 15 57 13 20 19 18 17 48 2 31 24 38 16 45 30 54 29 35 52 42 46 40 28 10 37 7 25 21 8 4 44 5 12 53 27 39 49 23 32 41 3 36 50 58 26 59 1 0 (value : 2786)
TO   solution: 0 14 41 46 29 52 45 12 54 25 57 15 30 2 40 17 4 56 33 51 38 23 22 11 5 21 43 3 42 16 53 59 10 9 50 44 24 37 48 32 13 39 26 18 8 6 36 20 27 7 31 58 34 47 35 49 28 55 19 1 0 (value : 496)
in 0.001922 seconds (chrono time)
FROM solution: 0 50 58 3 20 5 13 53 43 28 8 48 52 47 29 42 40 56 32 30 27 9 10 22 24 33 2 25 4 44 41 11 7 1 59 46 19 23 36 51 6 37 34 17 14 45 15 35 18 49 26 31 38 39 54 55 21 16 57 12 0 (value : 2328)
TO   solution: 0 31 29 24 38 59 49 56 18 16 25 50 30 54 48 27 33 11 52 1 35 7 32 10 47 39 42 8 21 13 22 23 55 12 45 37 2 9 14 41 3 40 5 36 4 34 53 51 6 43 17 19 57 20 46 15 26 44 28 58 0 (value : 452)
in 0.002123 seconds (chrono time)
FROM solution: 0 15 2 48 54 24 56 7 57 43 55 18 46 3 49 27 12 14 45 30 20 44 28 47 17 8 26 19 42 34 5 58 32 9 1 41 38 37 36 22 40 11 33 29 21 39 25 10 16 35 50 51 23 13 4 53 31 6 52 59 0 (value : 2578)
TO   solution: 0 57 16 58 14 26 28 55 29 46 40 38 31 45 50 4 15 2 9 47 54 23 5 22 3 36 44 43 18 33 13 25 24 56 42 10 35 37 20 19 53 32 17 11 39 21 6 12 49 41 51 59 1 8 7 48 27 34 30 52 0 (value : 508)
in 0.002051 seconds (chrono time)
FROM solution: 0 4 27 3 1 57 38 25 8 39 49 17 30 19 12 50 43 37 52 6 20 41 22 16 55 33 9 35 28 48 5 26 36 31 15 47 51 44 40 10 29 46 21 11 23 45 32 14 2 42 18 34 7 53 54 13 56 24 58 59 0 (value : 2436)
TO   solution: 0 55 26 18 12 6 37 41 42 15 4 38 29 9 16 54 50 13 11 48 35 43 14 56 33 27 45 8 31 49 21 46 30 36 19 52 10 40 57 47 3 39 2 58 23 22 1 59 5 53 32 24 51 7 34 28 20 44 17 25 0 (value : 484)
in 0.002674 seconds (chrono time)
FROM solution: 0 52 11 15 38 58 6 45 8 1 53 56 55 13 2 48 16 33 5 12 9 21 36 17 39 4 43 10 35 29 47 46 32 37 34 25 42 3 41 24 40 54 27 59 44 28 26 14 20 50 19 51 7 49 23 31 57 18 30 22 0 (value : 2586)
TO   solution: 0 9 11 13 6 2 33 37 31 59 38 7 39 21 20 24 8 29 12 1 42 17 3 51 18 19 54 43 4 44 50 57 27 52 16 55 32 56 10 23 26 49 48 35 30 25 41 36 46 15 34 45 5 58 47 22 53 28 14 40 0 (value : 470)
in 0.001808 seconds (chrono time)
FROM solution: 0 38 52 42 16 6 40 8 55 39 24 1 22 13 20 4 41 17 19 57 34 21 3 54 10 25 58 49 28 43 51 47 14 12 2 35 30 31 46 59 23 5 32 48 56 37 53 45 33 44 18 36 50 11 29 15 27 9 26 7 0 (value : 2168)
TO   solution: 0 33 49 12 5 48 47 43 1 7 58 41 54 50 38 56 34 31 9 59 42 25 24 19 13 36 17 30 35 22 26 23 2 21 52 14 18 29 44 6 16 27 57 51 15 10 11 32 37 4 46 3 8 20 53 45 28 55 39 40 0 (value : 488)
in 0.001619 seconds (chrono time)
FROM solution: 0 51 39 41 36 40 53 47 23 42 10 49 34 56 43 27 17 3 30 58 20 18 22 32 13 1 29 50 44 21 5 37 28 31 4 35 16 25 54 7 24 19 11 45 8 59 57 38 15 9 52 26 55 6 48 12 46 33 2 14 0 (value : 2178)
TO   solution: 0 36 47 53 57 24 46 2 8 22 44 51 29 31 21 58 15 41 13 23 32 5 56 39 49 19 11 33 20 37 35 48 18 34 7 42 16 3 30 10 45 52 12 14 27 17 50 26 28 43 25 40 38 4 55 6 54 9 59 1 0 (value : 486)
in 0.001812 seconds (chrono time)
FROM solution: 0 39 28 24 18 5 2 7 9 30 55 44 8 46 1 13 22 3 15 12 20 32 41 33 50 51 40 48 26 56 49 27 37 34 53 31 16 10 23 43 11 35 38 14 45 57 25 47 58 54 21 17 52 42 29 19 6 4 36 59 0 (value : 2542)
TO   solution: 0 13 57 51 47 32 22 43 9 24 41 10 20 29 48 30 16 59 25 8 27 23 50 34 38 11 58 19 33 26 1 54 17 37 18 12 28 4 3 46 40 5 35 21 53 7 2 44 42 39 36 52 49 15 31 55 6 45 14 56 0 (value : 490)
in 0.001542 seconds (chrono time)
FROM solution: 0 7 54 3 58 29 31 17 19 18 48 24 16 11 4 10 46 6 40 13 34 20 39 37 5 52 26 49 43 45 22 2 32 33 21 35 28 12 38 25 47 42 51 57 41 23 27 44 15 59 50 9 8 30 1 55 56 36 14 53 0 (value : 2576)
TO   solution: 0 32 19 1 50 43 5 34 48 56 33 26 57 58 10 15 45 17 40 49 12 51 30 16 37 14 23 52 53 2 4 28 59 22 54 3 44 7 6 29 31 41 42 13 18 36 25 27 11 35 9 20 24 8 39 55 47 46 38 21 0 (value : 508)
in 0.001791 seconds (chrono time)
FROM solution: 0 10 2 59 45 35 6 7 8 16 3 25 48 4 13 58 49 42 11 22 20 33 57 12 24 28 26 50 52 31 30 18 19 32 36 5 9 38 21 39 46 27 43 29 44 37 34 47 1 55 53 40 23 51 54 41 56 14 15 17 0 (value : 2000)
TO   solution: 0 9 18 13 28 51 2 15 22 14 29 5 48 26 25 19 34 32 47 36 43 4 21 27 42 39 23 1 59 49 53 55 30 16 8 44 6 33 20 57 10 38 40 50 45 31 3 17 56 46 7 12 35 52 41 24 54 37 11 58 0 (value : 494)
in 0.002051 seconds (chrono time)
FROM solution: 0 33 2 53 7 36 43 24 17 58 46 11 45 35 51 19 57 30 56 3 15 48 26 23 4 38 5 47 27 29 6 34 14 9 49 32 21 50 41 39 25 42 22 1 44 18 16 31 20 12 54 8 52 40 28 55 13 10 37 59 0 (value : 2272)
TO   solution: 0 33 6 34 12 44 16 47 17 19 26 58 2 13 4 43 30 24 32 54 21 23 42 27 11 35 52 45 8 7 15 29 57 3 28 41 5 36 48 38 40 51 37 9 53 10 22 14 1 25 20 18 49 31 46 56 39 50 59 55 0 (value : 500)
in 0.001786 seconds (chrono time)
FROM solution: 0 23 2 44 17 33 39 7 5 14 10 4 12 35 20 15 52 6 31 34 26 25 53 13 40 56 9 27 11 55 16 28 1 21 38 54 29 37 3 47 50 30 42 43 36 22 8 19 51 49 46 24 48 59 18 41 58 57 45 32 0 (value : 2458)
TO   solution: 0 4 15 8 7 3 14 49 50 20 48 29 46 25 55 36 37 51 11 59 13 52 24 2 22 23 45 39 47 26 9 40 33 43 6 38 18 30 42 53 58 41 32 21 16 57 35 5 10 19 12 44 27 28 56 54 34 31 17 1 0 (value : 456)
in 0.001716 seconds (chrono time)
FROM solution: 0 14 10 47 49 48 6 17 38 9 53 31 7 39 18 59 8 5 20 1 25 13 37 2 23 50 22 27 28 29 15 43 16 26 32 58 44 56 51 12 46 52 41 24 40 33 4 42 54 3 11 45 36 55 19 34 21 35 57 30 0 (value : 2168)
TO   solution: 0 8 30 27 4 47 10 49 39 11 24 45 2 23 18 59 31 7 21 6 53 12 55 15 46 32 22 50 20 19 51 35 25 28 34 58 29 42 14 13 26 5 33 16 44 56 17 1 54 41 43 36 3 52 38 9 57 48 37 40 0 (value : 490)
in 0.001922 seconds (chrono time)
FROM solution: 0 33 31 10 18 56 44 39 3 45 52 11 35 21 17 53 16 51 36 47 58 19 15 50 24 6 49 27 23 38 28 12 32 14 22 9 13 46 29 7 54 41 57 30 2 42 48 37 40 5 20 4 25 43 26 55 1 34 8 59 0 (value : 2138)
TO   solution: 0 59 30 28 10 32 13 14 29 34 45 50 36 57 3 22 44 46 2 55 39 47 48 18 4 54 53 24 1 20 26 42 52 8 51 6 17 11 12 31 43 21 41 56 58 37 5 7 15 40 33 19 16 38 25 23 49 35 27 9 0 (value : 466)
in 0.001933 seconds (chrono time)
FROM solution: 0 54 25 43 57 39 1 50 8 31 37 4 15 18 7 55 2 45 3 46 21 19 49 27 30 53 58 24 48 23 5 51 32 22 38 52 14 56 20 34 6 47 9 10 44 17 16 11 28 13 33 42 41 12 35 36 40 29 26 59 0 (value : 2258)
TO   solution: 0 53 24 12 34 3 7 44 54 50 45 17 48 20 6 33 16 1 8 29 11 13 42 59 38 9 28 49 27 37 26 46 10 35 21 22 18 30 32 14 19 5 39 31 23 57 36 2 41 25 51 52 55 58 56 15 43 40 47 4 0 (value : 478)
in 0.002149 seconds (chrono time)
FROM solution: 0 21 8 3 4 38 1 15 19 17 10 24 50 13 20 42 11 18 56 44 52 28 22 53 40 33 26 46 43 16 49 7 25 32 29 30 39 14 2 5 23 41 9 54 51 37 35 27 48 36 6 58 12 47 55 45 34 57 31 59 0 (value : 2476)
TO   solution: 0 49 20 57 37 56 3 40 42 23 2 19 46 29 34 55 26 50 32 18 43 17 10 1 25 11 31 58 59 9 22 48 52 4 24 53 7 36 15 54 12 35 8 21 27 47 33 6 13 16 38 30 14 51 39 5 28 44 41 45 0 (value : 480)
in 0.001767 seconds (chrono time)
FROM solution: 0 16 4 33 10 59 6 23 41 57 20 47 35 55 8 5 32 43 22 18 49 26 24 53 17 25 28 27 15 46 30 31 21 39 34 51 38 19 58 1 40 36 7 44 54 42 2 50 48 14 37 13 52 3 45 11 29 9 56 12 0 (value : 2286)
TO   solution: 0 52 1 19 14 23 11 49 22 40 58 7 42 29 10 46 25 20 21 24 26 36 17 16 5 54 3 13 44 30 15 12 4 38 57 32 31 45 48 6 35 39 56 8 34 41 51 28 50 9 43 18 37 33 59 2 27 47 53 55 0 (value : 464)
in 0.001863 seconds (chrono time)
FROM solution: 0 1 53 8 45 39 52 41 42 58 16 35 4 28 23 33 12 17 10 6 32 36 56 29 24 2 13 25 43 46 26 55 21 31 34 44 15 19 38 37 40 11 3 20 51 27 5 14 48 54 7 47 30 50 59 49 22 57 18 9 0 (value : 2396)
TO   solution: 0 16 5 4 56 11 42 44 12 51 6 21 36 49 33 22 20 9 46 28 55 27 14 48 37 54 53 39 10 35 31 41 52 23 17 58 59 40 34 2 18 19 32 13 3 1 24 38 29 47 45 25 30 15 57 7 8 43 50 26 0 (value : 468)
in 0.002032 seconds (chrono time)
FROM solution: 0 29 51 16 33 55 59 54 4 3 45 34 12 19 38 57 37 2 42 13 48 27 49 21 47 46 1 32 39 14 5 22 18 40 11 31 36 17 15 24 8 41 7 30 44 10 6 23 20 26 50 28 52 43 53 9 35 25 58 56 0 (value : 2386)
TO   solution: 0 18 49 30 3 10 14 2 34 32 13 35 59 43 19 4 6 46 47 5 24 38 37 12 40 8 52 15 42 41 27 7 55 20 51 58 56 48 22 54 16 36 21 50 17 9 23 31 53 1 39 57 45 26 28 25 29 33 44 11 0 (value : 504)
in 0.002139 seconds (chrono time)
FROM solution: 0 1 29 7 22 5 34 45 59 6 28 47 12 55 14 26 51 56 20 19 3 21 40 16 50 36 37 57 25 13 30 33 8 42 17 44 43 41 24 39 35 15 23 11 27 10 46 38 31 49 4 32 2 53 54 52 9 48 58 18 0 (value : 2464)
TO   solution: 0 29 42 23 5 34 38 15 17 32 19 35 51 37 26 24 13 8 40 12 21 56 11 39 31 46 27 52 58 14 4 59 28 57 7 22 49 25 20 36 48 43 3 33 41 2 44 16 55 53 6 54 45 10 9 18 50 47 1 30 0 (value : 520)
in 0.00198 seconds (chrono time)
FROM solution: 0 42 24 6 1 5 26 55 40 21 57 33 56 11 14 15 25 8 10 52 20 9 50 47 37 3 43 27 23 17 2 31 38 28 34 35 13 49 18 16 44 4 12 7 53 29 30 19 48 39 22 51 45 46 54 58 41 32 36 59 0 (value : 2294)
TO   solution: 0 47 41 25 16 46 8 19 48 24 27 33 53 43 58 11 2 36 40 50 23 44 7 1 5 4 21 6 3 26 39 30 37 49 12 10 59 55 31 20 57 38 54 28 35 14 45 29 56 9 42 22 52 13 15 34 32 18 51 17 0 (value : 492)
in 0.001955 seconds (chrono time)
FROM solution: 0 45 25 52 33 51 54 50 40 2 19 56 8 13 16 55 26 43 31 38 57 32 22 35 53 59 46 30 3 1 15 4 12 23 27 9 29 37 17 44 28 41 58 47 21 18 49 5 34 39 7 42 20 48 11 14 6 24 36 10 0 (value : 2128)
TO   solution: 0 50 4 55 10 29 37 32 35 3 49 14 22 46 42 52 7 25 18 20 8 23 16 12 9 56 41 27 28 40 26 59 31 2 11 39 30 19 54 5 53 33 51 48 21 58 43 34 47 15 57 13 44 36 17 38 45 24 6 1 0 (value : 514)
in 0.002004 seconds (chrono time)
FROM solution: 0 1 39 40 52 5 23 3 8 49 10 36 12 11 14 34 29 17 32 28 47 19 22 57 27 37 26 13 43 18 25 31 50 33 41 38 59 30 9 54 2 42 21 51 20 4 46 6 24 53 35 48 16 44 45 55 15 7 58 56 0 (value : 2470)
TO   solution: 0 17 27 22 4 5 12 30 11 16 14 8 57 29 28 52 47 38 24 1 3 32 41 44 6 39 10 55 50 46 7 53 25 59 18 33 36 15 31 48 19 9 43 35 21 2 42 58 56 26 23 40 37 54 13 20 51 34 49 45 0 (value : 514)
in 0.002116 seconds (chrono time)
FROM solution: 0 1 52 55 4 22 54 6 31 19 35 16 34 50 12 15 33 17 18 38 49 44 2 23 10 24 57 42 5 11 32 36 37 41 25 30 47 14 58 21 40 43 7 20 51 3 27 8 59 9 46 29 13 53 26 45 56 48 28 39 0 (value : 2550)
TO   solution: 0 54 19 5 41 24 6 13 14 27 48 3 46 20 34 2 26 30 38 44 40 31 35 16 58 12 28 52 55 39 32 36 23 10 33 37 21 47 59 42 57 29 9 45 17 51 15 1 22 49 8 53 7 43 18 56 50 4 11 25 0 (value : 476)
in 0.001964 seconds (chrono time)
FROM solution: 0 25 42 17 58 44 6 14 10 46 40 4 12 8 35 47 56 48 57 23 20 5 37 9 26 18 31 27 16 22 15 38 13 39 34 11 21 32 52 30 59 24 45 29 43 54 1 7 36 49 50 51 41 53 28 55 2 3 19 33 0 (value : 2350)
TO   solution: 0 7 14 26 36 41 31 52 5 43 1 58 3 44 13 54 37 22 57 34 17 25 2 47 8 50 53 49 38 56 55 6 51 45 42 16 32 30 21 59 12 40 28 27 39 9 23 20 46 10 18 4 11 24 29 15 19 33 35 48 0 (value : 462)
in 0.001848 seconds (chrono time)
FROM solution: 0 18 29 54 46 38 59 32 25 7 2 3 8 13 22 4 16 33 9 19 23 40 24 52 12 27 11 49 28 6 30 51 58 53 34 37 50 57 44 31 26 41 47 20 35 45 39 42 14 1 21 17 43 15 48 56 10 36 55 5 0 (value : 2218)
TO   solution: 0 35 47 16 36 44 10 8 49 57 42 3 46 12 54 5 2 33 34 25 51 58 52 23 9 53 13 28 20 40 1 14 11 22 15 48 6 37 19 4 43 31 30 27 56 29 17 18 59 7 38 55 50 41 26 21 45 39 24 32 0 (value : 496)
in 0.001808 seconds (chrono time)
FROM solution: 0 33 52 2 34 4 35 36 8 25 3 42 20 5 29 57 58 43 40 6 37 13 39 48 24 46 53 45 26 28 16 21 30 19 22 15 9 12 59 49 56 17 11 31 44 27 1 47 32 51 50 10 18 41 55 54 38 14 23 7 0 (value : 1998)
TO   solution: 0 51 26 35 10 46 33 16 27 55 59 1 5 52 37 4 11 23 13 47 24 12 28 50 42 14 7 34 29 49 17 53 57 58 45 43 19 39 44 48 6 22 56 30 32 15 40 31 18 9 2 54 38 20 41 3 25 8 21 36 0 (value : 438)
in 0.001642 seconds (chrono time)
FROM solution: 0 37 7 38 36 20 42 5 34 18 10 50 9 41 53 31 58 30 2 19 32 14 23 40 28 29 26 27 15 52 59 13 11 33 51 4 22 3 8 44 45 43 16 6 1 48 46 35 12 24 49 57 25 39 54 55 56 47 21 17 0 (value : 2502)
TO   solution: 0 10 59 33 28 31 14 6 4 56 9 53 48 55 47 52 26 7 29 54 40 20 50 45 17 8 58 57 37 30 16 36 11 38 23 13 42 21 25 2 1 46 18 19 35 43 5 32 41 12 24 3 15 44 51 39 22 49 27 34 0 (value : 480)
in 0.001685 seconds (chrono time)
FROM solution: 0 55 36 10 13 11 23 25 46 42 58 33 54 59 52 5 48 57 21 19 20 43 1 41 32 45 17 27 22 29 30 26 28 18 34 35 39 8 38 37 14 9 4 24 47 7 53 44 40 49 51 56 31 2 50 12 3 6 15 16 0 (value : 2296)
TO   solution: 0 11 58 55 14 19 31 15 18 37 17 21 28 29 12 39 8 10 25 16 33 49 26 42 3 24 7 45 47 46 2 27 57 44 4 22 56 40 1 30 53 54 32 59 6 34 41 52 50 20 23 36 38 13 35 51 9 48 5 43 0 (value : 466)
in 0.001637 seconds (chrono time)
FROM solution: 0 16 45 58 11 59 9 32 25 5 26 8 51 2 34 42 7 19 12 6 20 33 41 57 28 43 47 27 24 31 46 54 23 14 21 15 37 36 1 40 30 4 18 10 22 44 52 39 48 50 49 35 38 29 17 55 56 13 3 53 0 (value : 2288)
TO   solution: 0 17 48 55 39 50 33 8 40 54 44 27 1 38 58 31 2 11 12 25 59 37 16 32 9 7 52 51 43 23 4 19 30 42 53 41 18 14 45 57 36 10 21 3 35 20 5 47 56 15 6 13 28 24 26 49 22 46 34 29 0 (value : 438)
in 0.0016 seconds (chrono time)
