N = 100
FROM solution: 0 1 30 14 85 98 26 96 88 74 55 50 37 54 94 15 82 81 86 43 20 46 27 23 99 89 6 4 25 61 7 64 21 33 34 12 36 90 45 39 9 42 72 79 17 62 24 2 93 78 3 47 52 75 40 18 56 95 53 73 58 11 5 63 60 29 66 13 28 38 77 71 44 16 65 51 67 32 59 19 35 87 80 69 22 70 76 41 8 10 68 91 92 57 48 31 49 97 84 83 0 (value : 6388)
TO   solution: 0 8 57 31 85 79 44 21 28 82 75 71 37 24 34 11 93 50 6 26 20 30 47 16 91 32 77 22 36 14 29 64 69 2 1 96 43 12 62 39 59 40 65 81 5 54 13 63 74 25 90 88 4 83 89 72 95 45 42 70 41 87 60 97 48 84 92 80 46 99 56 86 35 33 10 23 76 67 78 27 61 3 7 94 19 15 17 58 98 66 9 73 53 68 49 51 52 18 55 38 0 (value : 1002)
in 0.003521 seconds (chrono time)
FROM solution: 0 19 2 63 75 83 6 11 20 59 10 81 13 78 38 21 16 82 97 30 18 3 48 87 9 68 1 44 33 96 77 31 17 25 34 60 66 80 71 26 40 73 29 23 37 45 15 47 76 22 72 58 41 53 93 55 4 57 92 24 7 61 86 84 49 65 85 28 90 79 39 70 54 74 98 8 32 5 52 43 64 42 14 12 27 50 62 67 88 89 69 35 46 36 94 51 95 56 91 99 0 (value : 6612)
TO   solution: 0 1 12 64 67 44 10 50 73 34 26 53 71 30 63 57 42 91 13 6 86 88 43 98 21 84 96 40 46 87 58 89 2 24 70 54 80 82 77 9 62 59 3 38 18 85 94 35 19 68 39 65 11 56 36 92 97 15 22 49 69 17 41 16 78 27 81 93 48 14 95 25 74 47 72 51 83 23 20 5 99 33 37 75 31 4 52 45 8 55 79 76 28 32 7 29 61 90 60 66 0 (value : 990)
in 0.003466 seconds (chrono time)
FROM solution: 0 16 2 46 40 77 71 52 53 9 75 44 26 22 30 67 29 23 17 99 12 43 86 18 24 14 11 6 39 1 92 50 32 76 51 35 45 79 78 97 96 33 7 5 10 48 15 28 81 63 65 34 8 83 95 73 56 85 38 62 60 61 90 55 94 59 66 88 80 93 36 58 84 31 74 91 64 98 19 37 57 70 25 4 72 3 42 87 47 21 41 13 68 69 20 54 49 89 82 27 0 (value : 6426)
TO   solution: 0 31 40 41 28 61 17 97 42 70 1 82 11 64 95 8 13 59 3 33 67 18 91 52 99 83 7 87 23 24 71 19 47 22 15 58 48 79 69 94 84 77 20 2 81 26 36 50 76 56 65 4 98 88 43 34 9 14 44 92 37 66 25 85 21 35 12 51 74 68 57 32 62 78 90 45 30 46 73 6 89 39 38 75 96 53 55 10 72 5 29 60 93 63 54 80 49 86 27 16 0 (value : 1014)
in 0.007797 seconds (chrono time)
FROM solution: 0 1 7 18 12 94 8 5 22 56 71 62 85 89 82 17 50 39 35 98 61 40 3 93 64 13 90 33 28 29 92 88 19 31 10 43 66 34 38 15 68 41 67 44 36 99 46 47 21 69 16 87 59 53 26 23 30 20 80 52 14 54 32 63 60 27 76 11 77 57 45 96 72 74 65 75 51 79 55 25 58 24 4 83 6 73 86 70 81 84 42 91 37 48 2 95 49 97 78 9 0 (value : 7244)
TO   solution: 0 40 19 90 27 64 8 56 35 71 70 37 46 52 79 53 57 2 95 34 22 67 33 72 15 9 69 89 78 43 73 16 88 20 76 68 28 60 93 25 59 47 17 58 84 62 14 83 41 81 24 86 11 50 65 91 54 13 3 98 21 55 75 42 18 44 5 30 29 45 48 61 99 1 38 82 7 94 74 51 10 87 66 63 49 23 12 96 32 4 26 77 80 97 36 31 39 85 6 92 0 (value : 1012)
in 0.006258 seconds (chrono time)
FROM solution: 0 95 11 40 79 39 43 6 30 80 96 90 7 54 50 15 31 84 48 19 14 16 99 56 61 25 46 9 67 47 75 17 72 71 8 23 66 98 12 60 78 5 65 55 27 26 41 38 94 87 20 4 24 68 92 57 3 2 74 18 22 85 13 49 58 32 36 45 86 63 59 33 53 51 64 44 76 77 83 73 34 28 69 42 70 35 29 10 88 21 62 91 82 93 52 37 89 97 1 81 0 (value : 6598)
TO   solution: 0 92 52 9 70 82 50 59 85 49 69 35 95 60 57 65 30 17 99 81 91 14 98 40 21 28 72 48 16 43 8 94 2 11 18 78 75 25 74 38 93 37 32 88 15 3 89 10 66 1 19 71 55 54 56 36 41 6 90 46 53 31 73 58 45 67 39 68 23 5 47 61 22 86 97 33 26 80 24 13 83 4 62 42 7 34 84 96 27 12 64 44 87 63 51 77 20 29 76 79 0 (value : 1030)
in 0.003883 seconds (chrono time)
FROM solution: 0 39 79 13 53 90 99 21 8 69 37 29 30 4 14 41 11 96 52 84 26 12 40 23 42 51 94 85 47 80 24 17 32 72 55 35 36 46 62 82 65 81 66 15 38 45 78 28 74 97 87 76 92 16 54 50 56 88 2 61 95 49 98 22 89 7 43 67 68 58 1 27 5 33 48 75 63 83 10 57 44 18 77 3 19 64 6 60 91 59 73 20 9 34 31 86 93 25 70 71 0 (value : 6350)
TO   solution: 0 81 76 98 48 99 9 19 24 63 80 15 22 73 71 2 55 75 60 12 31 44 78 77 10 66 39 16 5 88 67 70 69 25 7 86 33 27 68 82 84 53 54 35 93 47 49 42 20 61 52 65 97 58 79 62 36 57 28 89 92 74 29 83 17 90 30 3 4 46 51 8 23 13 14 59 26 40 11 34 95 50 43 37 32 38 72 94 87 91 41 18 64 21 96 1 85 6 45 56 0 (value : 1008)
in 0.003927 seconds (chrono time)
FROM solution: 0 30 36 94 13 68 57 98 6 93 42 90 65 27 14 61 78 53 83 12 31 85 5 91 23 79 80 24 46 29 9 20 32 64 84 2 1 15 7 39 74 28 25 44 11 73 26 48 33 60 50 71 52 17 54 51 3 99 87 86 49 43 38 82 95 10 96 67 81 19 70 77 72 45 8 69 18 76 89 75 92 21 59 97 34 40 16 58 88 37 35 66 56 47 22 41 4 62 63 55 0 (value : 7172)
TO   solution: 0 37 24 48 90 60 80 54 89 25 29 20 96 9 91 31 42 38 21 87 55 13 64 32 58 22 26 7 61 97 88 36 1 53 71 17 40 98 66 18 23 28 30 93 81 52 59 4 5 78 3 69 62 11 75 67 74 76 15 70 46 79 8 43 14 63 47 50 49 16 33 56 85 65 57 95 34 72 10 35 73 99 83 2 19 39 45 44 86 12 94 27 77 82 68 92 6 84 41 51 0 (value : 1046)
in 0.003446 seconds (chrono time)
FROM solution: 0 90 93 62 99 69 6 48 2 72 25 58 12 5 75 38 49 86 96 34 15 21 7 82 22 10 27 87 78 70 30 61 36 14 88 85 97 56 45 55 41 54 42 31 9 79 94 23 46 95 50 84 71 18 77 39 24 11 51 60 76 37 98 63 17 29 59 67 53 3 19 26 65 57 13 40 35 81 28 32 16 1 44 91 74 8 33 52 20 83 89 47 92 73 66 80 64 43 68 4 0 (value : 6384)
TO   solution: 0 49 87 21 29 34 43 94 90 89 56 63 88 95 64 27 62 31 17 93 77 97 70 1 57 38 52 67 33 74 36 98 47 32 13 91 60 3 61 16 79 69 84 75 42 18 15 4 65 28 81 96 25 6 50 10 39 45 72 12 46 58 86 78 59 20 68 26 7 40 82 44 53 83 85 92 23 19 51 11 22 14 5 66 37 76 30 24 48 8 41 54 2 80 35 99 71 9 73 55 0 (value : 990)
in 0.00351 seconds (chrono time)
FROM solution: 0 34 70 17 83 10 62 7 75 9 66 18 74 13 43 16 48 1 55 58 72 37 22 71 85 53 21 45 35 38 30 61 86 33 12 56 57 49 90 11 84 2 47 36 73 14 46 31 88 41 26 68 39 89 54 98 4 52 8 59 60 77 51 20 19 40 80 29 65 82 76 96 24 44 6 27 79 42 15 32 64 23 28 67 78 3 5 87 94 63 25 91 99 93 97 95 50 69 81 92 0 (value : 7248)
TO   solution: 0 7 30 29 14 9 47 52 76 67 57 60 65 77 88 4 93 21 42 18 63 51 58 96 17 26 50 35 70 34 59 40 49 32 73 12 91 48 92 90 81 53 71 28 38 5 83 99 31 45 37 46 13 61 79 1 87 2 6 41 43 19 36 95 22 66 8 54 68 62 33 16 94 69 39 89 25 55 15 97 80 72 64 84 86 10 23 82 27 56 11 44 75 20 24 78 3 74 98 85 0 (value : 996)
in 0.003506 seconds (chrono time)
FROM solution: 0 85 55 40 10 28 64 15 60 81 4 78 18 45 38 96 16 94 11 5 20 51 70 92 1 37 26 27 6 31 30 76 83 97 33 61 90 73 9 39 22 74 52 43 3 47 99 46 36 54 58 41 63 53 65 89 72 57 91 59 24 12 62 21 13 82 49 67 93 88 19 35 7 32 34 75 42 77 23 84 80 14 2 68 71 69 17 98 50 56 29 25 44 66 8 95 86 79 48 87 0 (value : 6898)
TO   solution: 0 53 1 58 70 97 73 26 27 65 84 48 11 14 49 98 68 37 63 23 6 29 67 33 44 50 13 42 95 54 43 90 28 24 39 92 41 38 85 35 31 52 99 57 61 2 16 21 34 72 9 87 10 64 45 40 69 8 78 88 86 60 79 77 4 5 74 20 51 22 55 18 93 17 7 94 19 75 83 32 15 81 62 96 47 36 82 91 66 3 71 25 80 30 59 56 46 89 76 12 0 (value : 1000)
in 0.003439 seconds (chrono time)
