N = 80
FROM solution: 0 53 64 3 21 15 32 6 8 62 2 5 12 16 51 19 61 35 18 68 45 41 65 23 69 25 42 78 28 14 4 17 7 56 40 39 38 37 29 73 36 30 26 13 20 49 46 60 54 48 50 57 74 1 9 52 71 34 27 70 44 55 76 79 22 67 66 47 63 31 11 24 72 59 43 75 33 77 58 10 0 (value : 4310)
TO   solution: 0 56 49 27 22 2 79 25 61 55 33 38 16 5 62 28 59 76 42 54 58 23 36 68 17 29 50 10 57 47 67 35 31 40 44 8 37 72 6 70 43 78 64 45 51 26 13 39 69 77 9 19 66 1 15 75 32 53 24 21 14 46 12 30 41 48 7 34 65 4 18 11 73 63 60 71 20 52 74 3 0 (value : 722)
in 0.003891 seconds (chrono time)
FROM solution: 0 76 70 55 4 46 36 30 31 27 61 11 67 59 74 1 39 17 71 63 16 57 7 14 23 25 26 22 35 60 48 66 75 58 34 37 40 8 13 18 77 3 19 43 49 62 52 5 79 24 50 41 73 28 72 65 32 21 47 42 44 10 64 53 20 29 15 38 68 51 2 33 54 69 78 45 56 6 12 9 0 (value : 4062)
TO   solution: 0 11 43 51 63 19 33 49 77 18 1 6 8 47 32 46 37 12 15 39 54 2 38 64 26 48 40 76 79 30 53 34 9 28 27 65 72 29 62 16 58 13 71 7 5 74 78 23 75 68 69 42 21 10 31 70 60 20 35 17 24 50 52 55 41 25 14 67 36 73 59 22 45 56 57 66 61 44 3 4 0 (value : 726)
in 0.004263 seconds (chrono time)
FROM solution: 0 61 30 28 55 59 10 53 75 60 24 4 26 43 14 15 77 8 63 78 66 68 22 23 20 34 18 27 48 54 71 31 16 11 25 67 6 38 17 56 19 41 42 1 51 64 21 57 40 7 79 44 52 46 47 9 35 2 37 50 69 13 49 12 65 73 58 72 33 29 70 76 3 32 74 5 45 36 62 39 0 (value : 3868)
TO   solution: 0 13 79 38 67 78 63 60 49 8 35 25 44 17 31 36 64 15 39 58 62 2 4 1 21 16 48 19 53 52 66 12 65 59 77 10 70 41 33 73 30 42 9 61 50 28 57 71 56 55 34 26 40 47 14 54 24 6 76 37 68 11 22 51 18 32 3 69 45 75 43 46 7 29 27 23 20 74 5 72 0 (value : 750)
in 0.004181 seconds (chrono time)
FROM solution: 0 20 52 55 40 61 30 36 78 12 63 15 4 13 1 6 16 69 59 60 57 66 37 77 26 32 42 64 28 67 18 43 11 39 65 53 19 8 22 35 17 46 68 41 62 29 27 74 48 50 71 51 2 10 54 14 25 3 58 45 73 24 44 38 23 7 70 34 21 9 31 56 79 49 47 75 76 72 33 5 0 (value : 3708)
TO   solution: 0 73 31 44 75 19 79 20 53 1 36 38 29 78 33 74 59 21 43 25 32 52 26 17 8 71 13 54 47 57 39 77 24 58 9 55 60 67 50 46 35 2 22 16 63 6 12 15 51 10 18 65 5 3 14 62 7 64 4 66 49 28 40 69 70 61 23 41 68 30 76 11 56 34 27 37 48 45 42 72 0 (value : 708)
in 0.004232 seconds (chrono time)
FROM solution: 0 40 43 23 57 5 35 79 26 55 68 34 48 52 19 15 60 17 16 74 44 14 45 62 8 25 39 27 46 59 12 42 41 33 22 29 36 54 47 18 63 32 2 78 20 9 56 38 67 76 69 51 75 7 21 61 73 37 1 58 28 31 70 50 30 77 66 6 53 11 3 71 64 72 10 13 65 4 24 49 0 (value : 4136)
TO   solution: 0 54 27 13 65 51 34 2 42 48 75 71 19 44 28 30 45 36 33 68 50 49 4 67 37 24 21 74 25 66 15 8 32 47 5 73 22 70 72 40 79 61 12 26 43 18 41 16 35 6 7 38 46 60 20 10 77 23 39 78 52 76 17 59 64 57 11 31 3 63 62 29 1 14 56 58 9 55 69 53 0 (value : 694)
in 0.005003 seconds (chrono time)
FROM solution: 0 1 77 36 12 70 38 7 20 46 11 35 71 42 44 69 13 45 54 58 57 78 72 63 26 74 3 8 62 40 4 47 56 49 67 30 16 29 17 18 66 33 19 43 14 25 22 37 48 76 21 51 73 53 59 24 32 52 31 6 15 61 28 68 41 65 64 39 27 79 9 2 5 10 23 75 50 55 34 60 0 (value : 4348)
TO   solution: 0 51 32 14 35 67 27 11 73 15 36 31 63 70 22 61 49 50 52 5 16 37 47 39 3 9 68 40 6 19 28 42 43 24 13 59 65 20 21 69 72 64 45 60 29 4 12 2 56 10 46 54 1 30 38 7 18 34 26 23 75 66 55 44 62 76 58 57 33 41 74 78 71 8 48 17 77 53 25 79 0 (value : 698)
in 0.004543 seconds (chrono time)
FROM solution: 0 22 2 72 36 68 1 8 48 9 43 78 27 62 47 64 16 29 18 34 20 21 69 23 67 75 60 39 77 17 73 25 28 42 63 35 4 26 79 44 46 41 49 40 76 45 5 15 10 6 50 57 56 53 31 51 55 7 61 32 54 11 33 19 74 65 66 52 14 59 58 71 12 38 13 30 70 3 37 24 0 (value : 4318)
TO   solution: 0 18 22 2 67 70 65 47 63 4 14 64 61 27 49 15 58 25 78 35 73 9 34 53 46 16 42 38 68 37 77 6 8 11 50 20 54 3 40 31 59 7 48 26 10 79 66 39 74 71 1 43 28 44 17 32 36 23 24 60 75 72 62 33 5 29 69 21 30 45 19 57 51 56 55 13 12 76 41 52 0 (value : 740)
in 0.004386 seconds (chrono time)
FROM solution: 0 15 76 11 46 26 73 17 29 9 10 31 67 56 50 2 16 37 36 7 39 40 71 34 70 6 32 1 45 44 74 14 5 33 75 38 21 47 64 28 13 35 27 3 8 49 41 19 48 53 4 57 68 69 77 54 51 25 58 60 30 61 24 52 18 55 23 72 66 65 12 62 22 20 43 59 42 63 78 79 0 (value : 3912)
TO   solution: 0 33 21 23 47 5 63 15 75 31 39 4 66 62 55 29 60 52 30 17 1 54 45 38 28 76 12 24 56 58 25 6 61 27 67 40 13 20 50 8 35 43 42 57 22 3 69 73 71 18 36 32 11 65 7 70 19 2 48 59 72 16 68 37 51 41 26 78 14 74 64 46 79 9 77 34 53 44 49 10 0 (value : 716)
in 0.003871 seconds (chrono time)
FROM solution: 0 66 23 3 18 60 64 76 63 9 1 35 75 27 67 52 61 54 21 42 28 4 22 55 50 5 44 65 49 2 16 57 19 30 33 38 14 6 79 8 15 41 17 31 25 45 32 74 78 77 53 24 40 11 29 51 36 20 56 48 12 34 59 10 13 39 72 69 68 7 70 71 46 73 47 43 62 37 26 58 0 (value : 4200)
TO   solution: 0 50 42 63 72 15 10 62 52 64 43 7 12 28 24 16 79 54 74 35 55 66 78 37 39 77 60 49 1 29 65 30 51 32 31 58 69 53 6 13 33 75 27 41 48 46 44 22 36 20 21 45 57 25 59 40 38 11 26 34 67 23 4 14 2 68 71 8 76 61 73 19 18 9 56 70 47 3 17 5 0 (value : 748)
in 0.004332 seconds (chrono time)
FROM solution: 0 1 71 2 58 30 64 29 45 19 74 4 23 52 50 31 54 59 78 76 7 36 37 43 70 73 62 27 10 56 40 5 66 16 57 35 13 39 38 18 47 60 34 61 11 41 21 75 46 6 14 22 24 9 33 55 3 42 44 32 12 17 49 48 25 8 67 65 63 69 28 68 53 26 72 15 51 77 20 79 0 (value : 4392)
TO   solution: 0 20 32 30 38 56 72 73 4 49 15 45 39 74 53 25 9 47 59 23 48 33 11 37 22 14 6 71 77 8 17 27 7 62 46 26 57 70 42 78 29 43 65 58 1 64 67 79 51 55 40 54 31 52 3 61 63 24 13 34 75 2 28 41 16 60 44 19 21 50 12 69 18 10 68 35 66 36 76 5 0 (value : 760)
in 0.00407 seconds (chrono time)
