N = 40
FROM solution: 0 9 3 19 38 39 35 6 22 18 20 10 16 26 14 15 33 29 7 17 8 21 30 28 2 36 24 27 12 4 23 34 32 1 11 25 5 37 13 31 0 (value : 1152)
TO   solution: 0 11 27 17 30 23 26 38 8 22 5 13 39 12 14 28 18 24 33 29 16 3 32 21 10 36 2 15 34 20 19 7 1 35 37 25 4 31 9 6 0 (value : 250)
in 0.000332 seconds (chrono time)
FROM solution: 0 11 12 1 6 38 14 7 5 2 10 3 35 13 4 37 16 34 30 22 31 9 36 23 19 21 25 24 32 29 17 27 26 28 18 20 15 8 33 39 0 (value : 964)
TO   solution: 0 7 9 12 16 25 26 1 32 28 8 14 38 36 5 2 29 34 13 4 37 35 3 18 20 15 24 11 21 27 6 10 33 23 39 30 31 19 22 17 0 (value : 264)
in 0.000336 seconds (chrono time)
FROM solution: 0 33 24 22 38 9 15 31 17 37 1 10 12 3 39 4 20 13 8 18 16 21 19 23 32 5 26 34 28 27 30 7 14 2 25 35 36 11 6 29 0 (value : 1052)
TO   solution: 0 22 15 21 12 26 18 32 17 11 39 30 28 31 1 24 25 4 16 7 33 13 10 3 36 14 9 38 29 23 8 27 2 34 6 19 35 20 5 37 0 (value : 244)
in 0.000309 seconds (chrono time)
FROM solution: 0 15 22 10 14 3 12 13 4 21 18 35 19 32 27 23 2 20 1 6 9 34 28 8 25 33 26 29 11 36 30 31 5 37 38 16 17 24 7 39 0 (value : 1124)
TO   solution: 0 1 18 15 30 21 8 20 12 7 13 10 9 37 26 38 33 4 11 31 29 24 35 22 25 36 32 17 2 28 23 16 14 34 19 6 5 39 3 27 0 (value : 266)
in 0.000319 seconds (chrono time)
FROM solution: 0 12 33 4 5 38 32 7 8 14 34 28 31 13 22 26 9 2 6 19 20 11 1 3 21 29 17 15 30 25 24 23 18 27 10 35 16 37 36 39 0 (value : 944)
TO   solution: 0 26 13 23 6 14 8 28 30 5 38 33 16 25 24 19 3 27 20 37 12 36 10 29 34 2 11 1 39 32 22 18 17 4 15 9 7 35 21 31 0 (value : 266)
in 0.00031 seconds (chrono time)
FROM solution: 0 24 1 3 28 5 8 21 25 13 7 27 19 6 2 12 16 14 15 38 11 22 26 18 31 33 20 30 23 17 29 32 39 10 34 35 36 37 9 4 0 (value : 1022)
TO   solution: 0 25 8 13 12 20 19 31 39 7 15 26 36 38 34 3 16 5 18 10 22 11 14 28 32 9 6 30 24 37 17 23 29 27 4 21 35 1 2 33 0 (value : 240)
in 0.000319 seconds (chrono time)
FROM solution: 0 5 11 30 10 14 28 6 13 24 4 23 8 27 35 7 34 19 18 20 3 15 22 16 2 25 26 39 17 29 38 37 33 32 21 1 36 31 9 12 0 (value : 922)
TO   solution: 0 11 16 20 25 12 18 1 34 28 37 9 38 10 13 36 31 30 19 14 7 3 24 17 4 21 2 33 5 26 29 23 39 8 32 22 15 6 27 35 0 (value : 254)
in 0.000342 seconds (chrono time)
FROM solution: 0 37 38 12 1 18 25 7 16 22 26 34 17 11 14 23 27 9 28 36 35 24 6 15 2 20 3 32 8 31 5 19 21 33 39 30 29 4 13 10 0 (value : 1078)
TO   solution: 0 10 24 25 16 28 11 4 38 3 36 22 12 26 17 20 8 6 33 7 23 19 1 9 18 21 13 30 29 39 32 14 15 27 5 2 35 31 37 34 0 (value : 256)
in 0.000333 seconds (chrono time)
FROM solution: 0 6 34 5 28 20 11 1 18 7 10 38 8 19 9 16 15 36 26 25 31 27 13 23 33 24 14 37 4 32 30 22 3 21 12 35 17 29 2 39 0 (value : 1026)
TO   solution: 0 24 20 7 9 31 15 35 18 11 28 13 14 36 32 25 6 16 12 29 1 21 8 19 17 10 23 4 5 2 26 34 27 39 38 22 33 37 3 30 0 (value : 252)
in 0.000343 seconds (chrono time)
FROM solution: 0 1 22 5 2 3 6 38 30 35 26 19 33 21 18 25 15 23 7 11 16 28 27 20 24 32 29 12 34 13 36 31 39 8 4 14 37 10 17 9 0 (value : 982)
TO   solution: 0 39 20 31 36 26 17 13 24 4 9 12 2 30 23 5 27 1 32 28 37 10 16 18 35 25 33 14 34 22 11 21 29 6 38 8 19 15 3 7 0 (value : 242)
in 0.00035 seconds (chrono time)
FROM solution: 0 18 3 31 24 19 6 9 8 35 26 11 12 23 30 15 27 16 39 38 36 20 5 22 13 2 32 21 28 17 37 34 1 33 14 4 7 25 10 29 0 (value : 974)
TO   solution: 0 26 34 3 28 11 2 36 23 39 16 18 31 19 25 17 10 24 30 5 37 32 22 1 38 21 33 29 14 35 15 20 4 8 9 6 12 27 7 13 0 (value : 238)
in 0.000321 seconds (chrono time)
FROM solution: 0 16 9 3 18 31 13 37 1 33 10 36 19 25 39 24 8 35 6 38 28 5 23 12 15 7 4 21 14 27 30 34 32 11 20 29 22 2 26 17 0 (value : 902)
TO   solution: 0 38 9 37 32 35 19 39 7 18 21 2 1 22 16 31 11 17 15 14 25 8 36 24 3 26 27 20 29 33 4 23 5 6 10 34 12 30 13 28 0 (value : 238)
in 0.00034 seconds (chrono time)
FROM solution: 0 1 39 30 15 5 20 10 29 21 13 12 23 26 14 22 16 7 11 27 9 8 25 6 2 4 18 33 17 3 24 31 32 35 34 28 36 19 38 37 0 (value : 884)
TO   solution: 0 17 32 27 31 16 4 26 2 24 18 3 7 14 6 23 8 21 30 33 12 28 29 36 15 22 38 5 9 20 13 10 1 11 34 25 19 39 35 37 0 (value : 256)
in 0.000304 seconds (chrono time)
FROM solution: 0 2 34 14 15 20 17 30 8 9 12 21 35 27 3 7 23 6 18 39 4 24 1 19 31 28 26 16 11 29 10 13 32 33 37 5 25 36 38 22 0 (value : 966)
TO   solution: 0 6 9 36 24 25 17 31 27 2 32 7 14 23 29 1 19 39 4 22 20 5 12 21 16 30 33 28 10 37 13 26 15 11 35 34 18 8 38 3 0 (value : 264)
in 0.000318 seconds (chrono time)
FROM solution: 0 6 37 23 4 5 1 7 12 14 10 31 30 29 25 26 13 8 18 21 20 19 28 38 3 39 24 16 22 17 11 35 2 33 32 15 27 36 34 9 0 (value : 972)
TO   solution: 0 9 13 14 36 8 32 11 16 17 1 23 29 39 24 2 12 26 35 4 7 22 6 21 15 34 30 33 27 3 25 18 31 10 28 5 19 38 20 37 0 (value : 242)
in 0.000337 seconds (chrono time)
FROM solution: 0 23 11 6 4 16 35 33 8 27 13 12 7 30 22 15 21 9 18 31 29 39 26 37 24 38 36 34 3 2 17 5 32 20 28 1 14 25 19 10 0 (value : 950)
TO   solution: 0 30 2 10 17 31 38 13 24 28 9 27 34 32 7 3 6 37 15 4 18 8 11 14 29 12 5 33 23 26 21 35 16 1 20 39 36 25 19 22 0 (value : 260)
in 0.000551 seconds (chrono time)
FROM solution: 0 28 25 9 34 19 30 37 8 31 18 27 22 13 21 26 32 17 10 11 2 5 29 23 24 12 7 3 35 6 15 36 16 14 4 1 33 20 38 39 0 (value : 1022)
TO   solution: 0 37 34 5 19 39 17 30 2 22 25 7 12 10 38 26 21 32 24 27 33 8 4 13 16 14 35 29 23 9 1 3 20 28 6 15 18 31 11 36 0 (value : 230)
in 0.000329 seconds (chrono time)
FROM solution: 0 28 34 23 38 5 39 15 8 7 10 4 2 13 19 11 24 17 22 26 37 29 33 3 30 25 1 27 14 18 21 16 31 32 6 35 12 36 9 20 0 (value : 908)
TO   solution: 0 20 16 18 30 27 8 28 7 13 6 36 31 35 24 15 2 11 22 29 4 10 34 19 17 5 9 32 1 26 33 37 38 14 39 21 3 12 23 25 0 (value : 248)
in 0.000331 seconds (chrono time)
FROM solution: 0 31 15 32 18 25 16 37 20 36 1 4 5 2 17 28 6 7 38 23 8 39 26 14 35 24 30 34 21 19 12 27 3 11 29 9 13 33 22 10 0 (value : 968)
TO   solution: 0 10 5 22 18 27 37 29 28 35 25 11 20 24 2 14 30 8 23 4 38 16 7 31 13 9 6 34 15 1 12 19 26 3 36 33 32 21 17 39 0 (value : 244)
in 0.000322 seconds (chrono time)
FROM solution: 0 1 36 11 4 9 6 7 17 28 29 12 24 22 13 14 39 20 2 3 38 16 19 31 5 23 26 27 32 18 30 21 37 33 10 15 8 34 35 25 0 (value : 1142)
TO   solution: 0 37 29 2 31 36 8 9 13 34 3 7 19 25 39 18 30 20 21 16 27 14 4 5 11 15 17 35 26 1 12 24 23 10 6 38 22 28 33 32 0 (value : 260)
in 0.000338 seconds (chrono time)
FROM solution: 0 20 14 13 24 28 6 7 3 18 35 38 31 12 4 29 16 15 30 17 23 1 5 39 10 26 22 8 21 36 32 11 25 19 34 9 2 37 27 33 0 (value : 1026)
TO   solution: 0 20 27 1 2 6 26 9 11 12 23 19 24 5 22 35 21 37 14 18 16 13 29 39 25 32 38 10 8 34 36 17 15 30 31 4 3 7 33 28 0 (value : 232)
in 0.000318 seconds (chrono time)
FROM solution: 0 23 1 31 30 13 17 32 37 9 14 16 27 18 5 12 26 19 21 20 11 38 24 8 28 39 7 10 22 4 29 2 15 34 3 35 36 6 33 25 0 (value : 1112)
TO   solution: 0 13 25 28 16 27 19 24 26 17 35 31 34 29 14 38 22 6 18 21 1 8 12 39 11 36 2 10 3 37 5 9 15 4 7 30 23 32 33 20 0 (value : 258)
in 0.000345 seconds (chrono time)
FROM solution: 0 31 11 24 3 32 1 30 21 23 16 37 6 17 14 34 19 25 39 20 7 15 12 8 26 4 29 27 28 2 22 10 5 33 9 35 36 13 38 18 0 (value : 1102)
TO   solution: 0 1 10 29 8 4 5 13 19 33 20 17 18 26 35 2 16 6 34 21 27 22 11 14 3 37 39 23 30 31 24 28 9 38 7 25 36 12 15 32 0 (value : 240)
in 0.000325 seconds (chrono time)
FROM solution: 0 7 34 16 4 37 29 11 13 2 10 14 12 31 39 19 36 3 6 15 20 38 32 23 24 21 1 26 18 30 27 25 22 28 17 9 8 35 33 5 0 (value : 926)
TO   solution: 0 5 24 30 3 16 28 21 25 13 33 26 10 17 38 34 14 12 7 19 22 39 36 23 4 1 31 20 29 9 6 8 35 37 27 18 11 15 32 2 0 (value : 244)
in 0.000326 seconds (chrono time)
FROM solution: 0 34 36 3 4 32 21 8 31 37 2 23 16 13 39 6 20 17 12 22 30 27 5 1 28 15 26 19 24 33 10 25 29 9 18 35 11 7 38 14 0 (value : 1074)
TO   solution: 0 39 4 25 28 2 21 32 16 5 19 12 38 22 1 18 31 20 35 24 3 6 14 23 26 11 36 7 17 10 33 9 29 27 13 8 34 30 15 37 0 (value : 240)
in 0.000336 seconds (chrono time)
FROM solution: 0 22 37 26 30 9 15 4 8 36 6 11 33 14 38 12 27 32 20 31 19 23 13 24 21 25 7 1 28 16 34 5 17 3 2 39 35 18 10 29 0 (value : 1122)
TO   solution: 0 14 15 8 29 2 31 33 10 3 23 25 34 4 6 24 38 36 11 19 32 16 20 18 37 21 9 1 17 39 30 28 5 12 13 7 35 27 22 26 0 (value : 268)
in 0.000331 seconds (chrono time)
FROM solution: 0 16 6 28 13 19 24 2 14 26 4 27 9 11 36 15 22 7 5 18 34 8 1 23 12 35 39 37 20 29 32 3 30 38 31 25 33 10 21 17 0 (value : 912)
TO   solution: 0 18 5 31 38 7 19 35 23 26 10 12 21 30 9 11 32 3 4 1 29 37 20 6 25 16 36 2 14 17 33 8 13 34 27 24 39 15 22 28 0 (value : 246)
in 0.000349 seconds (chrono time)
FROM solution: 0 1 21 25 39 35 20 12 16 32 14 6 15 37 9 36 11 22 13 3 17 24 31 18 2 27 26 33 5 29 4 30 7 28 34 19 8 10 38 23 0 (value : 1014)
TO   solution: 0 2 6 17 7 19 9 13 20 37 38 36 25 21 28 16 30 24 26 34 33 4 8 29 11 27 15 18 1 31 32 35 5 10 12 39 22 3 23 14 0 (value : 252)
in 0.000303 seconds (chrono time)
FROM solution: 0 16 23 28 4 35 6 3 18 25 12 13 22 39 17 21 36 19 31 8 20 14 5 30 24 7 26 9 27 29 15 34 10 1 32 33 2 37 38 11 0 (value : 1184)
TO   solution: 0 38 39 8 4 12 6 21 23 32 31 19 18 2 13 17 29 7 10 24 37 16 3 15 11 14 34 36 22 1 26 30 25 35 9 33 27 28 20 5 0 (value : 260)
in 0.000313 seconds (chrono time)
FROM solution: 0 35 30 34 36 39 1 7 28 9 3 29 24 23 32 20 13 17 18 19 4 21 25 15 37 14 26 22 12 8 11 33 5 10 31 6 27 16 38 2 0 (value : 940)
TO   solution: 0 4 15 20 33 9 12 26 30 22 37 35 34 17 1 16 27 7 38 31 11 23 21 28 25 39 36 13 8 32 6 14 5 2 19 29 10 24 18 3 0 (value : 258)
in 0.000333 seconds (chrono time)
