N = 40
FROM solution: 0 1 13 17 4 34 6 19 29 32 7 22 3 11 15 9 36 14 30 8 18 21 10 12 16 35 38 27 20 24 2 5 31 23 28 26 39 37 33 25 0 (value : 1024)
TO   solution: 0 21 36 7 23 16 39 18 6 14 28 8 2 34 35 10 33 17 3 15 5 37 13 31 30 29 38 12 11 24 20 19 4 9 32 27 1 26 22 25 0 (value : 252)
in 0.000341 seconds (chrono time)
FROM solution: 0 23 2 33 31 38 37 35 24 39 10 15 7 28 1 14 29 9 18 19 25 8 4 17 20 3 22 27 11 36 30 13 26 5 32 16 34 21 12 6 0 (value : 1264)
TO   solution: 0 13 7 19 14 38 39 10 4 32 5 33 23 11 6 9 35 20 12 26 25 21 22 31 37 34 30 28 8 1 15 2 36 16 3 29 24 18 27 17 0 (value : 254)
in 0.000346 seconds (chrono time)
FROM solution: 0 29 5 4 38 2 27 33 24 9 10 11 15 13 23 18 31 26 39 32 6 21 22 36 25 17 16 30 14 1 20 8 34 35 7 19 3 37 28 12 0 (value : 1144)
TO   solution: 0 32 9 23 16 1 4 7 21 27 25 8 37 20 33 31 10 13 3 6 18 17 26 22 24 30 11 5 36 2 14 35 15 28 19 29 39 38 12 34 0 (value : 256)
in 0.000321 seconds (chrono time)
FROM solution: 0 4 37 39 30 20 6 7 21 17 14 5 1 19 10 25 26 31 27 13 23 12 22 8 18 29 36 2 16 9 15 3 11 24 34 35 28 32 38 33 0 (value : 1104)
TO   solution: 0 3 24 8 12 21 11 15 20 7 13 19 29 33 6 26 1 32 27 23 25 30 35 5 31 36 18 4 17 2 38 9 16 22 34 28 10 39 14 37 0 (value : 246)
in 0.000321 seconds (chrono time)
FROM solution: 0 17 3 34 4 16 20 30 29 9 28 21 10 6 7 15 8 5 24 19 26 37 27 2 13 25 35 1 23 14 36 22 18 12 33 11 32 31 38 39 0 (value : 1158)
TO   solution: 0 6 9 18 8 10 35 37 29 4 36 26 15 22 28 20 38 33 14 25 24 32 7 11 3 12 30 1 27 21 13 19 17 31 2 39 34 16 5 23 0 (value : 276)
in 0.000323 seconds (chrono time)
FROM solution: 0 25 2 10 39 20 6 12 22 35 13 37 27 7 24 15 4 16 18 19 33 26 8 21 23 17 32 34 14 11 30 31 9 38 5 1 36 28 3 29 0 (value : 1120)
TO   solution: 0 33 18 19 34 7 23 29 1 14 37 5 12 25 13 17 35 28 15 4 8 26 39 10 32 30 3 20 2 6 31 38 24 27 16 11 21 36 22 9 0 (value : 282)
in 0.000337 seconds (chrono time)
FROM solution: 0 3 7 33 26 29 8 11 6 38 4 10 12 1 18 27 19 25 22 36 30 9 39 15 24 17 28 37 21 23 31 2 32 13 34 35 14 16 5 20 0 (value : 1076)
TO   solution: 0 32 1 16 6 31 24 3 36 28 18 26 19 2 9 27 10 4 13 8 29 22 37 30 20 35 39 7 12 5 21 14 11 23 25 33 15 17 34 38 0 (value : 248)
in 0.000339 seconds (chrono time)
FROM solution: 0 1 23 25 37 7 27 3 31 8 2 12 28 5 14 26 16 17 36 33 18 22 35 32 19 15 34 10 6 9 30 11 20 13 4 39 21 24 38 29 0 (value : 1130)
TO   solution: 0 4 14 28 11 3 18 22 8 39 34 27 6 7 38 16 20 5 30 25 2 31 9 26 32 24 10 36 1 19 12 23 17 15 33 13 37 21 29 35 0 (value : 272)
in 0.000312 seconds (chrono time)
FROM solution: 0 24 2 35 4 39 1 23 9 11 5 15 12 8 16 18 26 33 30 29 20 19 10 7 6 37 21 32 38 14 17 31 34 22 25 28 36 3 27 13 0 (value : 1024)
TO   solution: 0 21 36 12 38 17 39 25 4 30 31 10 19 22 1 13 23 32 34 3 15 28 14 7 27 5 2 6 37 29 9 20 11 24 33 26 16 18 35 8 0 (value : 282)
in 0.000318 seconds (chrono time)
FROM solution: 0 21 24 22 20 34 14 32 15 9 13 29 36 10 1 17 33 35 18 19 8 7 31 12 28 25 26 38 27 11 30 2 4 23 3 6 5 37 16 39 0 (value : 1060)
TO   solution: 0 16 13 19 33 35 10 7 36 2 34 28 27 32 26 15 25 20 18 39 30 14 1 11 3 6 37 17 12 5 4 9 8 31 21 38 29 23 22 24 0 (value : 266)
in 0.000323 seconds (chrono time)
FROM solution: 0 6 36 14 4 23 18 11 32 17 30 10 5 34 29 15 28 2 37 19 20 16 22 12 13 21 26 38 8 7 9 24 3 39 33 35 1 31 25 27 0 (value : 884)
TO   solution: 0 26 18 8 27 9 24 16 31 34 15 39 6 1 33 4 32 17 11 35 20 10 30 5 12 36 14 3 23 22 29 2 25 28 13 7 21 37 19 38 0 (value : 256)
in 0.000322 seconds (chrono time)
FROM solution: 0 34 22 17 6 32 1 20 15 9 39 21 29 37 30 13 16 2 18 14 27 10 33 5 24 26 35 31 23 12 11 3 4 25 36 8 19 28 38 7 0 (value : 1160)
TO   solution: 0 15 2 10 36 11 20 14 24 37 39 23 26 25 19 4 17 22 18 33 12 21 7 1 38 3 35 32 9 29 16 28 30 6 8 34 5 27 31 13 0 (value : 274)
in 0.000333 seconds (chrono time)
FROM solution: 0 27 35 29 21 4 9 12 1 6 20 26 10 33 14 11 34 17 18 13 28 23 22 30 24 31 8 19 16 3 25 7 32 15 38 37 36 2 5 39 0 (value : 1072)
TO   solution: 0 22 16 21 15 11 25 36 39 3 14 13 32 20 9 7 17 37 38 24 18 26 1 33 29 34 2 31 27 19 30 28 8 12 10 35 6 4 23 5 0 (value : 278)
in 0.000332 seconds (chrono time)
FROM solution: 0 24 2 21 39 16 6 5 26 8 23 7 12 10 32 28 25 17 15 27 38 13 3 9 19 20 11 22 1 37 30 4 33 29 18 31 36 14 35 34 0 (value : 990)
TO   solution: 0 11 5 7 26 1 20 9 13 29 34 16 32 36 8 25 12 38 28 24 39 37 19 10 21 2 27 17 35 6 31 3 18 30 33 15 22 4 14 23 0 (value : 278)
in 0.00033 seconds (chrono time)
FROM solution: 0 12 34 29 14 17 9 31 6 21 4 11 3 15 7 30 10 16 36 39 20 1 8 5 18 32 2 27 38 22 37 33 25 26 24 35 23 28 19 13 0 (value : 1176)
TO   solution: 0 28 29 13 19 8 34 12 30 15 10 23 20 38 37 32 31 26 11 9 33 22 5 18 36 27 16 25 3 39 2 4 24 17 6 1 14 35 7 21 0 (value : 292)
in 0.000315 seconds (chrono time)
FROM solution: 0 6 26 11 34 21 30 15 14 19 10 18 28 13 12 9 16 17 7 33 35 5 1 24 2 37 20 27 3 8 22 29 23 25 32 38 36 39 4 31 0 (value : 956)
TO   solution: 0 6 30 36 16 35 27 21 39 9 19 12 18 28 10 25 23 32 17 11 26 5 4 20 15 38 3 8 7 1 34 22 29 37 33 14 13 24 2 31 0 (value : 262)
in 0.000437 seconds (chrono time)
FROM solution: 0 20 2 8 19 34 33 7 9 4 31 6 35 5 1 30 3 24 18 17 22 21 10 13 32 11 16 28 27 29 38 36 14 39 15 26 12 37 23 25 0 (value : 1128)
TO   solution: 0 30 32 33 38 17 29 8 4 9 7 27 10 11 21 28 12 24 34 39 20 13 18 36 1 3 2 23 6 25 37 26 35 15 22 16 31 14 5 19 0 (value : 266)
in 0.000323 seconds (chrono time)
FROM solution: 0 6 25 11 32 21 14 7 31 28 39 37 33 24 10 27 29 16 12 18 26 19 22 5 13 23 35 34 9 2 30 3 38 8 1 17 36 20 4 15 0 (value : 1152)
TO   solution: 0 26 36 5 11 18 15 2 30 25 31 6 35 12 23 21 9 24 39 32 4 22 1 33 19 16 3 29 17 38 28 34 7 14 20 13 27 10 37 8 0 (value : 240)
in 0.000322 seconds (chrono time)
FROM solution: 0 10 8 15 39 5 20 4 2 22 38 11 12 36 23 34 17 32 24 31 35 7 16 6 14 1 19 30 28 21 29 3 9 33 18 25 13 26 27 37 0 (value : 1142)
TO   solution: 0 25 24 29 8 22 3 35 21 15 12 9 32 38 39 18 2 16 13 5 1 14 20 23 36 26 31 28 30 27 37 7 19 17 11 6 34 33 4 10 0 (value : 236)
in 0.000326 seconds (chrono time)
FROM solution: 0 6 35 25 22 12 4 24 8 16 26 11 10 18 14 15 33 17 28 2 19 3 1 39 9 29 27 36 7 30 23 31 13 20 34 38 21 32 37 5 0 (value : 1120)
TO   solution: 0 36 4 16 17 7 2 12 33 28 38 13 37 3 35 22 6 8 29 5 15 9 18 34 23 32 26 39 14 19 11 30 25 21 10 24 20 31 27 1 0 (value : 284)
in 0.000332 seconds (chrono time)
FROM solution: 0 35 4 26 29 37 18 3 22 28 1 11 8 25 32 21 39 2 17 10 27 7 16 23 15 19 12 36 24 9 38 31 14 33 20 34 5 13 6 30 0 (value : 1164)
TO   solution: 0 2 36 6 23 35 21 16 30 19 33 26 32 24 3 7 10 18 4 12 9 8 39 22 31 11 5 28 34 27 14 37 15 20 13 29 25 1 38 17 0 (value : 268)
in 0.000325 seconds (chrono time)
FROM solution: 0 32 36 23 6 38 28 7 18 35 1 30 5 2 12 3 16 25 31 26 17 27 37 20 24 14 21 11 10 29 4 19 8 13 33 9 15 22 34 39 0 (value : 916)
TO   solution: 0 9 11 28 35 8 1 3 33 21 18 17 32 7 39 2 20 30 25 13 22 15 4 34 10 31 5 19 29 26 27 12 14 16 24 6 37 23 36 38 0 (value : 274)
in 0.000317 seconds (chrono time)
FROM solution: 0 7 35 1 29 26 8 32 23 28 13 18 4 14 38 22 16 30 3 12 20 25 17 11 24 6 19 27 33 31 15 21 9 36 34 10 2 37 5 39 0 (value : 928)
TO   solution: 0 18 17 38 3 23 9 21 37 5 16 30 39 20 2 19 1 4 25 10 11 33 36 22 14 8 31 26 29 34 27 28 32 13 24 7 35 6 15 12 0 (value : 270)
in 0.000353 seconds (chrono time)
FROM solution: 0 4 2 11 14 38 6 25 20 12 10 24 39 31 7 15 30 17 28 9 3 34 18 36 35 27 21 32 22 29 23 5 19 1 13 16 8 37 33 26 0 (value : 1008)
TO   solution: 0 30 22 34 8 25 13 26 35 36 6 16 33 17 20 11 28 1 14 27 37 23 9 2 10 21 12 3 39 31 32 18 4 24 7 15 5 29 38 19 0 (value : 274)
in 0.00031 seconds (chrono time)
FROM solution: 0 24 2 9 25 7 38 29 16 28 34 11 12 15 1 33 19 3 18 10 6 4 22 21 31 30 26 23 39 5 8 14 20 13 17 35 36 37 32 27 0 (value : 1210)
TO   solution: 0 31 35 24 1 28 2 22 7 23 14 4 36 27 19 25 30 37 34 21 3 18 8 17 26 39 16 33 9 29 20 11 6 10 38 15 32 13 12 5 0 (value : 286)
in 0.000349 seconds (chrono time)
FROM solution: 0 12 21 36 3 1 11 2 7 19 37 33 25 27 14 15 8 4 38 9 26 31 18 10 34 6 20 29 23 22 13 24 5 16 32 35 28 30 17 39 0 (value : 1102)
TO   solution: 0 5 37 9 14 36 26 4 12 18 39 8 27 15 24 29 3 38 23 11 33 13 28 34 1 16 19 31 22 30 35 21 25 10 7 2 32 6 20 17 0 (value : 270)
in 0.000337 seconds (chrono time)
FROM solution: 0 23 7 1 5 11 35 13 31 4 24 27 6 10 8 15 39 18 32 25 22 17 20 34 30 29 36 9 14 28 26 38 3 33 19 2 21 37 12 16 0 (value : 1244)
TO   solution: 0 26 12 36 19 34 7 5 39 10 27 33 30 21 4 15 25 29 38 3 22 32 1 28 14 11 13 8 24 31 6 20 23 35 16 17 18 9 2 37 0 (value : 238)
in 0.000321 seconds (chrono time)
FROM solution: 0 13 9 3 4 11 22 8 25 7 15 33 32 1 23 36 37 17 30 2 5 14 34 20 28 29 19 10 24 21 38 27 31 6 18 35 16 12 39 26 0 (value : 888)
TO   solution: 0 12 34 9 32 3 35 19 22 38 13 8 16 10 14 5 33 39 6 20 21 4 15 18 31 27 11 7 17 29 25 37 30 28 23 2 24 1 36 26 0 (value : 236)
in 0.000469 seconds (chrono time)
FROM solution: 0 35 14 1 3 36 21 7 4 17 10 38 13 20 39 31 26 33 5 32 24 6 2 23 34 15 29 27 25 16 30 8 9 19 12 18 28 37 11 22 0 (value : 978)
TO   solution: 0 10 23 28 9 39 38 34 1 32 17 22 14 30 24 18 3 36 31 4 35 19 21 11 20 7 16 25 12 27 33 13 26 6 5 37 8 29 15 2 0 (value : 292)
in 0.000327 seconds (chrono time)
FROM solution: 0 12 33 2 18 15 36 7 8 14 39 9 16 13 19 29 21 31 6 17 10 30 5 3 22 1 25 28 32 4 24 26 34 20 38 35 23 37 27 11 0 (value : 1056)
TO   solution: 0 1 32 6 20 12 24 31 3 30 37 17 14 34 39 5 16 36 35 10 22 27 2 23 33 8 15 18 29 21 13 7 9 4 26 25 11 38 19 28 0 (value : 268)
in 0.000503 seconds (chrono time)
