N = 50
FROM solution: 0 1 21 29 12 38 47 7 11 2 17 35 8 5 41 46 9 3 45 19 42 14 6 10 24 15 13 27 16 22 40 20 48 4 33 34 36 39 43 32 44 37 31 26 18 23 30 25 28 49 0 (value : 1550)
TO   solution: 0 48 12 39 29 10 43 26 31 40 18 32 42 2 35 41 7 27 22 47 45 24 38 33 44 46 6 13 11 49 36 37 9 4 14 1 5 23 8 15 3 17 34 30 25 21 19 16 28 20 0 (value : 354)
in 0.00139 seconds (chrono time)
FROM solution: 0 34 18 6 19 10 9 37 12 31 21 14 40 13 2 20 26 35 42 11 46 5 22 44 24 25 33 17 29 4 30 1 27 8 23 15 16 49 7 28 36 32 3 47 41 45 48 43 38 39 0 (value : 1612)
TO   solution: 0 10 24 8 4 46 22 39 19 11 2 29 3 21 48 49 44 47 42 16 33 32 17 18 31 1 41 40 45 13 12 14 43 6 36 38 37 27 26 23 30 20 15 9 25 34 28 7 35 5 0 (value : 340)
in 0.001251 seconds (chrono time)
FROM solution: 0 38 39 8 36 5 6 29 3 9 20 19 4 35 22 13 26 11 33 30 24 15 40 23 25 28 10 2 41 32 47 31 14 49 34 12 16 37 48 45 7 42 43 46 44 21 18 17 27 1 0 (value : 1616)
TO   solution: 0 27 46 26 10 47 6 41 44 34 45 40 36 31 12 23 17 48 28 16 37 21 5 11 8 35 9 13 32 38 43 29 39 30 49 20 2 25 33 14 42 1 19 7 18 3 22 15 24 4 0 (value : 358)
in 0.001226 seconds (chrono time)
FROM solution: 0 48 2 41 9 5 36 25 22 1 10 47 45 4 23 27 18 31 19 14 38 49 42 46 24 29 34 17 3 15 20 26 40 33 6 7 13 35 12 39 16 11 21 8 44 30 43 28 32 37 0 (value : 1626)
TO   solution: 0 17 44 16 47 29 41 5 31 4 3 46 14 15 19 35 26 36 30 38 22 34 21 45 27 10 33 6 7 39 28 25 32 49 40 8 18 12 37 24 11 43 20 23 48 13 1 2 42 9 0 (value : 366)
in 0.012219 seconds (chrono time)
FROM solution: 0 1 41 29 39 5 15 37 31 27 17 42 12 6 14 26 13 19 36 30 34 21 2 23 8 47 10 24 48 18 32 3 7 40 43 9 4 46 11 20 22 16 33 38 44 45 28 25 35 49 0 (value : 1832)
TO   solution: 0 46 28 33 24 1 5 36 11 35 23 43 18 15 26 12 3 8 2 34 42 32 27 6 39 13 9 10 48 7 31 30 49 44 19 41 4 21 20 47 38 22 40 16 25 17 29 14 45 37 0 (value : 340)
in 0.001287 seconds (chrono time)
FROM solution: 0 45 32 10 18 17 31 7 6 19 3 11 12 1 33 15 43 41 46 27 26 22 20 47 24 36 48 9 37 39 8 25 29 30 4 35 49 2 34 16 14 40 42 13 44 38 21 23 5 28 0 (value : 1730)
TO   solution: 0 24 11 28 6 42 18 5 44 15 36 40 49 10 35 39 46 29 4 7 3 23 19 45 14 34 43 32 48 9 12 37 41 27 21 26 20 2 33 47 16 17 8 25 1 13 22 30 31 38 0 (value : 382)
in 0.001303 seconds (chrono time)
FROM solution: 0 2 21 6 39 33 19 7 31 9 26 3 12 24 28 23 16 18 1 45 20 17 36 48 8 42 30 27 47 4 15 29 25 13 34 43 41 37 38 11 22 10 32 5 44 46 40 14 35 49 0 (value : 1610)
TO   solution: 0 35 24 18 22 36 6 16 28 7 43 25 26 39 41 17 5 46 23 42 9 49 12 32 29 19 20 8 11 31 15 14 1 45 2 37 34 33 13 3 38 27 47 44 48 4 21 40 30 10 0 (value : 368)
in 0.001271 seconds (chrono time)
FROM solution: 0 14 22 8 41 7 11 4 21 31 42 48 28 35 32 5 17 2 49 19 44 1 3 13 6 29 24 18 27 45 30 37 33 26 9 16 47 34 38 43 40 46 12 36 10 25 23 20 15 39 0 (value : 1682)
TO   solution: 0 35 36 42 26 31 4 12 24 21 46 23 1 32 2 9 33 5 41 18 44 48 30 22 39 10 47 16 6 34 3 40 15 28 38 17 43 29 27 49 14 13 7 20 11 8 45 37 25 19 0 (value : 340)
in 0.00105 seconds (chrono time)
FROM solution: 0 3 35 1 18 30 6 7 44 26 16 29 20 17 12 49 19 9 10 13 45 25 41 4 5 33 46 14 43 11 8 28 34 21 42 37 40 48 23 2 36 32 39 47 31 24 38 27 15 22 0 (value : 1632)
TO   solution: 0 24 29 46 15 12 28 31 4 36 7 40 21 48 30 1 32 38 14 39 41 22 20 42 44 26 6 5 34 8 13 37 47 19 33 35 49 17 3 45 18 2 10 23 25 9 43 27 11 16 0 (value : 366)
in 0.001254 seconds (chrono time)
FROM solution: 0 1 2 26 4 35 6 17 29 9 38 42 15 8 40 46 45 37 21 47 39 12 32 25 23 24 20 28 43 44 31 30 7 41 34 5 48 13 19 33 14 10 22 27 16 18 49 11 36 3 0 (value : 1530)
TO   solution: 0 15 41 43 6 2 31 7 32 24 44 19 45 8 40 13 10 11 16 27 34 35 12 20 5 33 30 3 22 28 47 38 49 17 9 21 14 26 18 39 1 48 29 25 42 36 4 23 46 37 0 (value : 346)
in 0.000747 seconds (chrono time)
FROM solution: 0 1 32 18 33 28 42 5 16 14 8 11 37 39 29 26 10 46 2 3 20 4 31 19 9 6 41 17 35 12 43 15 49 30 34 13 36 25 38 7 40 21 23 22 44 24 27 47 48 45 0 (value : 1570)
TO   solution: 0 42 22 39 8 6 5 29 28 17 24 46 38 21 15 20 49 23 3 35 11 36 37 14 2 12 19 18 48 10 31 33 30 1 27 44 13 47 26 32 16 45 4 41 43 9 7 40 25 34 0 (value : 342)
in 0.001214 seconds (chrono time)
FROM solution: 0 1 2 46 34 35 40 28 45 8 15 26 12 43 38 33 48 17 27 11 42 31 18 16 22 23 41 19 21 37 30 13 32 44 49 3 39 10 4 7 5 9 36 24 14 20 29 47 6 25 0 (value : 1568)
TO   solution: 0 10 28 11 23 24 22 15 34 37 16 32 1 33 36 49 31 48 18 12 46 21 8 29 38 35 43 3 26 25 17 39 6 9 14 44 7 27 2 5 4 42 45 40 20 47 19 30 41 13 0 (value : 348)
in 0.000508 seconds (chrono time)
FROM solution: 0 1 48 10 4 31 9 30 15 11 26 12 35 44 23 38 3 8 13 32 29 21 22 17 24 6 41 27 18 40 28 37 46 33 34 43 42 2 14 39 25 36 5 20 16 45 49 47 7 19 0 (value : 1630)
TO   solution: 0 3 32 36 39 48 14 28 18 42 49 35 29 9 34 40 15 30 16 38 13 37 8 31 47 17 4 6 23 19 1 10 27 33 26 5 12 21 43 20 45 25 11 7 22 41 44 24 46 2 0 (value : 320)
in 0.001139 seconds (chrono time)
FROM solution: 0 1 22 12 26 38 47 37 25 5 42 11 3 40 24 17 8 23 2 19 33 16 30 21 15 4 27 14 39 36 29 6 32 45 49 13 43 18 28 10 20 46 41 35 48 34 7 9 31 44 0 (value : 1700)
TO   solution: 0 47 2 10 43 19 24 33 11 5 8 45 27 25 6 49 30 29 1 23 3 42 40 21 48 31 18 20 37 38 39 16 17 22 46 13 26 32 14 36 9 35 34 41 28 44 4 12 15 7 0 (value : 334)
in 0.001179 seconds (chrono time)
FROM solution: 0 16 10 35 9 26 22 7 13 31 39 24 11 37 42 15 23 12 46 19 4 27 25 17 44 6 48 18 5 33 30 43 32 47 45 29 20 2 38 8 1 41 34 36 14 3 21 28 40 49 0 (value : 1520)
TO   solution: 0 41 24 3 33 11 5 39 47 30 23 15 1 9 40 34 6 13 44 7 31 42 28 45 4 32 21 19 43 12 49 14 25 26 18 35 29 2 36 17 38 8 10 20 46 16 27 37 22 48 0 (value : 370)
in 0.00121 seconds (chrono time)
FROM solution: 0 32 13 30 38 44 6 37 23 1 10 29 20 3 48 42 16 17 39 47 12 22 4 27 31 40 15 24 34 14 2 18 43 9 11 35 49 7 41 28 45 46 8 26 33 25 36 19 21 5 0 (value : 1740)
TO   solution: 0 16 11 46 35 1 19 31 18 21 44 32 2 34 25 12 29 39 42 43 28 6 3 30 40 4 13 5 49 38 33 22 36 26 15 7 37 45 9 24 14 20 48 27 8 10 23 47 17 41 0 (value : 316)
in 0.001874 seconds (chrono time)
FROM solution: 0 22 47 15 16 5 29 27 40 25 20 17 46 32 14 11 4 26 13 9 7 8 1 12 43 23 49 37 28 36 30 31 34 33 45 35 24 42 19 21 10 3 2 39 18 6 48 41 38 44 0 (value : 1546)
TO   solution: 0 33 35 34 7 39 12 8 2 32 49 23 5 20 40 6 1 22 46 44 26 41 45 14 29 38 11 48 31 30 43 25 27 36 19 3 37 13 47 15 21 28 10 42 18 24 4 9 17 16 0 (value : 380)
in 0.001208 seconds (chrono time)
FROM solution: 0 37 13 33 49 40 45 18 8 2 6 15 42 1 5 36 16 17 10 41 48 29 27 23 38 25 46 47 21 9 39 31 28 30 4 44 3 12 26 14 20 19 34 43 11 7 24 35 22 32 0 (value : 1582)
TO   solution: 0 9 21 43 44 26 34 1 49 36 45 23 39 16 18 28 33 10 35 5 20 31 7 11 12 32 46 2 4 8 41 6 17 15 48 38 47 3 24 40 14 27 29 13 30 42 37 19 25 22 0 (value : 358)
in 0.001183 seconds (chrono time)
FROM solution: 0 38 34 41 2 8 22 7 37 20 18 25 12 10 43 6 45 17 15 19 49 21 26 27 42 29 33 36 48 14 11 5 4 9 47 1 3 30 16 40 13 23 46 24 44 39 35 28 31 32 0 (value : 1674)
TO   solution: 0 30 9 3 25 6 32 40 26 11 45 33 1 8 42 22 35 49 24 5 46 4 2 47 15 18 39 20 12 36 7 10 14 13 38 43 21 48 29 41 31 34 28 44 17 23 37 19 16 27 0 (value : 370)
in 0.001218 seconds (chrono time)
FROM solution: 0 1 28 8 3 5 13 24 41 42 29 10 15 27 43 48 35 39 17 19 20 7 12 26 31 36 45 32 40 22 38 49 30 34 11 21 9 23 4 14 25 6 2 33 44 16 46 18 37 47 0 (value : 1546)
TO   solution: 0 34 31 6 37 43 36 42 20 4 40 13 19 22 2 10 7 21 9 32 38 30 14 27 18 28 5 12 16 17 3 41 46 35 49 26 8 1 45 33 11 47 48 44 24 23 29 39 25 15 0 (value : 358)
in 0.000633 seconds (chrono time)
FROM solution: 0 1 2 17 19 34 27 48 40 13 49 41 26 32 15 29 16 20 3 7 14 25 43 4 11 44 30 12 39 21 9 33 42 24 46 23 35 37 31 22 5 6 28 47 8 45 38 10 18 36 0 (value : 1700)
TO   solution: 0 16 9 11 36 17 42 7 47 41 38 40 15 8 49 25 30 28 19 27 2 35 23 32 5 43 3 21 10 26 13 12 31 44 39 1 29 22 45 46 48 34 4 24 18 14 33 20 6 37 0 (value : 354)
in 0.000602 seconds (chrono time)
FROM solution: 0 29 16 6 24 48 25 13 36 27 38 45 12 42 49 15 2 41 39 30 18 34 4 31 47 10 35 26 46 11 37 23 28 33 9 17 8 32 7 3 44 21 14 22 19 1 5 20 40 43 0 (value : 1504)
TO   solution: 0 38 22 29 12 10 41 26 4 20 45 37 35 21 5 25 48 44 32 11 14 3 15 18 46 47 30 16 9 7 2 23 39 17 1 19 33 28 40 36 49 13 42 27 6 8 43 31 24 34 0 (value : 360)
in 0.000948 seconds (chrono time)
FROM solution: 0 6 19 15 21 37 39 42 7 13 11 48 1 2 28 3 17 20 45 40 5 18 8 44 4 25 47 27 14 29 34 31 35 30 12 22 26 36 10 33 9 41 49 32 43 38 24 23 16 46 0 (value : 1622)
TO   solution: 0 39 22 45 19 27 7 2 30 21 35 25 18 36 10 37 32 23 16 46 12 34 42 44 29 5 6 3 14 11 13 47 33 49 41 24 28 43 8 17 20 38 31 1 48 40 4 9 26 15 0 (value : 368)
in 0.000995 seconds (chrono time)
FROM solution: 0 12 44 36 22 19 7 48 43 34 15 18 25 24 40 10 9 31 6 5 47 13 21 23 3 49 37 8 11 1 41 17 32 33 42 27 35 4 20 39 45 14 16 30 28 29 46 38 2 26 0 (value : 1678)
TO   solution: 0 49 27 17 23 5 16 36 48 47 30 2 4 45 40 39 20 14 29 9 22 1 33 15 31 41 28 42 38 7 32 11 18 13 43 34 12 24 35 26 44 3 21 19 37 6 25 8 10 46 0 (value : 364)
in 0.000554 seconds (chrono time)
FROM solution: 0 1 3 10 38 29 6 24 41 37 44 26 40 7 14 8 16 17 39 23 20 9 27 13 36 25 33 32 12 30 15 42 5 2 48 34 28 22 45 18 21 31 19 43 11 46 4 47 35 49 0 (value : 1648)
TO   solution: 0 20 26 15 5 17 1 24 23 36 13 32 9 29 4 12 28 10 45 16 34 42 41 39 22 6 8 48 43 44 49 25 38 31 3 35 18 7 46 30 37 33 19 14 27 21 11 2 40 47 0 (value : 350)
in 0.001014 seconds (chrono time)
FROM solution: 0 37 42 41 43 29 39 28 32 30 12 5 16 14 10 15 49 27 13 3 47 21 22 6 26 25 31 44 4 20 2 23 7 33 34 9 36 1 38 40 45 46 18 8 35 17 11 24 19 48 0 (value : 1570)
TO   solution: 0 5 39 3 37 2 32 35 21 22 16 23 33 30 7 41 40 49 36 34 6 18 20 15 10 43 45 31 25 28 26 27 38 9 42 47 4 17 1 14 12 11 8 46 24 29 44 19 13 48 0 (value : 344)
in 0.000959 seconds (chrono time)
FROM solution: 0 1 16 20 49 41 2 42 26 6 31 11 30 44 3 7 32 39 12 48 36 27 28 8 45 21 29 37 24 15 40 43 22 33 34 35 10 47 38 17 25 23 4 14 19 9 18 13 46 5 0 (value : 1752)
TO   solution: 0 29 36 15 21 37 30 45 17 8 41 49 2 39 33 23 3 28 46 42 6 10 38 44 4 48 22 24 47 9 40 1 19 13 26 35 11 7 27 25 12 43 16 34 20 31 32 5 14 18 0 (value : 346)
in 0.000997 seconds (chrono time)
FROM solution: 0 6 2 40 5 32 26 11 17 35 46 48 12 41 3 45 16 39 29 15 27 21 20 10 24 36 13 18 33 4 19 31 25 9 30 23 14 37 8 34 7 1 28 43 44 38 49 42 22 47 0 (value : 1872)
TO   solution: 0 40 7 30 34 21 46 33 36 38 48 39 29 49 43 8 37 12 9 27 6 31 41 1 5 14 19 26 22 42 45 4 47 11 2 24 16 32 10 13 44 3 25 35 23 15 20 18 17 28 0 (value : 368)
in 0.000848 seconds (chrono time)
FROM solution: 0 38 47 30 37 2 9 42 8 46 39 11 29 17 34 49 35 6 18 22 40 19 16 28 43 7 14 33 13 12 41 31 48 24 23 25 36 1 15 10 45 3 32 20 44 4 27 5 26 21 0 (value : 1680)
TO   solution: 0 45 31 6 29 39 21 27 37 28 24 2 26 12 8 19 32 5 46 16 15 30 10 43 47 22 38 35 42 3 4 18 9 14 34 23 1 41 11 17 48 13 44 40 20 33 25 49 36 7 0 (value : 348)
in 0.000871 seconds (chrono time)
FROM solution: 0 43 15 34 28 38 39 5 25 31 10 11 29 36 47 23 35 33 49 4 20 21 2 14 16 8 17 42 3 26 46 32 7 48 41 27 6 22 30 40 37 24 9 19 44 1 45 13 12 18 0 (value : 1492)
TO   solution: 0 17 18 2 30 24 35 20 44 8 33 11 31 3 5 40 21 37 26 16 48 43 49 12 41 13 27 9 39 47 32 34 6 46 23 29 38 14 15 28 10 1 22 36 45 19 4 25 42 7 0 (value : 388)
in 0.000997 seconds (chrono time)
