80
0		33		48		83		24		35		73		62		89		36		5		66		45		58		50		38		11		20		72		45		60		11		92		14		49		60		48		64		48		36		12		29		57		11		26		88		58		27		44		24		56		43		72		82		18		50		46		17		37		14		62		32		15		16		49		38		49		82		60		25		26		70		43		39		45		59		27		47		19		59		53		60		18		60		40		32		43		34		57		38
33		0		81		86		45		68		76		95		92		39		28		99		48		61		53		71		42		13		105		78		63		44		95		47		52		63		59		67		51		37		21		62		90		42		29		91		91		42		37		57		59		54		75		85		15		31		49		50		70		19		65		41		20		17		28		35		52		85		63		54		31		73		40		72		48		92		52		50		40		78		86		93		47		93		43		65		46		37		60		41
48		81		0		51		56		17		73		22		57		58		53		18		83		54		36		30		39		68		24		5		52		43		60		42		77		78		22		60		94		68		60		35		9		43		64		56		10		39		92		42		52		27		40		50		66		98		54		31		11		62		50		40		61		64		97		70		73		50		76		27		58		70		75		27		49		29		59		59		41		27		13		14		34		16		46		38		87		68		25		58
83		86		51		0		107		68		60		73		42		47		80		59		70		41		33		81		72		89		45		56		39		94		13		93		64		65		35		47		81		119		95		86		48		94		57		41		47		56		79		93		39		40		21		27		79		85		41		78		56		73		37		51		98		73		84		121		60		17		63		58		109		57		126		78		38		80		110		46		64		24		64		37		65		35		43		89		74		55		26		45
24		45		56		107		0		39		97		50		113		60		27		54		69		82		74		26		35		32		62		51		84		13		116		14		73		84		72		88		72		12		24		21		59		13		50		112		60		51		58		14		80		67		96		106		30		62		70		29		51		34		86		56		25		34		61		14		73		106		84		49		14		94		19		29		69		47		7		71		43		83		43		70		42		72		64		20		67		58		81		62
35		68		17		68		39		0		60		27		74		45		40		31		70		43		35		13		26		55		37		12		45		26		77		25		64		65		33		49		81		51		47		18		22		26		51		73		23		26		79		25		41		28		57		67		53		85		41		18		12		49		47		27		48		51		84		53		60		67		63		14		41		57		58		10		36		24		42		46		28		44		18		31		21		33		33		21		74		55		42		45
73		76		73		60		97		60		0		87		18		37		70		91		28		19		37		71		62		79		97		70		21		84		47		83		24		13		51		13		25		109		85		76		82		84		47		19		83		46		39		83		21		46		39		33		69		45		27		68		62		63		23		41		88		63		48		111		24		43		13		48		99		3		116		68		28		84		100		26		54		70		78		85		55		85		33		79		30		39		48		35
62		95		22		73		50		27		87		0		79		72		67		14		97		68		50		24		53		82		28		17		66		51		82		48		91		92		38		74		108		58		74		33		25		53		78		78		26		53		106		38		66		41		62		72		80		112		68		45		25		76		64		54		75		78		111		60		87		72		90		41		64		84		55		23		63		7		43		73		55		49		9		36		48		38		60		30		101		82		47		72
89		92		57		42		113		74		18		79		0		53		86		73		44		31		39		87		78		95		79		62		29		100		29		99		40		29		41		25		41		125		101		92		64		100		63		1		65		62		55		99		33		46		21		15		85		61		43		84		62		79		27		57		104		79		64		127		40		25		29		64		115		19		132		84		44		86		116		42		70		52		70		67		71		67		49		95		46		55		32		51
36		39		58		47		60		45		37		72		53		0		33		76		25		22		22		48		25		42		82		55		24		47		56		46		19		24		36		28		36		72		48		39		67		47		10		52		68		19		34		46		20		31		36		46		32		40		10		31		47		26		26		18		51		26		39		74		15		46		24		31		62		34		79		49		9		69		63		11		17		55		63		70		24		70		12		42		29		10		33		2
5		28		53		80		27		40		70		67		86		33		0		71		42		55		47		43		14		15		77		50		57		16		89		19		46		57		45		61		45		39		15		34		62		14		23		85		63		24		39		29		53		40		69		79		13		45		43		22		42		9		59		29		18		11		44		41		46		79		57		26		29		67		46		44		42		64		30		44		16		56		58		65		19		65		37		37		40		31		54		35
66		99		18		59		54		31		91		14		73		76		71		0		101		72		54		28		57		86		14		21		70		55		68		52		95		96		40		78		112		62		78		37		11		57		82		72		12		57		110		42		70		45		52		58		84		116		72		49		29		80		68		58		79		82		115		64		91		58		94		45		68		88		67		27		67		21		51		77		59		35		13		22		52		24		64		34		105		86		43		76
45		48		83		70		69		70		28		97		44		25		42		101		0		29		47		73		44		51		107		80		31		56		57		55		6		15		61		23		11		81		57		64		92		56		19		43		93		44		11		59		31		56		49		43		41		17		29		52		72		35		33		43		60		35		20		83		10		53		15		56		71		25		88		74		34		94		72		24		42		80		88		95		49		95		37		67		4		15		58		25
58		61		54		41		82		43		19		68		31		22		55		72		29		0		18		56		47		64		78		51		2		69		34		68		23		24		32		6		40		94		70		61		63		69		32		30		64		31		38		68		2		27		20		24		54		44		12		53		43		48		4		26		73		48		43		96		19		24		22		33		84		16		101		53		13		65		85		11		39		51		59		66		40		66		18		64		33		24		29		20
50		53		36		33		74		35		37		50		39		22		47		54		47		18		0		48		39		56		60		33		16		61		42		60		41		42		14		24		58		86		62		53		45		61		28		38		46		23		56		60		16		9		22		32		46		62		18		45		25		40		14		18		65		40		61		88		37		32		40		25		76		34		93		45		13		47		77		23		31		33		41		48		32		48		10		56		51		32		11		22
38		71		30		81		26		13		71		24		87		48		43		28		73		56		48		0		29		58		36		25		58		27		90		24		67		68		46		62		84		38		50		9		33		29		54		86		34		29		82		14		54		41		70		80		56		88		44		21		25		52		60		30		51		54		87		40		63		80		66		23		40		68		45		3		43		21		29		49		31		57		17		44		24		46		38		8		77		58		55		48
11		42		39		72		35		26		62		53		78		25		14		57		44		47		39		29		0		29		63		36		49		22		81		21		38		49		37		53		55		47		23		20		48		22		25		77		49		16		53		21		45		32		61		71		27		59		35		8		28		23		51		21		26		25		58		49		38		71		49		14		37		59		54		30		34		50		38		36		8		48		44		51		7		51		29		23		48		29		46		27
20		13		68		89		32		55		79		82		95		42		15		86		51		64		56		58		29		0		92		65		66		31		98		34		55		66		54		70		54		30		8		49		77		29		32		94		78		33		40		44		62		49		78		88		10		34		52		37		57		16		68		38		9		16		31		32		55		88		66		41		20		76		37		59		51		79		39		53		27		65		73		80		34		80		46		52		49		40		63		44
72		105		24		45		62		37		97		28		79		82		77		14		107		78		60		36		63		92		0		27		76		61		54		58		101		102		46		84		118		74		84		43		15		63		88		78		14		63		116		48		76		51		58		64		90		122		78		55		35		86		74		64		85		88		121		76		97		54		100		51		74		94		81		33		73		35		65		83		65		27		19		12		58		12		70		44		111		92		49		82
45		78		5		56		51		12		70		17		62		55		50		21		80		51		33		25		36		65		27		0		49		38		65		37		74		75		21		57		91		63		57		30		12		38		61		61		13		36		89		37		49		24		45		55		63		95		51		28		8		59		47		37		58		61		94		65		70		55		73		24		53		67		70		22		46		24		54		56		38		32		8		19		31		21		43		33		84		65		30		55
60		63		52		39		84		45		21		66		29		24		57		70		31		2		16		58		49		66		76		49		0		71		32		70		25		26		30		8		42		96		72		63		61		71		34		28		62		33		40		70		4		25		18		22		56		46		14		55		41		50		2		28		75		50		45		98		21		22		24		35		86		18		103		55		15		63		87		13		41		49		57		64		42		64		20		66		35		26		27		22
11		44		43		94		13		26		84		51		100		47		16		55		56		69		61		27		22		31		61		38		71		0		103		3		60		71		59		75		59		25		23		18		46		2		37		99		47		38		55		13		67		54		83		93		29		61		57		16		38		25		73		43		24		27		60		27		60		93		71		36		15		81		32		28		56		48		16		58		30		70		42		57		29		59		51		21		54		45		68		49
92		95		60		13		116		77		47		82		29		56		89		68		57		34		42		90		81		98		54		65		32		103		0		102		51		52		44		34		68		128		104		95		57		103		66		28		56		65		66		102		36		49		20		14		88		72		46		87		65		82		30		60		107		82		71		130		47		10		50		67		118		44		135		87		47		89		119		45		73		33		73		46		74		44		52		98		61		58		35		54
14		47		42		93		14		25		83		48		99		46		19		52		55		68		60		24		21		34		58		37		70		3		102		0		59		70		58		74		60		26		26		15		45		5		36		98		46		37		58		10		66		53		82		92		32		64		56		15		37		28		72		42		27		30		63		28		59		92		70		35		16		80		33		25		55		45		17		57		29		69		39		56		28		58		50		18		53		44		67		48
49		52		77		64		73		64		24		91		40		19		46		95		6		23		41		67		38		55		101		74		25		60		51		59		0		11		55		17		17		85		61		58		86		60		23		39		87		38		15		59		25		50		43		37		45		21		23		46		66		39		27		37		64		39		24		87		4		47		11		50		75		21		92		68		28		88		76		18		36		74		82		89		43		89		31		61		10		15		52		19
60		63		78		65		84		65		13		92		29		24		57		96		15		24		42		68		49		66		102		75		26		71		52		70		11		0		56		18		16		96		72		63		87		71		34		28		88		39		26		70		26		51		44		38		56		32		24		55		67		50		28		38		75		50		35		98		11		48		2		51		86		10		103		69		29		89		87		19		41		75		83		90		44		90		32		66		17		26		53		22
48		59		22		35		72		33		51		38		41		36		45		40		61		32		14		46		37		54		46		21		30		59		44		58		55		56		0		38		72		84		60		51		31		59		42		40		32		21		70		58		30		5		24		34		44		76		32		43		21		40		28		18		63		42		75		86		51		34		54		23		74		48		91		43		27		45		75		37		29		19		29		34		30		34		24		54		65		46		9		36
64		67		60		47		88		49		13		74		25		28		61		78		23		6		24		62		53		70		84		57		8		75		34		74		17		18		38		0		34		100		76		67		69		75		38		24		70		37		32		74		8		33		26		20		60		38		18		59		49		54		10		32		79		54		39		102		15		30		16		39		90		10		107		59		19		71		91		17		45		57		65		72		46		72		24		70		27		30		35		26
48		51		94		81		72		81		25		108		41		36		45		112		11		40		58		84		55		54		118		91		42		59		68		60		17		16		72		34		0		84		60		75		103		59		30		40		104		55		14		70		42		67		60		54		44		20		40		63		83		38		44		54		63		38		23		86		21		64		18		67		74		24		91		85		45		105		75		35		53		91		99		106		60		106		48		78		7		26		69		36
36		37		68		119		12		51		109		58		125		72		39		62		81		94		86		38		47		30		74		63		96		25		128		26		85		96		84		100		84		0		24		33		71		25		62		124		72		63		70		26		92		79		108		118		40		64		82		41		63		46		98		68		21		46		61		2		85		118		96		61		10		106		7		41		81		55		15		83		55		95		55		82		54		84		76		30		79		70		93		74
12		21		60		95		24		47		85		74		101		48		15		78		57		70		62		50		23		8		84		57		72		23		104		26		61		72		60		76		60		24		0		41		69		21		38		100		70		39		46		36		68		55		84		94		16		40		58		29		49		22		74		44		3		22		37		26		61		94		72		37		14		82		31		51		57		71		31		59		31		71		65		72		30		72		52		44		55		46		69		50
29		62		35		86		21		18		76		33		92		39		34		37		64		61		53		9		20		49		43		30		63		18		95		15		58		63		51		67		75		33		41		0		38		20		45		91		39		30		73		7		59		46		75		85		47		79		49		12		30		43		65		35		42		45		78		35		54		85		63		28		31		73		40		10		48		30		24		50		22		62		24		49		21		51		43		3		68		49		60		41
57		90		9		48		59		22		82		25		64		67		62		11		92		63		45		33		48		77		15		12		61		46		57		45		86		87		31		69		103		71		69		38		0		48		73		63		1		48		101		45		61		36		43		49		75		107		63		40		20		71		59		49		70		73		106		73		82		47		85		36		61		79		78		30		58		32		62		68		50		24		16		11		43		13		55		41		96		77		34		67
11		42		43		94		13		26		84		53		100		47		14		57		56		69		61		29		22		29		63		38		71		2		103		5		60		71		59		75		59		25		21		20		48		0		37		99		49		38		53		15		67		54		83		93		27		59		57		16		38		23		73		43		22		25		58		27		60		93		71		36		15		81		32		30		56		50		16		58		30		70		44		57		29		59		51		23		54		45		68		49
26		29		64		57		50		51		47		78		63		10		23		82		19		32		28		54		25		32		88		61		34		37		66		36		23		34		42		38		30		62		38		45		73		37		0		62		74		25		28		40		30		37		46		56		22		34		20		33		53		16		36		24		41		16		33		64		23		56		34		37		52		44		69		55		19		75		53		21		23		61		69		76		30		76		18		48		23		8		39		12
88		91		56		41		112		73		19		78		1		52		85		72		43		30		38		86		77		94		78		61		28		99		28		98		39		28		40		24		40		124		100		91		63		99		62		0		64		61		54		98		32		45		20		14		84		60		42		83		61		78		26		56		103		78		63		126		39		24		28		63		114		18		131		83		43		85		115		41		69		51		69		66		70		66		48		94		45		54		31		50
58		91		10		47		60		23		83		26		65		68		63		12		93		64		46		34		49		78		14		13		62		47		56		46		87		88		32		70		104		72		70		39		1		49		74		64		0		49		102		46		62		37		44		50		76		108		64		41		21		72		60		50		71		74		107		74		83		46		86		37		62		80		79		31		59		33		63		69		51		23		17		10		44		12		56		42		97		78		35		68
27		42		39		56		51		26		46		53		62		19		24		57		44		31		23		29		16		33		63		36		33		38		65		37		38		39		21		37		55		63		39		30		48		38		25		61		49		0		53		37		29		16		45		55		27		59		19		22		28		23		35		5		42		25		58		65		34		55		37		12		53		43		70		30		18		50		54		20		8		36		44		51		9		51		13		33		48		29		30		19
44		37		92		79		58		79		39		106		55		34		39		110		11		38		56		82		53		40		116		89		40		55		66		58		15		26		70		32		14		70		46		73		101		53		28		54		102		53		0		68		40		65		58		52		30		6		38		61		81		30		42		52		49		28		9		72		19		62		26		65		60		36		77		83		43		103		63		33		51		89		97		104		58		104		46		76		9		24		67		34
24		57		42		93		14		25		83		38		99		46		29		42		59		68		60		14		21		44		48		37		70		13		102		10		59		70		58		74		70		26		36		7		45		15		40		98		46		37		68		0		66		53		82		92		42		74		56		15		37		38		72		42		37		40		73		28		59		92		70		35		26		80		33		15		55		35		17		57		29		69		29		56		28		58		50		8		63		44		67		48
56		59		52		39		80		41		21		66		33		20		53		70		31		2		16		54		45		62		76		49		4		67		36		66		25		26		30		8		42		92		68		59		61		67		30		32		62		29		40		66		0		25		18		26		52		46		10		51		41		46		6		24		71		46		45		94		21		26		24		31		82		18		99		51		11		63		83		9		37		49		57		64		38		64		16		62		35		22		27		18
43		54		27		40		67		28		46		41		46		31		40		45		56		27		9		41		32		49		51		24		25		54		49		53		50		51		5		33		67		79		55		46		36		54		37		45		37		16		65		53		25		0		29		39		39		71		27		38		16		35		23		13		58		37		70		81		46		39		49		18		69		43		86		38		22		40		70		32		24		24		32		39		25		39		19		49		60		41		14		31
72		75		40		21		96		57		39		62		21		36		69		52		49		20		22		70		61		78		58		45		18		83		20		82		43		44		24		26		60		108		84		75		43		83		46		20		44		45		58		82		18		29		0		10		68		64		26		67		45		62		16		40		87		62		63		110		39		10		42		47		98		36		115		67		27		69		99		25		53		31		53		46		54		46		32		78		53		38		15		34
82		85		50		27		106		67		33		72		15		46		79		58		43		24		32		80		71		88		64		55		22		93		14		92		37		38		34		20		54		118		94		85		49		93		56		14		50		55		52		92		26		39		10		0		78		58		36		77		55		72		20		50		97		72		57		120		33		10		36		57		108		30		125		77		37		79		109		35		63		37		63		52		64		52		42		88		47		48		25		44
18		15		66		79		30		53		69		80		85		32		13		84		41		54		46		56		27		10		90		63		56		29		88		32		45		56		44		60		44		40		16		47		75		27		22		84		76		27		30		42		52		39		68		78		0		32		42		35		55		6		58		28		19		6		31		42		45		78		56		39		30		66		47		57		41		77		37		43		25		63		71		78		32		78		36		50		39		30		53		34
50		31		98		85		62		85		45		112		61		40		45		116		17		44		62		88		59		34		122		95		46		61		72		64		21		32		76		38		20		64		40		79		107		59		34		60		108		59		6		74		46		71		64		58		32		0		44		67		87		36		48		58		43		34		3		66		25		68		32		71		54		42		71		89		49		109		69		39		57		95		103		110		64		110		52		82		15		30		73		40
46		49		54		41		70		41		27		68		43		10		43		72		29		12		18		44		35		52		78		51		14		57		46		56		23		24		32		18		40		82		58		49		63		57		20		42		64		19		38		56		10		27		26		36		42		44		0		41		43		36		16		14		61		36		43		84		19		36		22		27		72		24		89		45		5		65		73		5		27		51		59		66		28		66		8		52		33		14		29		8
17		50		31		78		29		18		68		45		84		31		22		49		52		53		45		21		8		37		55		28		55		16		87		15		46		55		43		59		63		41		29		12		40		16		33		83		41		22		61		15		51		38		67		77		35		67		41		0		22		31		57		27		30		33		66		43		44		77		55		20		31		65		48		22		40		42		32		42		14		54		36		43		13		43		35		15		56		37		52		33
37		70		11		56		51		12		62		25		62		47		42		29		72		43		25		25		28		57		35		8		41		38		65		37		66		67		21		49		83		63		49		30		20		38		53		61		21		28		81		37		41		16		45		55		55		87		43		22		0		51		39		29		50		53		86		65		62		55		65		16		53		59		70		22		38		24		54		48		30		32		16		23		23		23		35		33		76		57		30		47
14		19		62		73		34		49		63		76		79		26		9		80		35		48		40		52		23		16		86		59		50		25		82		28		39		50		40		54		38		46		22		43		71		23		16		78		72		23		30		38		46		35		62		72		6		36		36		31		51		0		52		22		25		2		35		48		39		72		50		35		36		60		53		53		35		73		37		37		21		59		67		74		28		74		30		46		33		24		47		28
62		65		50		37		86		47		23		64		27		26		59		68		33		4		14		60		51		68		74		47		2		73		30		72		27		28		28		10		44		98		74		65		59		73		36		26		60		35		42		72		6		23		16		20		58		48		16		57		39		52		0		30		77		52		47		100		23		20		26		37		88		20		105		57		17		61		89		15		43		47		55		62		44		62		22		68		37		28		25		24
32		41		40		51		56		27		41		54		57		18		29		58		43		26		18		30		21		38		64		37		28		43		60		42		37		38		18		32		54		68		44		35		49		43		24		56		50		5		52		42		24		13		40		50		28		58		14		27		29		22		30		0		47		24		57		70		33		50		36		13		58		38		75		31		13		51		59		19		13		37		45		52		14		52		8		38		47		28		25		18
15		20		61		98		25		48		88		75		104		51		18		79		60		73		65		51		26		9		85		58		75		24		107		27		64		75		63		79		63		21		3		42		70		22		41		103		71		42		49		37		71		58		87		97		19		43		61		30		50		25		77		47		0		25		40		23		64		97		75		40		11		85		28		52		60		72		32		62		34		74		66		73		33		73		55		45		58		49		72		53
16		17		64		73		34		51		63		78		79		26		11		82		35		48		40		54		25		16		88		61		50		27		82		30		39		50		42		54		38		46		22		45		73		25		16		78		74		25		28		40		46		37		62		72		6		34		36		33		53		2		52		24		25		0		33		48		39		72		50		37		36		60		53		55		35		75		37		37		23		61		69		76		30		76		30		48		33		24		47		28
49		28		97		84		61		84		48		111		64		39		44		115		20		43		61		87		58		31		121		94		45		60		71		63		24		35		75		39		23		61		37		78		106		58		33		63		107		58		9		73		45		70		63		57		31		3		43		66		86		35		47		57		40		33		0		63		24		67		35		70		51		45		68		88		48		108		68		38		56		94		102		109		63		109		51		81		18		29		72		39
38		35		70		121		14		53		111		60		127		74		41		64		83		96		88		40		49		32		76		65		98		27		130		28		87		98		86		102		86		2		26		35		73		27		64		126		74		65		72		28		94		81		110		120		42		66		84		43		65		48		100		70		23		48		63		0		87		120		98		63		12		108		5		43		83		57		17		85		57		97		57		84		56		86		78		32		81		72		95		76
49		52		73		60		73		60		24		87		40		15		46		91		10		19		37		63		38		55		97		70		21		60		47		59		4		11		51		15		21		85		61		54		82		60		23		39		83		34		19		59		21		46		39		33		45		25		19		44		62		39		23		33		64		39		24		87		0		43		11		46		75		21		92		64		24		84		76		14		32		70		78		85		39		85		27		57		14		15		48		15
82		85		50		17		106		67		43		72		25		46		79		58		53		24		32		80		71		88		54		55		22		93		10		92		47		48		34		30		64		118		94		85		47		93		56		24		46		55		62		92		26		39		10		10		78		68		36		77		55		72		20		50		97		72		67		120		43		0		46		57		108		40		125		77		37		79		109		35		63		27		63		42		64		42		42		88		57		48		25		44
60		63		76		63		84		63		13		90		29		24		57		94		15		22		40		66		49		66		100		73		24		71		50		70		11		2		54		16		18		96		72		63		85		71		34		28		86		37		26		70		24		49		42		36		56		32		22		55		65		50		26		36		75		50		35		98		11		46		0		49		86		10		103		67		27		87		87		17		41		73		81		88		42		88		30		66		17		26		51		22
25		54		27		58		49		14		48		41		64		31		26		45		56		33		25		23		14		41		51		24		35		36		67		35		50		51		23		39		67		61		37		28		36		36		37		63		37		12		65		35		31		18		47		57		39		71		27		20		16		35		37		13		40		37		70		63		46		57		49		0		51		45		68		20		22		38		52		32		14		34		32		39		7		39		19		31		60		41		32		31
26		31		58		109		14		41		99		64		115		62		29		68		71		84		76		40		37		20		74		53		86		15		118		16		75		86		74		90		74		10		14		31		61		15		52		114		62		53		60		26		82		69		98		108		30		54		72		31		53		36		88		58		11		36		51		12		75		108		86		51		0		96		17		41		71		61		21		73		45		85		55		72		44		74		66		34		69		60		83		64
70		73		70		57		94		57		3		84		19		34		67		88		25		16		34		68		59		76		94		67		18		81		44		80		21		10		48		10		24		106		82		73		79		81		44		18		80		43		36		80		18		43		36		30		66		42		24		65		59		60		20		38		85		60		45		108		21		40		10		45		96		0		113		65		25		81		97		23		51		67		75		82		52		82		30		76		27		36		45		32
43		40		75		126		19		58		116		55		132		79		46		67		88		101		93		45		54		37		81		70		103		32		135		33		92		103		91		107		91		7		31		40		78		32		69		131		79		70		77		33		99		86		115		125		47		71		89		48		70		53		105		75		28		53		68		5		92		125		103		68		17		113		0		48		88		52		16		90		62		102		62		89		61		91		83		37		86		77		100		81
39		72		27		78		29		10		68		23		84		49		44		27		74		53		45		3		30		59		33		22		55		28		87		25		68		69		43		59		85		41		51		10		30		30		55		83		31		30		83		15		51		38		67		77		57		89		45		22		22		53		57		31		52		55		88		43		64		77		67		20		41		65		48		0		40		20		32		50		32		54		14		41		25		43		37		11		78		59		52		49
45		48		49		38		69		36		28		63		44		9		42		67		34		13		13		43		34		51		73		46		15		56		47		55		28		29		27		19		45		81		57		48		58		56		19		43		59		18		43		55		11		22		27		37		41		49		5		40		38		35		17		13		60		35		48		83		24		37		27		22		71		25		88		40		0		60		72		10		26		46		54		61		27		61		5		51		38		19		24		9
59		92		29		80		47		24		84		7		86		69		64		21		94		65		47		21		50		79		35		24		63		48		89		45		88		89		45		71		105		55		71		30		32		50		75		85		33		50		103		35		63		40		69		79		77		109		65		42		24		73		61		51		72		75		108		57		84		79		87		38		61		81		52		20		60		0		40		70		52		56		16		43		45		45		57		27		98		79		54		69
27		52		59		110		7		42		100		43		116		63		30		51		72		85		77		29		38		39		65		54		87		16		119		17		76		87		75		91		75		15		31		24		62		16		53		115		63		54		63		17		83		70		99		109		37		69		73		32		54		37		89		59		32		37		68		17		76		109		87		52		21		97		16		32		72		40		0		74		46		86		46		73		45		75		67		21		70		61		84		65
47		50		59		46		71		46		26		73		42		11		44		77		24		11		23		49		36		53		83		56		13		58		45		57		18		19		37		17		35		83		59		50		68		58		21		41		69		20		33		57		9		32		25		35		43		39		5		42		48		37		15		19		62		37		38		85		14		35		17		32		73		23		90		50		10		70		74		0		28		56		64		71		29		71		13		53		28		13		34		9
19		40		41		64		43		28		54		55		70		17		16		59		42		39		31		31		8		27		65		38		41		30		73		29		36		41		29		45		53		55		31		22		50		30		23		69		51		8		51		29		37		24		53		63		25		57		27		14		30		21		43		13		34		23		56		57		32		63		41		14		45		51		62		32		26		52		46		28		0		40		46		53		7		53		21		25		46		27		38		19
59		78		27		24		83		44		70		49		52		55		56		35		80		51		33		57		48		65		27		32		49		70		33		69		74		75		19		57		91		95		71		62		24		70		61		51		23		36		89		69		49		24		31		37		63		95		51		54		32		59		47		37		74		61		94		97		70		27		73		34		85		67		102		54		46		56		86		56		40		0		40		15		41		15		43		65		84		65		22		55
53		86		13		64		43		18		78		9		70		63		58		13		88		59		41		17		44		73		19		8		57		42		73		39		82		83		29		65		99		55		65		24		16		44		69		69		17		44		97		29		57		32		53		63		71		103		59		36		16		67		55		45		66		69		102		57		78		63		81		32		55		75		62		14		54		16		46		64		46		40		0		27		39		29		51		25		92		73		38		63
60		93		14		37		70		31		85		36		67		70		65		22		95		66		48		44		51		80		12		19		64		57		46		56		89		90		34		72		106		82		72		49		11		57		76		66		10		51		104		56		64		39		46		52		78		110		66		43		23		74		62		52		73		76		109		84		85		42		88		39		72		82		89		41		61		43		73		71		53		15		27		0		46		2		58		52		99		80		37		70
18		47		34		65		42		21		55		48		71		24		19		52		49		40		32		24		7		34		58		31		42		29		74		28		43		44		30		46		60		54		30		21		43		29		30		70		44		9		58		28		38		25		54		64		32		64		28		13		23		28		44		14		33		30		63		56		39		64		42		7		44		52		61		25		27		45		45		29		7		41		39		46		0		46		22		24		53		34		39		24
60		93		16		35		72		33		85		38		67		70		65		24		95		66		48		46		51		80		12		21		64		59		44		58		89		90		34		72		106		84		72		51		13		59		76		66		12		51		104		58		64		39		46		52		78		110		66		43		23		74		62		52		73		76		109		86		85		42		88		39		74		82		91		43		61		45		75		71		53		15		29		2		46		0		58		54		99		80		37		70
40		43		46		43		64		33		33		60		49		12		37		64		37		18		10		38		29		46		70		43		20		51		52		50		31		32		24		24		48		76		52		43		55		51		18		48		56		13		46		50		16		19		32		42		36		52		8		35		35		30		22		8		55		30		51		78		27		42		30		19		66		30		83		37		5		57		67		13		21		43		51		58		22		58		0		46		41		22		21		12
32		65		38		89		20		21		79		30		95		42		37		34		67		64		56		8		23		52		44		33		66		21		98		18		61		66		54		70		78		30		44		3		41		23		48		94		42		33		76		8		62		49		78		88		50		82		52		15		33		46		68		38		45		48		81		32		57		88		66		31		34		76		37		11		51		27		21		53		25		65		25		52		24		54		46		0		71		52		63		44
43		46		87		74		67		74		30		101		46		29		40		105		4		33		51		77		48		49		111		84		35		54		61		53		10		17		65		27		7		79		55		68		96		54		23		45		97		48		9		63		35		60		53		47		39		15		33		56		76		33		37		47		58		33		18		81		14		57		17		60		69		27		86		78		38		98		70		28		46		84		92		99		53		99		41		71		0		19		62		29
34		37		68		55		58		55		39		82		55		10		31		86		15		24		32		58		29		40		92		65		26		45		58		44		15		26		46		30		26		70		46		49		77		45		8		54		78		29		24		44		22		41		38		48		30		30		14		37		57		24		28		28		49		24		29		72		15		48		26		41		60		36		77		59		19		79		61		13		27		65		73		80		34		80		22		52		19		0		43		10
57		60		25		26		81		42		48		47		32		33		54		43		58		29		11		55		46		63		49		30		27		68		35		67		52		53		9		35		69		93		69		60		34		68		39		31		35		30		67		67		27		14		15		25		53		73		29		52		30		47		25		25		72		47		72		95		48		25		51		32		83		45		100		52		24		54		84		34		38		22		38		37		39		37		21		63		62		43		0		33
38		41		58		45		62		45		35		72		51		2		35		76		25		20		22		48		27		44		82		55		22		49		54		48		19		22		36		26		36		74		50		41		67		49		12		50		68		19		34		48		18		31		34		44		34		40		8		33		47		28		24		18		53		28		39		76		15		44		22		31		64		32		81		49		9		69		65		9		19		55		63		70		24		70		12		44		29		10		33		0
