N = 80
FROM solution: 0 27 74 60 49 52 56 67 8 51 28 11 39 26 14 3 62 72 58 53 24 21 17 2 38 68 13 6 33 22 63 37 64 65 77 43 25 18 30 71 31 41 42 12 44 78 5 76 32 55 50 10 66 19 9 54 20 57 1 36 48 59 45 73 46 16 79 29 47 69 70 61 35 15 40 23 75 4 7 34 0 (value : 3842)
TO   solution: 0 3 74 52 18 11 4 65 34 7 63 73 60 71 20 53 24 21 14 46 48 41 30 12 69 77 9 39 13 26 51 45 64 19 78 43 70 37 72 6 68 17 54 36 23 58 42 76 59 29 40 8 44 1 66 32 15 75 35 67 31 47 57 10 50 62 28 5 16 38 33 55 61 25 2 79 22 27 49 56 0 (value : 752)
in 0.00464 seconds (chrono time)
FROM solution: 0 65 36 1 30 7 6 44 41 45 20 68 23 48 25 5 19 17 18 40 54 2 58 57 43 49 69 13 31 64 21 39 22 11 24 35 76 37 71 38 32 27 26 52 15 75 67 74 34 16 70 3 60 33 50 55 56 29 12 51 53 66 59 63 42 46 62 9 14 61 10 8 72 73 4 28 79 77 47 78 0 (value : 4486)
TO   solution: 0 15 39 54 2 38 50 24 35 17 61 3 44 57 66 45 56 22 59 73 36 67 14 52 55 41 25 21 42 69 75 68 23 78 74 5 58 13 71 70 31 10 7 20 60 64 26 48 53 30 34 9 28 27 65 72 29 62 16 79 76 40 18 77 1 6 8 47 32 46 37 12 49 33 19 63 51 43 11 4 0 (value : 750)
in 0.002118 seconds (chrono time)
FROM solution: 0 59 50 3 61 17 34 47 11 70 37 67 39 4 10 57 44 9 18 19 25 21 60 23 52 20 2 24 45 5 55 72 14 54 77 46 12 8 64 36 40 63 51 7 13 42 30 76 48 49 31 1 79 78 32 73 15 28 58 38 33 66 65 68 27 6 56 41 22 69 43 71 62 16 74 75 29 35 53 26 0 (value : 4196)
TO   solution: 0 49 8 35 25 44 17 72 31 36 64 15 33 58 39 62 2 4 1 21 16 48 19 65 59 52 53 66 12 56 55 34 26 47 40 71 61 50 9 57 28 77 10 70 41 42 73 30 5 20 74 23 27 46 7 29 14 54 24 6 76 37 68 11 22 51 18 32 69 3 43 75 45 38 67 78 63 60 79 13 0 (value : 698)
in 0.002082 seconds (chrono time)
FROM solution: 0 36 8 24 2 74 56 10 23 77 21 15 6 69 22 18 72 11 62 35 20 51 39 68 19 50 5 54 52 58 3 66 59 33 29 7 73 28 17 43 60 42 41 61 49 38 70 47 26 44 9 16 64 48 78 40 37 4 13 30 32 14 57 63 45 25 31 67 46 34 27 55 71 53 1 75 76 65 12 79 0 (value : 4014)
TO   solution: 0 72 42 48 37 27 34 56 11 73 31 44 76 30 68 41 23 49 28 66 4 64 7 3 14 62 40 69 70 61 20 79 19 9 58 24 1 53 55 60 35 46 50 67 5 65 18 10 16 22 2 77 39 57 47 63 12 15 51 6 54 13 71 8 17 26 52 32 25 43 21 59 74 33 78 29 38 36 75 45 0 (value : 734)
in 0.007687 seconds (chrono time)
FROM solution: 0 2 23 3 16 9 4 29 51 74 72 15 52 13 62 63 8 25 67 21 12 5 46 79 66 49 34 27 71 39 48 31 61 38 42 18 36 44 69 35 7 55 10 14 64 17 76 28 43 37 50 41 33 19 57 56 47 54 45 59 60 40 53 11 30 65 24 32 26 1 6 20 75 73 70 58 22 77 68 78 0 (value : 4046)
TO   solution: 0 53 69 55 9 56 14 1 29 63 62 3 31 11 57 10 23 64 59 17 76 52 78 39 77 20 60 46 38 7 6 35 16 41 18 43 61 12 26 79 40 72 70 22 73 5 47 15 66 25 8 32 21 74 24 37 67 4 49 50 68 33 36 45 30 28 44 19 71 75 48 42 2 34 51 65 13 27 58 54 0 (value : 702)
in 0.003898 seconds (chrono time)
FROM solution: 0 2 53 73 9 61 59 27 77 23 45 40 67 20 24 37 35 51 76 5 33 36 68 66 39 25 44 28 6 29 47 69 12 49 62 31 55 74 41 75 72 56 26 71 63 10 34 60 48 8 70 38 52 30 54 21 64 57 17 32 65 11 15 42 50 19 78 22 1 7 46 16 13 3 14 18 43 58 4 79 0 (value : 4282)
TO   solution: 0 79 77 25 53 55 44 62 76 58 54 23 75 66 26 34 18 7 1 30 38 46 10 56 2 12 4 19 6 39 47 40 68 9 3 52 5 16 37 43 24 13 50 49 61 22 70 63 31 21 69 36 15 73 11 27 67 48 8 71 78 64 72 20 65 59 42 28 60 29 45 74 41 33 57 17 35 14 32 51 0 (value : 720)
in 0.029564 seconds (chrono time)
FROM solution: 0 48 60 24 78 5 58 16 64 41 34 14 79 13 66 61 56 31 36 73 62 21 39 23 8 9 26 27 28 38 30 72 40 6 15 53 18 35 77 25 45 37 42 50 43 2 33 29 1 22 10 44 49 12 46 70 7 71 55 63 11 19 65 59 54 20 74 67 68 52 47 57 17 3 51 75 76 32 4 69 0 (value : 4554)
TO   solution: 0 52 41 76 12 13 55 56 51 57 19 45 30 21 69 29 5 33 62 72 71 74 39 1 24 60 75 23 32 36 43 28 44 17 66 79 26 48 7 10 31 59 54 20 11 50 8 3 40 6 77 37 68 16 42 46 34 9 73 53 35 78 38 49 15 25 58 63 4 61 27 64 14 22 2 67 70 47 65 18 0 (value : 702)
in 0.003231 seconds (chrono time)
FROM solution: 0 46 33 38 55 50 72 6 14 12 64 76 15 20 8 69 29 49 43 74 21 65 44 71 53 60 51 78 28 41 25 31 57 47 34 54 73 37 77 66 16 26 56 7 42 45 17 22 70 9 5 67 52 24 4 18 27 62 58 48 61 3 35 63 75 36 39 30 13 68 10 19 79 2 59 23 1 40 11 32 0 (value : 4518)
TO   solution: 0 33 21 23 60 29 55 62 66 4 39 47 31 75 15 63 5 59 72 16 68 37 51 74 14 78 26 41 48 65 7 70 19 2 36 32 11 18 71 73 69 3 22 57 42 43 35 8 6 61 25 58 24 56 27 13 50 20 40 67 46 64 79 9 34 77 12 76 28 38 45 54 1 52 30 17 44 53 49 10 0 (value : 712)
in 0.002515 seconds (chrono time)
FROM solution: 0 63 31 21 66 61 47 37 77 9 32 36 22 48 14 35 16 27 1 65 46 8 72 43 78 59 58 69 75 53 7 34 68 33 20 56 76 4 51 39 40 41 64 15 44 38 42 18 10 55 50 45 52 71 3 49 24 29 54 26 5 2 73 6 67 12 23 57 17 60 70 19 62 74 13 30 25 28 11 79 0 (value : 4142)
TO   solution: 0 50 42 63 72 15 62 52 64 7 12 28 43 10 17 24 16 79 54 74 75 27 41 53 6 13 49 60 33 35 77 39 37 55 66 78 29 1 31 58 69 32 51 30 65 59 40 38 25 57 45 21 22 36 20 11 26 34 67 47 44 48 46 3 70 56 9 18 76 2 14 4 23 68 71 8 61 73 19 5 0 (value : 744)
in 0.002156 seconds (chrono time)
FROM solution: 0 52 22 42 27 35 20 79 56 46 53 70 12 17 14 51 16 66 60 1 67 21 63 36 29 50 61 4 15 62 5 47 19 3 34 58 48 76 43 24 40 72 71 6 44 75 2 33 78 65 9 55 23 26 8 28 32 57 13 59 18 69 54 74 39 10 38 64 68 37 49 73 11 31 30 45 41 7 25 77 0 (value : 4398)
TO   solution: 0 5 76 36 66 35 68 10 18 69 44 19 12 21 50 3 52 61 63 24 13 34 60 16 41 28 2 75 54 40 55 51 79 43 62 46 29 67 1 64 65 58 78 42 70 57 26 71 7 27 31 17 8 77 6 14 22 48 23 33 11 37 59 47 9 25 53 74 39 45 15 49 4 73 56 72 38 30 32 20 0 (value : 744)
in 0.002065 seconds (chrono time)
