N = 60
FROM solution: 0 1 42 9 8 25 26 58 10 48 11 15 12 30 38 18 54 34 47 51 49 36 13 59 35 2 6 14 28 5 17 55 45 33 41 24 37 3 31 20 52 44 7 46 39 32 23 50 22 4 21 19 29 40 16 43 56 57 27 53 0 (value : 2340)
TO   solution: 0 14 54 25 57 15 30 2 40 56 33 4 17 21 5 11 43 3 42 16 53 59 10 9 50 44 24 37 13 32 48 6 8 36 20 27 7 31 58 29 46 52 26 18 39 23 22 38 51 45 12 41 34 47 35 49 28 55 19 1 0 (value : 498)
in 0.001347 seconds (chrono time)
FROM solution: 0 30 22 48 7 49 16 5 35 27 20 11 12 57 26 4 28 19 52 50 23 10 54 1 51 14 59 3 44 29 31 42 32 33 40 6 15 21 55 2 18 41 24 43 34 39 46 36 58 9 25 8 47 53 37 38 56 13 45 17 0 (value : 2336)
TO   solution: 0 31 59 29 38 24 56 49 18 30 16 25 50 11 33 27 48 54 52 1 35 7 32 23 22 10 47 39 42 8 21 13 55 12 45 3 41 37 14 9 2 43 17 19 6 51 57 53 40 5 36 4 34 46 20 15 26 44 28 58 0 (value : 456)
in 0.001503 seconds (chrono time)
FROM solution: 0 48 41 55 50 26 12 11 8 2 5 36 1 6 54 17 29 40 56 10 20 21 7 15 58 42 13 27 53 32 43 47 28 23 19 35 14 51 33 45 25 16 18 34 39 46 22 57 38 49 31 24 52 4 3 44 37 30 9 59 0 (value : 2328)
TO   solution: 0 58 14 26 28 45 50 4 15 2 9 47 54 23 5 22 3 36 44 43 18 24 56 42 10 35 37 20 19 53 32 17 11 25 13 33 31 38 40 55 29 46 12 6 21 39 41 49 59 51 1 8 7 48 27 34 30 52 57 16 0 (value : 494)
in 0.001555 seconds (chrono time)
FROM solution: 0 6 12 23 54 55 36 2 8 19 22 51 43 27 29 4 16 9 17 34 52 28 57 11 53 13 32 7 48 45 10 46 14 25 20 26 1 21 49 39 33 41 37 18 42 44 24 5 38 35 15 3 31 47 30 56 50 40 58 59 0 (value : 1976)
TO   solution: 0 3 58 2 39 47 57 40 22 23 1 10 19 36 30 46 21 49 31 8 45 27 33 52 59 5 53 32 24 51 7 48 56 14 43 35 11 13 50 34 28 20 25 44 4 38 29 9 16 54 41 37 6 12 42 15 17 18 26 55 0 (value : 484)
in 0.001509 seconds (chrono time)
FROM solution: 0 2 37 3 58 52 35 56 5 9 45 14 47 13 17 43 41 48 51 11 4 29 50 46 59 18 23 53 24 8 30 21 49 20 19 55 36 26 22 40 33 10 15 27 44 31 7 12 34 39 28 16 6 42 54 1 38 57 25 32 0 (value : 2380)
TO   solution: 0 40 14 28 53 22 47 5 58 1 12 29 42 17 8 24 3 51 18 19 54 43 4 15 34 45 44 50 57 27 52 16 55 32 56 35 30 48 49 26 10 23 46 36 25 41 2 33 37 6 31 59 38 7 39 21 20 13 11 9 0 (value : 456)
in 0.001458 seconds (chrono time)
FROM solution: 0 24 2 12 5 46 7 51 1 53 10 29 6 3 32 15 54 17 45 23 8 44 18 43 4 25 26 22 48 28 55 40 56 37 34 42 14 59 38 35 47 41 39 9 21 33 31 52 20 19 50 11 16 30 13 36 27 57 58 49 0 (value : 2132)
TO   solution: 0 33 12 49 7 58 41 54 1 50 38 56 34 47 43 5 48 37 32 6 16 14 18 44 29 31 9 59 42 25 24 19 13 36 17 30 21 52 2 22 26 23 35 27 57 51 15 10 11 20 8 53 45 28 55 3 46 4 39 40 0 (value : 452)
in 0.001542 seconds (chrono time)
FROM solution: 0 16 26 38 36 14 32 24 40 37 31 10 13 44 56 7 2 46 59 19 20 39 22 17 3 54 48 27 12 50 43 1 41 28 42 29 8 25 47 21 9 52 51 53 18 55 45 57 35 49 11 23 4 30 15 6 33 34 5 58 0 (value : 2376)
TO   solution: 0 36 47 51 44 53 57 24 46 2 8 22 5 32 13 23 56 49 39 19 11 33 20 17 27 37 35 48 18 34 7 42 16 3 30 10 14 12 52 45 6 55 4 38 40 25 43 50 28 26 41 15 58 21 31 29 59 54 9 1 0 (value : 498)
in 0.004595 seconds (chrono time)
FROM solution: 0 1 45 6 33 14 36 23 59 3 48 28 32 7 8 30 50 51 9 19 47 31 37 54 10 43 55 27 12 35 34 18 58 42 15 16 20 46 13 53 52 17 38 40 22 49 5 24 44 2 21 57 56 11 29 26 4 41 25 39 0 (value : 2590)
TO   solution: 0 14 56 45 6 55 31 15 36 49 52 2 42 39 44 5 35 21 53 7 12 28 40 46 3 4 18 37 17 33 19 58 11 38 34 26 1 8 50 23 27 59 25 16 30 54 48 29 20 10 41 24 9 43 22 32 47 51 57 13 0 (value : 472)
in 0.001473 seconds (chrono time)
FROM solution: 0 3 43 39 35 15 26 4 29 10 50 25 12 5 46 23 20 40 47 8 13 34 53 36 24 21 16 27 57 28 11 55 44 33 2 32 9 59 38 14 37 41 17 19 56 45 58 31 48 49 1 51 22 54 30 6 52 18 42 7 0 (value : 2642)
TO   solution: 0 21 38 46 47 55 8 19 57 26 1 50 43 5 34 48 33 56 16 30 37 14 23 52 4 2 53 59 28 31 29 7 6 41 42 13 18 36 25 27 3 44 22 54 11 45 17 40 49 12 51 15 10 58 24 20 35 9 39 32 0 (value : 494)
in 0.001016 seconds (chrono time)
FROM solution: 0 29 1 13 21 54 24 36 7 10 46 47 18 53 14 27 43 17 56 34 55 45 6 42 23 50 15 48 28 40 41 11 30 25 16 51 9 37 2 52 39 35 3 44 33 4 5 12 8 32 22 19 31 59 38 20 57 26 58 49 0 (value : 2300)
TO   solution: 0 9 29 5 48 42 27 21 4 43 36 26 25 19 34 32 47 39 23 1 59 49 53 55 30 16 8 33 20 11 37 54 24 41 52 35 12 7 46 56 17 3 31 45 50 40 38 10 57 6 44 28 51 2 15 22 14 13 18 58 0 (value : 476)
in 0.004097 seconds (chrono time)
FROM solution: 0 54 44 15 10 3 6 29 48 58 21 11 23 22 26 32 36 33 12 19 9 2 30 49 14 35 56 46 25 7 28 50 16 51 1 8 34 17 38 18 4 59 42 43 41 45 20 40 5 37 39 13 47 53 52 24 55 57 27 31 0 (value : 2128)
TO   solution: 0 33 6 12 44 34 2 58 26 19 21 17 47 16 48 38 5 36 11 27 42 23 54 32 24 30 43 4 13 39 56 46 18 49 20 25 1 14 22 10 29 15 7 8 45 52 35 41 28 3 57 40 51 53 9 37 31 50 59 55 0 (value : 506)
in 0.000934 seconds (chrono time)
FROM solution: 0 40 8 35 10 3 51 38 41 58 22 7 28 30 14 53 2 17 49 1 9 24 23 47 20 48 11 55 16 29 13 31 32 19 5 18 50 37 59 39 15 42 4 26 21 56 33 46 44 34 25 12 36 43 54 27 45 57 52 6 0 (value : 2704)
TO   solution: 0 1 17 54 56 28 34 31 10 5 19 35 57 16 21 32 41 12 58 53 39 44 27 23 45 47 30 42 18 38 6 43 33 40 9 26 52 24 22 2 13 59 11 51 37 36 55 25 46 29 48 20 50 49 14 3 7 8 15 4 0 (value : 444)
in 0.001553 seconds (chrono time)
FROM solution: 0 1 2 19 30 6 24 49 56 3 10 14 8 59 42 31 15 13 44 16 35 32 54 52 46 28 7 27 50 34 41 57 37 33 23 18 39 12 29 20 40 21 38 43 53 5 25 47 26 22 4 48 17 55 51 11 9 58 45 36 0 (value : 2608)
TO   solution: 0 37 40 57 9 48 56 17 1 54 41 36 43 53 6 46 15 55 12 44 16 33 58 34 28 42 5 26 13 14 29 25 35 51 19 20 50 22 32 59 18 31 7 21 24 23 45 2 11 49 39 3 52 38 10 47 4 27 30 8 0 (value : 460)
in 0.001368 seconds (chrono time)
FROM solution: 0 25 32 1 4 36 40 43 17 15 9 24 23 29 50 53 11 45 35 56 20 46 22 41 30 28 39 7 8 57 34 51 21 47 6 42 27 49 38 59 52 10 14 2 44 13 37 33 48 55 5 31 18 19 54 16 26 58 12 3 0 (value : 2212)
TO   solution: 0 19 16 25 23 9 35 27 49 21 43 31 12 11 17 6 51 8 20 1 24 26 42 52 55 2 46 44 22 57 3 48 18 4 54 53 47 39 50 36 14 13 32 10 28 30 29 34 45 58 56 41 38 37 5 7 15 40 33 59 0 (value : 492)
in 0.000975 seconds (chrono time)
FROM solution: 0 11 24 17 10 56 13 5 31 30 29 25 8 45 23 20 16 42 21 58 19 4 22 9 27 14 44 55 32 57 40 1 26 59 54 3 37 2 38 18 15 33 48 43 28 47 46 41 6 50 36 51 34 53 12 35 52 39 7 49 0 (value : 2688)
TO   solution: 0 56 15 43 4 47 40 29 8 16 1 11 42 59 13 38 9 49 27 37 18 30 28 33 6 20 45 48 17 19 14 32 21 26 46 10 35 22 5 39 31 57 36 2 41 51 25 23 54 50 52 55 44 7 3 34 12 24 53 58 0 (value : 506)
in 0.001464 seconds (chrono time)
FROM solution: 0 18 15 10 8 5 33 27 49 32 34 14 6 47 3 2 57 17 12 41 43 45 40 36 26 25 48 54 28 1 30 23 16 37 21 52 44 51 11 39 22 9 7 31 29 38 50 55 24 53 4 58 35 20 59 42 56 13 19 46 0 (value : 2428)
TO   solution: 0 45 41 28 5 39 51 14 38 30 50 26 10 32 18 17 43 33 6 16 13 47 27 21 8 35 12 54 15 36 7 53 24 4 52 48 59 9 58 31 11 1 25 55 34 29 22 46 19 2 23 3 42 40 56 37 57 20 44 49 0 (value : 494)
in 0.001304 seconds (chrono time)
FROM solution: 0 2 31 15 37 38 11 57 3 54 46 6 17 59 56 9 12 16 43 42 14 18 26 52 24 40 58 48 55 4 36 39 33 27 28 20 29 19 41 5 25 35 7 49 44 45 30 8 13 1 50 10 23 53 21 34 47 22 32 51 0 (value : 2314)
TO   solution: 0 1 52 14 19 27 2 33 37 18 59 23 11 49 22 40 58 7 42 29 10 46 25 20 21 24 26 17 36 16 5 54 3 44 30 15 12 4 38 57 45 32 31 13 48 56 39 6 35 28 50 9 43 51 41 34 8 47 53 55 0 (value : 468)
in 0.001323 seconds (chrono time)
FROM solution: 0 31 59 1 19 51 6 13 44 45 10 56 26 12 9 22 23 35 25 5 3 18 11 34 29 37 30 58 14 24 7 54 38 57 39 17 36 21 33 16 40 50 8 43 20 32 46 47 48 4 41 53 15 49 42 55 27 28 2 52 0 (value : 2436)
TO   solution: 0 16 13 32 19 18 40 59 34 2 4 5 56 11 53 39 58 17 10 54 48 35 23 52 31 41 14 20 22 49 36 6 51 12 21 33 9 46 28 55 27 37 42 44 7 8 43 50 57 15 30 25 45 47 29 38 24 1 3 26 0 (value : 484)
in 0.001244 seconds (chrono time)
FROM solution: 0 1 26 25 27 39 32 30 24 14 7 4 53 13 15 57 51 58 18 47 20 2 11 33 19 40 46 17 23 29 38 10 43 42 34 35 49 21 44 52 31 56 28 5 16 6 22 55 12 54 50 8 3 59 45 9 37 36 48 41 0 (value : 2254)
TO   solution: 0 11 44 33 1 39 57 53 25 29 28 26 45 31 23 9 17 50 55 21 36 16 54 22 48 56 58 51 20 42 7 27 41 15 52 12 30 3 10 14 38 24 5 37 40 8 46 47 35 13 32 2 34 49 59 43 19 6 4 18 0 (value : 516)
in 0.00145 seconds (chrono time)
FROM solution: 0 8 3 45 41 35 23 36 55 12 7 50 16 53 17 33 51 20 14 37 48 27 1 21 24 31 49 4 6 13 9 34 32 26 2 58 56 30 38 25 40 28 22 43 44 5 46 39 19 54 42 47 57 29 52 59 18 10 15 11 0 (value : 2418)
TO   solution: 0 29 42 23 5 34 38 19 35 26 24 13 40 12 21 8 32 17 15 11 56 39 31 46 27 52 58 14 4 59 28 57 7 22 25 49 20 48 36 3 43 2 53 55 16 44 45 54 6 41 33 37 51 10 9 18 50 47 1 30 0 (value : 518)
in 0.001246 seconds (chrono time)
FROM solution: 0 20 4 19 2 26 6 36 22 9 10 56 49 1 24 29 25 52 50 48 54 55 16 31 43 21 53 3 45 15 12 35 38 13 34 46 7 14 44 33 17 41 30 32 37 18 5 47 58 51 11 28 8 42 39 40 23 57 27 59 0 (value : 2550)
TO   solution: 0 15 34 13 52 22 42 9 56 29 45 14 35 28 54 38 57 20 31 55 59 24 48 8 27 33 53 10 12 37 39 26 30 3 6 21 4 1 5 49 7 44 23 50 40 36 2 11 58 43 16 46 19 18 32 51 17 25 47 41 0 (value : 498)
in 0.001886 seconds (chrono time)
FROM solution: 0 32 2 14 33 20 30 44 1 15 31 11 29 59 48 16 25 21 51 12 10 13 34 28 56 38 18 45 42 54 6 58 17 3 53 19 39 37 46 23 8 41 36 5 24 57 22 26 4 49 35 9 52 7 47 55 27 40 50 43 0 (value : 2330)
TO   solution: 0 38 17 36 44 13 24 45 6 47 15 43 57 58 34 35 3 33 51 48 21 11 39 2 31 59 30 19 40 26 27 16 12 9 56 41 28 54 53 5 49 14 22 46 42 23 8 20 52 37 32 1 55 29 10 18 25 7 4 50 0 (value : 534)
in 0.002098 seconds (chrono time)
FROM solution: 0 53 51 3 31 44 7 19 30 9 24 17 18 13 56 15 46 11 20 6 47 21 36 59 26 8 23 50 39 42 52 4 38 22 5 35 25 14 41 37 58 16 34 43 27 1 49 28 40 32 12 57 10 45 54 55 2 29 48 33 0 (value : 3046)
TO   solution: 0 22 17 27 31 15 5 4 12 30 36 33 18 57 8 14 11 16 29 28 53 7 25 59 50 52 47 38 24 1 55 10 39 3 44 6 35 41 32 42 58 56 2 21 43 9 46 19 23 26 40 37 54 13 48 20 51 34 49 45 0 (value : 502)
in 0.001805 seconds (chrono time)
FROM solution: 0 1 59 17 4 2 6 13 30 9 11 51 12 28 52 40 14 56 18 38 20 27 34 15 8 3 26 32 37 31 41 33 16 43 50 35 25 47 19 58 23 45 46 5 44 36 7 49 42 39 29 48 24 53 57 55 21 54 10 22 0 (value : 2320)
TO   solution: 0 25 11 4 50 56 18 45 9 51 17 8 43 7 53 49 22 1 15 55 52 28 12 58 32 16 35 31 40 44 38 20 46 3 10 33 23 36 37 39 21 47 59 42 57 29 14 27 48 34 26 30 2 13 41 6 24 19 5 54 0 (value : 474)
in 0.002103 seconds (chrono time)
FROM solution: 0 44 57 56 7 8 25 52 23 50 10 27 12 39 54 48 30 18 5 53 55 33 17 21 34 6 9 38 47 29 14 40 24 59 43 42 46 51 20 13 32 4 1 16 37 45 36 28 11 41 26 49 22 15 2 3 35 58 31 19 0 (value : 2520)
TO   solution: 0 13 44 3 58 1 43 7 14 41 36 26 33 19 23 28 27 39 9 52 5 31 40 12 59 21 30 32 16 42 45 51 6 55 56 38 49 53 50 8 47 2 17 25 46 10 20 4 11 18 34 57 22 37 54 24 29 15 35 48 0 (value : 456)
in 0.001944 seconds (chrono time)
FROM solution: 0 43 31 23 54 2 27 7 13 9 12 40 22 28 15 38 19 17 35 14 11 21 33 3 41 52 1 49 56 55 53 20 32 47 50 39 59 45 29 8 30 10 42 37 25 36 46 16 57 24 34 51 48 44 4 5 58 26 18 6 0 (value : 2496)
TO   solution: 0 32 24 39 45 21 26 41 50 55 38 7 59 18 29 17 42 3 5 2 33 34 27 30 56 31 43 4 15 19 37 6 48 14 11 22 25 51 58 52 1 40 20 28 9 23 53 13 54 12 46 57 49 8 10 44 36 16 47 35 0 (value : 508)
in 0.001874 seconds (chrono time)
FROM solution: 0 28 58 3 19 57 39 33 40 17 4 41 52 47 31 15 34 59 25 27 24 23 13 44 22 20 26 16 54 30 45 43 9 48 53 55 36 51 38 6 14 21 8 37 1 12 46 18 29 49 5 50 32 35 56 11 42 7 10 2 0 (value : 1980)
TO   solution: 0 36 35 21 25 8 3 41 10 2 54 38 20 9 18 31 6 48 44 39 19 43 45 56 22 30 32 15 40 24 58 57 53 17 49 29 34 7 14 42 28 12 50 4 11 23 47 13 37 52 5 1 59 55 27 16 33 46 26 51 0 (value : 458)
in 0.001935 seconds (chrono time)
FROM solution: 0 8 14 41 51 33 18 19 26 5 12 27 11 39 10 57 15 50 16 22 30 32 2 37 59 25 48 49 40 7 24 31 21 54 9 35 55 43 53 13 47 6 42 28 45 17 58 23 29 1 20 34 36 38 52 46 56 4 3 44 0 (value : 2518)
TO   solution: 0 12 41 32 5 59 33 28 31 14 6 26 52 7 47 55 29 20 50 40 54 48 53 9 56 4 43 35 19 18 46 1 17 45 58 57 37 8 30 16 36 2 25 21 42 13 23 38 11 51 39 22 49 15 44 3 24 27 34 10 0 (value : 478)
in 0.001932 seconds (chrono time)
FROM solution: 0 42 51 23 38 13 31 49 14 9 53 39 41 17 59 33 11 12 8 22 20 32 6 19 5 21 26 27 50 37 24 10 29 43 30 25 36 40 46 56 57 35 3 16 44 45 54 47 58 2 28 15 48 7 52 55 1 18 34 4 0 (value : 2598)
TO   solution: 0 11 58 43 5 16 55 14 31 15 19 25 10 18 8 39 37 17 21 28 29 12 3 24 7 42 26 33 49 45 47 46 57 56 22 4 44 40 1 30 53 54 27 2 48 9 32 59 6 34 41 52 50 20 23 36 38 13 35 51 0 (value : 472)
in 0.002593 seconds (chrono time)
FROM solution: 0 50 28 3 36 48 26 35 19 41 57 38 45 16 54 15 9 22 49 17 31 2 37 11 59 18 25 40 34 8 20 55 27 33 29 24 51 23 21 12 32 13 43 5 6 52 46 7 58 4 42 10 14 53 47 39 56 44 30 1 0 (value : 2232)
TO   solution: 0 46 22 34 29 16 49 26 24 28 13 6 15 56 47 5 20 35 3 21 10 36 57 45 14 18 41 53 42 30 19 4 23 43 51 52 9 32 7 37 59 25 12 11 2 31 58 38 1 27 44 54 40 8 33 50 39 55 48 17 0 (value : 442)
in 0.000922 seconds (chrono time)
