N = 90
FROM solution: 0 2 83 79 42 86 5 56 6 75 62 30 12 13 7 9 17 34 78 51 89 70 18 11 80 53 31 27 24 22 1 8 58 20 71 74 3 16 15 39 87 63 40 81 37 45 49 41 69 72 50 26 28 47 64 60 43 54 57 59 14 10 61 33 19 32 29 68 67 48 4 44 85 73 23 52 76 21 38 65 36 46 82 25 77 84 35 55 88 66 0 (value : 5052)
TO   solution: 0 81 29 6 25 44 9 57 70 4 19 86 65 34 18 40 59 36 58 87 39 51 85 28 45 5 74 15 64 66 54 53 47 52 82 35 84 20 69 83 26 77 1 56 60 3 41 49 80 31 23 33 12 71 14 2 11 32 73 21 67 61 27 43 48 88 72 62 8 55 78 50 42 22 24 38 46 17 7 79 76 89 10 16 63 37 68 30 75 13 0 (value : 846)
in 0.002857 seconds (chrono time)
FROM solution: 0 78 2 5 57 27 7 72 64 10 32 11 13 36 85 15 9 54 18 71 59 14 48 67 26 22 80 79 49 29 74 63 25 30 19 31 12 40 62 65 55 41 17 77 44 45 38 47 46 28 4 37 66 61 34 89 56 35 43 84 24 33 8 23 60 70 52 58 68 3 20 42 39 73 69 75 76 6 82 83 51 87 50 88 21 81 86 1 53 16 0 (value : 5810)
TO   solution: 0 26 56 39 45 23 61 53 73 69 79 18 35 30 71 9 58 37 55 74 88 33 11 87 40 60 62 46 84 81 12 14 25 72 6 36 67 1 5 76 77 50 19 27 52 10 43 21 2 4 82 41 44 42 59 86 85 32 24 80 13 51 29 38 70 16 20 3 83 64 54 57 75 28 17 47 65 78 48 31 15 66 68 89 63 7 8 34 22 49 0 (value : 884)
in 0.00438 seconds (chrono time)
FROM solution: 0 40 78 73 24 60 80 20 33 86 77 11 31 19 7 56 16 67 64 82 26 57 29 8 1 25 76 54 81 22 52 44 38 75 34 35 36 48 30 53 23 3 61 43 49 74 46 13 47 42 18 2 51 69 5 17 27 84 41 59 21 6 62 88 65 66 4 68 15 58 37 71 63 72 12 50 55 10 14 9 70 28 79 83 87 85 32 45 39 89 0 (value : 5052)
TO   solution: 0 85 19 79 80 6 50 1 20 82 4 14 89 29 12 49 77 7 23 8 76 25 69 59 57 36 9 16 5 35 72 31 21 24 27 17 60 45 66 78 32 52 68 47 64 62 54 43 22 56 53 48 11 51 74 15 84 42 10 63 30 33 40 41 65 2 73 58 34 86 71 75 83 55 44 70 37 61 88 39 26 67 3 46 13 81 18 38 87 28 0 (value : 850)
in 0.002888 seconds (chrono time)
FROM solution: 0 5 8 88 4 66 64 7 13 26 67 11 38 68 75 15 41 73 55 16 50 52 22 80 32 33 1 47 72 69 29 81 79 86 44 17 34 40 56 39 37 62 51 43 61 78 46 10 65 28 35 77 18 53 20 71 30 14 58 70 54 42 23 31 36 48 59 60 12 9 49 27 76 3 84 2 24 89 6 63 83 74 82 25 45 85 19 87 21 57 0 (value : 5696)
TO   solution: 0 11 32 1 23 53 28 37 30 74 21 68 85 33 60 77 82 36 34 52 5 41 78 15 69 62 67 38 84 87 83 25 81 89 6 51 40 63 10 55 50 58 31 8 43 56 64 42 79 14 27 13 71 72 44 86 4 49 46 20 66 76 7 9 19 57 2 17 18 61 75 39 73 70 45 12 48 80 22 24 29 47 35 59 3 26 54 16 65 88 0 (value : 842)
in 0.002923 seconds (chrono time)
FROM solution: 0 1 10 43 4 85 70 23 36 24 67 47 57 13 49 38 75 11 48 59 40 21 18 79 20 53 26 29 16 12 31 44 3 32 34 61 8 2 6 76 46 41 65 83 87 45 9 68 88 30 78 73 52 55 54 82 27 66 33 64 60 5 22 63 42 15 58 62 56 19 72 71 28 25 81 69 89 35 17 7 77 74 50 39 37 14 80 86 84 51 0 (value : 4752)
TO   solution: 0 48 3 60 15 20 33 76 37 68 23 69 89 39 57 38 49 25 8 1 5 84 32 86 24 42 72 50 54 13 71 21 80 17 6 51 79 58 77 64 46 9 18 81 22 55 41 27 53 45 19 67 52 56 65 62 36 28 88 2 40 29 70 59 26 10 14 44 43 12 61 7 47 34 74 31 87 66 63 30 73 85 16 11 82 35 75 78 83 4 0 (value : 866)
in 0.00287 seconds (chrono time)
FROM solution: 0 13 68 84 21 42 57 7 40 70 65 11 18 56 52 30 31 60 86 19 20 35 80 23 24 77 25 27 46 29 32 6 34 66 79 1 36 37 85 9 49 67 2 43 62 45 4 15 76 59 50 22 14 26 54 88 63 38 55 75 83 71 28 16 58 8 48 51 73 69 41 47 12 53 87 5 3 39 64 17 89 81 74 78 33 61 44 10 72 82 0 (value : 4976)
TO   solution: 0 81 21 22 60 24 2 6 41 65 18 34 74 55 49 14 32 7 10 77 51 62 54 63 15 39 38 78 45 76 20 61 8 23 84 27 36 37 64 71 47 70 33 26 25 17 3 4 12 19 53 86 57 16 30 50 67 42 85 48 9 11 73 56 58 46 69 29 83 43 79 13 52 68 89 75 1 31 82 44 88 35 59 87 80 28 5 72 66 40 0 (value : 876)
in 0.002879 seconds (chrono time)
FROM solution: 0 1 2 69 50 43 19 37 8 36 79 11 40 87 39 15 12 28 49 22 61 25 9 23 24 48 66 10 17 86 58 73 32 68 56 35 67 16 55 71 7 84 42 70 34 85 41 5 4 63 89 62 81 53 88 29 30 57 21 46 13 18 82 64 59 65 31 77 52 26 14 45 44 47 51 75 76 72 78 74 38 60 54 83 80 6 3 33 20 27 0 (value : 5108)
TO   solution: 0 71 2 78 64 89 75 54 10 57 69 27 88 81 6 74 62 49 44 7 50 26 46 55 73 82 66 41 37 5 11 21 17 60 38 35 31 63 18 36 25 8 9 67 23 43 87 16 76 68 77 29 61 80 19 59 14 45 4 15 85 51 1 48 40 84 72 20 42 22 47 13 70 79 39 30 83 32 53 3 28 12 24 65 52 56 86 33 34 58 0 (value : 886)
in 0.002856 seconds (chrono time)
FROM solution: 0 1 2 3 75 42 4 81 21 5 73 20 34 53 17 15 16 11 87 80 44 63 79 6 32 25 8 68 86 85 77 40 57 66 50 7 36 37 71 54 35 12 65 22 43 89 82 24 60 39 31 23 52 28 30 9 58 29 10 33 88 13 51 59 48 72 70 49 47 69 78 38 84 74 61 18 76 45 55 26 14 41 46 83 27 19 56 64 62 67 0 (value : 5148)
TO   solution: 0 6 7 30 46 72 82 4 40 19 9 29 12 88 79 21 34 26 14 51 48 13 10 78 15 43 81 73 31 64 50 84 65 63 37 62 75 89 24 18 49 41 47 27 8 80 1 60 2 53 52 44 28 23 39 87 68 86 38 20 61 11 32 55 71 35 66 76 85 69 58 5 42 56 70 54 77 25 67 22 17 74 83 59 36 33 3 16 45 57 0 (value : 820)
in 0.00287 seconds (chrono time)
FROM solution: 0 53 11 3 44 17 60 12 47 87 68 42 89 13 20 43 10 18 86 4 9 73 5 62 50 85 40 27 64 45 32 28 15 23 59 1 36 71 61 39 31 41 79 33 22 29 66 54 48 37 46 81 38 35 52 55 26 80 24 14 21 7 69 63 70 65 30 25 67 49 2 76 8 58 74 57 83 77 78 56 16 51 82 75 6 34 72 88 19 84 0 (value : 5030)
TO   solution: 0 26 44 30 82 29 58 1 56 64 24 20 42 2 46 10 66 84 40 11 53 28 76 32 15 85 70 52 55 35 50 68 45 12 18 60 51 36 22 74 77 34 83 57 4 47 27 33 81 89 39 80 37 48 63 31 6 14 43 49 61 72 16 21 54 19 88 78 67 17 13 8 79 71 7 5 38 3 41 65 9 87 69 75 59 23 73 25 86 62 0 (value : 858)
in 0.002564 seconds (chrono time)
FROM solution: 0 49 74 80 4 55 50 9 8 37 38 11 36 54 67 18 78 5 44 28 89 57 22 71 29 23 10 41 83 46 30 33 24 7 76 58 20 77 48 39 62 14 31 43 21 45 60 61 25 3 6 27 52 84 81 12 42 34 73 59 35 82 87 17 56 65 13 68 47 51 40 26 15 19 69 75 66 53 64 72 79 32 63 2 1 85 86 70 88 16 0 (value : 5456)
TO   solution: 0 26 61 29 62 9 13 18 79 35 73 16 63 10 84 8 6 86 80 11 78 69 58 32 60 89 28 59 40 87 38 1 27 64 77 44 52 81 55 76 74 48 85 33 42 22 24 71 15 19 31 70 39 25 37 43 23 65 4 12 57 53 45 88 83 47 68 72 5 2 36 21 75 3 82 67 46 41 66 54 17 7 14 50 30 49 20 51 34 56 0 (value : 874)
in 0.002831 seconds (chrono time)
