N = 70
FROM solution: 0 35 34 21 52 56 23 33 43 8 37 29 30 60 50 48 44 38 22 28 16 32 17 1 51 3 5 4 19 6 41 15 36 63 53 26 64 7 65 69 49 62 9 61 57 10 54 59 14 25 12 31 40 55 45 46 42 68 66 2 27 24 13 18 58 39 20 67 11 47 0 (value : 756)
TO   solution: 0 29 37 8 43 30 60 65 50 48 44 38 22 16 28 32 5 17 1 47 51 3 4 19 41 6 15 36 63 53 26 64 7 13 10 54 59 14 25 31 12 68 66 2 42 46 45 55 40 24 27 11 67 20 39 58 18 57 61 9 62 49 69 33 23 56 52 21 34 35 0 (value : 580)
in 0.003291 seconds (chrono time)
FROM solution: 0 15 18 64 57 31 6 35 60 40 54 41 47 4 52 27 43 32 29 19 8 20 22 5 44 10 63 62 42 2 61 65 59 45 34 23 7 28 53 56 1 17 51 11 9 14 25 69 26 68 3 48 46 33 66 13 12 37 30 21 67 39 49 58 16 55 24 50 38 36 0 (value : 746)
TO   solution: 0 13 8 20 19 29 32 27 43 44 5 22 10 61 65 59 28 7 23 34 45 66 33 46 48 3 68 26 69 25 14 9 11 51 17 1 56 53 38 36 50 2 42 62 63 24 39 67 30 21 49 58 16 37 12 55 52 4 47 54 41 40 60 35 6 57 31 64 18 15 0 (value : 618)
in 0.003272 seconds (chrono time)
FROM solution: 0 5 21 42 37 15 67 56 29 48 2 25 39 53 59 64 51 61 23 46 32 60 26 7 12 17 49 34 65 14 9 54 13 52 50 16 35 18 43 45 68 63 11 3 30 66 47 10 38 22 44 40 19 69 27 36 20 28 24 4 33 58 8 31 55 62 1 41 57 6 0 (value : 758)
TO   solution: 0 46 32 60 6 26 7 12 17 49 34 65 14 9 54 13 52 50 16 35 36 11 63 68 45 43 18 27 69 19 40 44 22 38 10 47 66 30 3 20 28 24 4 33 58 8 31 55 41 57 62 1 53 59 61 23 51 64 39 25 2 48 29 56 42 37 15 67 21 5 0 (value : 608)
in 0.003254 seconds (chrono time)
FROM solution: 0 44 15 42 25 17 57 39 49 1 30 46 3 67 10 50 8 13 35 51 9 14 65 19 37 48 20 63 36 43 16 45 62 11 56 58 68 59 26 53 5 23 64 4 6 55 38 18 32 31 69 41 47 33 24 2 12 61 22 60 27 34 54 28 66 21 7 29 52 40 0 (value : 670)
TO   solution: 0 44 15 42 25 17 38 55 6 4 64 23 5 53 26 59 68 58 56 11 62 41 69 31 32 18 40 52 39 57 49 1 30 46 3 67 10 51 35 13 8 50 9 14 65 19 37 48 20 63 36 43 16 45 47 33 24 2 12 61 22 60 27 34 54 28 66 21 7 29 0 (value : 594)
in 0.003196 seconds (chrono time)
FROM solution: 0 57 54 18 62 11 21 45 10 16 42 36 8 38 66 34 23 65 2 51 61 32 35 39 64 12 3 68 63 67 1 40 13 4 24 46 59 56 22 50 31 30 28 33 5 17 69 6 14 47 53 15 9 26 7 48 27 37 29 20 19 49 60 41 44 55 25 52 58 43 0 (value : 726)
TO   solution: 0 46 54 18 62 11 21 45 10 16 42 36 8 38 66 34 23 63 67 1 40 13 60 41 44 55 52 25 68 3 12 39 64 35 32 61 51 2 65 56 22 50 31 30 59 58 33 28 43 5 17 69 6 14 47 53 15 9 26 7 48 19 37 27 20 29 49 24 4 57 0 (value : 584)
in 0.003269 seconds (chrono time)
FROM solution: 0 59 43 40 54 57 66 19 41 22 3 18 51 35 31 26 52 24 49 67 28 46 64 32 45 2 60 29 58 48 50 55 16 17 30 8 7 63 15 21 44 61 36 56 68 9 6 12 42 62 33 1 27 23 53 37 5 14 25 38 13 34 65 69 11 4 47 39 20 10 0 (value : 746)
TO   solution: 0 59 43 19 41 40 54 57 66 61 53 23 27 1 33 62 12 42 6 9 68 56 36 37 5 14 25 38 69 11 65 34 13 47 4 58 29 60 39 2 45 32 48 50 55 16 17 30 8 7 63 15 21 44 22 3 18 10 20 64 46 28 67 26 31 52 24 49 51 35 0 (value : 648)
in 0.003298 seconds (chrono time)
FROM solution: 0 43 16 50 69 15 2 41 42 30 39 14 34 62 60 29 58 22 1 53 65 7 27 17 11 40 55 5 46 35 19 37 57 49 36 66 68 20 28 26 21 33 10 23 38 67 32 12 47 52 59 63 54 51 24 61 44 31 25 45 9 13 6 64 4 56 48 18 8 3 0 (value : 672)
TO   solution: 0 12 32 67 38 23 10 33 21 26 28 13 45 9 25 6 31 44 30 39 14 34 62 60 29 58 22 1 53 65 7 27 17 11 40 55 5 46 35 19 37 57 49 36 66 68 20 64 4 48 56 3 18 8 59 52 63 54 51 24 61 42 41 2 15 69 50 47 43 16 0 (value : 574)
in 0.003216 seconds (chrono time)
FROM solution: 0 61 30 69 55 34 20 2 68 65 44 58 32 16 49 14 38 22 25 41 48 15 47 62 13 54 35 52 51 3 1 31 40 53 9 11 43 6 67 27 56 4 50 23 19 26 21 33 63 28 45 17 5 24 42 37 18 29 39 8 36 7 66 46 57 60 10 64 59 12 0 (value : 618)
TO   solution: 0 57 46 60 10 36 7 66 64 59 12 8 39 5 29 18 37 42 24 17 45 28 55 69 30 34 20 2 68 26 21 19 23 50 4 56 27 67 6 43 9 11 53 31 1 40 3 52 51 54 35 13 62 47 15 48 41 25 22 38 14 49 16 32 58 44 65 33 63 61 0 (value : 562)
in 0.003279 seconds (chrono time)
FROM solution: 0 58 23 4 52 51 31 50 59 1 40 67 16 62 61 64 26 42 25 55 2 30 54 65 34 60 53 27 37 18 57 33 9 19 68 46 24 5 13 6 36 17 14 35 48 32 47 38 69 45 12 3 28 39 63 10 44 22 56 29 49 41 66 7 8 20 11 15 21 43 0 (value : 696)
TO   solution: 0 47 38 69 45 12 3 10 28 63 39 44 22 56 29 49 7 66 41 43 32 48 35 14 17 20 8 21 11 15 23 58 4 52 51 31 50 59 1 67 40 16 62 61 64 13 5 24 46 68 27 19 18 57 9 33 37 53 60 65 34 54 30 2 55 25 42 26 6 36 0 (value : 602)
in 0.003271 seconds (chrono time)
FROM solution: 0 23 54 40 32 57 8 44 47 33 46 59 11 49 63 3 60 43 42 35 31 65 19 29 41 67 6 69 5 21 45 36 20 48 9 7 53 34 18 13 55 30 16 27 39 25 61 28 50 52 62 26 58 68 51 1 10 14 17 15 24 2 37 66 38 12 64 22 56 4 0 (value : 728)
TO   solution: 0 56 64 25 39 27 16 30 13 55 18 34 53 7 9 20 48 36 4 45 21 5 69 6 67 41 19 29 65 31 35 42 43 60 3 63 49 11 59 33 46 24 15 17 14 10 1 51 68 58 26 62 52 50 22 28 61 12 38 37 66 2 47 44 8 40 32 57 54 23 0 (value : 564)
in 0.003277 seconds (chrono time)
FROM solution: 0 69 62 54 22 49 53 56 44 38 23 29 45 27 34 32 41 11 46 63 16 51 50 66 57 24 67 1 5 30 9 4 25 40 37 6 20 8 52 43 65 3 28 7 18 10 36 31 17 39 48 58 13 35 21 60 26 64 47 68 33 15 12 61 14 19 59 55 2 42 0 (value : 758)
TO   solution: 0 69 62 54 22 49 53 6 20 8 52 43 65 40 37 25 4 9 30 59 19 50 66 57 24 67 5 1 3 56 44 38 23 29 45 12 15 34 27 11 41 46 63 16 51 14 61 32 33 68 47 64 60 26 2 55 21 35 39 48 58 13 17 31 36 10 18 7 28 42 0 (value : 624)
in 0.003332 seconds (chrono time)
FROM solution: 0 3 24 14 67 15 48 44 33 10 62 40 16 30 22 27 65 41 68 49 23 60 8 29 36 35 58 12 61 56 11 20 50 2 37 42 64 51 21 69 39 34 32 54 1 46 31 17 26 28 66 43 19 45 59 9 4 5 63 57 38 7 55 52 47 6 18 25 13 53 0 (value : 696)
TO   solution: 0 21 51 64 42 50 20 53 13 25 11 56 61 35 58 12 2 37 14 67 15 48 44 33 10 62 40 16 36 29 23 8 60 49 68 41 65 27 30 22 57 38 7 55 52 47 63 5 4 9 59 66 43 19 45 28 26 17 31 18 6 1 54 46 32 34 39 69 24 3 0 (value : 582)
in 0.003255 seconds (chrono time)
FROM solution: 0 12 41 40 39 60 51 32 48 65 21 25 62 10 20 61 14 4 3 13 7 68 22 66 59 36 2 34 37 43 57 27 18 47 67 58 46 8 23 54 52 9 26 31 45 42 17 19 16 1 69 44 35 49 56 33 30 50 64 5 55 28 24 53 63 15 29 38 6 11 0 (value : 776)
TO   solution: 0 12 41 36 37 43 57 27 23 54 8 18 67 47 46 58 11 28 5 55 6 38 30 50 64 24 53 63 15 56 33 35 49 19 44 69 16 1 17 42 29 34 2 59 60 51 32 48 65 21 25 62 10 20 61 14 4 3 13 7 68 22 66 40 39 31 45 52 9 26 0 (value : 606)
in 0.003279 seconds (chrono time)
FROM solution: 0 13 10 47 55 62 49 68 61 6 19 54 3 44 8 66 22 30 5 1 51 7 41 23 57 16 32 38 20 42 12 59 69 60 34 25 35 28 36 63 33 46 39 17 56 21 15 27 37 50 2 52 64 43 24 40 65 58 29 26 67 11 31 48 45 4 9 14 18 53 0 (value : 708)
TO   solution: 0 10 47 62 55 49 68 61 53 18 14 9 67 26 58 29 48 31 45 4 11 16 32 38 20 42 12 57 23 41 7 51 1 5 30 22 66 8 69 59 60 34 25 35 36 28 63 15 21 27 37 64 52 50 2 43 24 56 33 39 46 17 40 65 44 3 54 19 6 13 0 (value : 604)
in 0.003336 seconds (chrono time)
FROM solution: 0 10 22 57 53 6 31 33 12 50 19 3 32 21 14 39 25 62 55 60 30 49 41 56 8 11 40 23 29 28 17 42 16 18 45 61 58 44 9 66 36 48 27 63 65 67 20 47 64 46 68 69 7 13 59 35 5 37 54 43 2 26 38 52 34 15 4 24 51 1 0 (value : 742)
TO   solution: 0 10 22 57 53 6 46 64 45 61 58 44 9 36 66 18 16 28 42 17 29 23 40 11 1 24 51 4 2 26 38 52 34 15 43 54 37 5 49 60 35 59 13 25 39 14 21 32 62 55 30 41 56 8 48 27 63 65 20 67 47 33 31 12 50 19 3 7 69 68 0 (value : 586)
in 0.003202 seconds (chrono time)
FROM solution: 0 4 36 52 14 69 12 41 31 53 58 48 61 43 37 63 27 28 55 64 30 56 24 16 40 45 26 25 42 21 18 54 38 13 22 50 68 7 65 20 39 29 47 35 67 1 62 44 10 60 23 57 9 6 2 34 8 19 3 46 33 49 15 17 66 32 11 51 59 5 0 (value : 798)
TO   solution: 0 4 36 52 14 69 12 21 25 42 18 54 38 13 59 51 11 26 40 45 16 33 46 24 56 30 32 66 64 55 43 37 63 28 27 49 15 17 61 48 58 31 41 53 3 19 60 23 57 9 6 2 34 8 10 44 62 1 67 47 35 29 39 20 65 7 68 5 22 50 0 (value : 622)
in 0.003361 seconds (chrono time)
FROM solution: 0 30 10 51 53 55 41 67 65 58 25 1 24 27 36 46 63 48 9 59 56 32 34 45 20 39 38 13 54 61 17 12 6 19 15 64 37 31 69 28 5 7 62 22 29 49 68 2 52 66 40 8 43 4 50 57 21 47 14 44 42 18 3 23 16 11 60 33 35 26 0 (value : 706)
TO   solution: 0 30 44 67 58 25 65 1 24 27 36 46 63 48 9 59 56 32 34 38 45 20 39 13 54 61 17 12 6 60 11 16 19 15 64 37 31 23 49 29 22 68 2 40 66 52 62 7 5 28 69 3 18 42 14 47 21 57 50 8 43 4 26 35 33 41 53 55 51 10 0 (value : 576)
in 0.003239 seconds (chrono time)
FROM solution: 0 27 9 22 5 21 7 3 26 68 37 20 34 63 40 30 53 60 25 17 42 50 29 11 48 31 61 24 56 13 57 54 38 15 2 35 23 1 69 64 43 45 55 65 19 12 67 6 44 41 32 18 58 39 14 16 59 28 52 46 49 51 4 47 10 62 33 36 8 66 0 (value : 676)
TO   solution: 0 27 9 22 5 21 3 26 7 68 37 20 34 63 40 30 53 60 28 59 16 14 39 58 52 46 49 51 47 4 10 62 33 36 66 8 54 38 15 2 35 23 1 69 64 43 45 55 65 19 12 67 6 44 41 32 18 25 17 42 29 50 11 48 31 61 24 13 56 57 0 (value : 602)
in 0.003123 seconds (chrono time)
FROM solution: 0 11 4 40 3 53 33 49 13 28 48 64 45 56 38 52 2 67 7 41 42 69 60 50 29 57 32 21 27 35 19 15 62 36 61 66 22 44 1 5 14 23 17 16 31 46 47 58 12 59 24 55 25 34 6 9 30 68 26 39 43 20 63 51 37 18 65 8 10 54 0 (value : 702)
TO   solution: 0 11 4 40 3 33 13 49 28 48 64 45 36 61 66 22 44 1 5 14 9 6 34 25 55 24 59 12 58 47 46 16 31 17 30 23 68 26 39 62 57 32 21 27 35 19 15 29 60 69 50 56 43 42 38 52 2 67 7 41 37 51 20 63 18 53 65 8 10 54 0 (value : 622)
in 0.003291 seconds (chrono time)
FROM solution: 0 39 33 17 69 22 18 66 6 25 14 35 29 68 10 31 32 45 54 16 56 5 20 62 58 37 63 24 21 34 19 60 47 67 42 7 15 12 49 11 52 50 38 23 59 36 26 64 13 41 27 46 43 2 48 1 8 57 9 3 4 53 61 40 55 51 30 65 44 28 0 (value : 714)
TO   solution: 0 44 51 30 65 28 49 11 52 12 15 7 42 67 47 19 60 34 21 24 63 37 58 62 20 5 56 16 54 45 10 31 32 27 46 43 2 48 1 8 57 3 9 61 53 4 40 55 41 36 26 64 13 59 23 35 29 68 38 50 6 66 25 14 18 22 69 17 33 39 0 (value : 618)
in 0.003208 seconds (chrono time)
FROM solution: 0 44 3 56 47 31 8 68 62 16 42 28 48 65 54 64 14 60 43 10 30 32 61 49 11 1 40 6 58 26 34 7 4 50 66 41 36 59 39 24 15 27 21 67 18 46 33 19 20 57 22 45 23 13 38 2 55 52 9 53 29 25 37 35 63 51 17 12 5 69 0 (value : 736)
TO   solution: 0 38 13 23 45 22 57 20 33 19 46 69 5 18 67 21 27 15 24 39 59 36 41 66 50 4 7 34 26 58 6 40 1 11 49 61 32 30 10 43 60 17 51 63 14 35 37 25 9 29 53 52 55 2 12 64 54 65 48 28 42 31 8 68 62 16 47 56 3 44 0 (value : 584)
in 0.003334 seconds (chrono time)
FROM solution: 0 39 64 24 42 58 17 38 13 10 2 35 68 29 65 36 43 30 67 45 44 62 60 52 57 48 14 12 11 27 55 33 1 7 54 53 56 18 26 46 31 15 34 47 69 16 20 22 5 23 61 59 37 51 49 6 25 41 9 3 4 66 32 21 40 8 28 50 63 19 0 (value : 748)
TO   solution: 0 39 64 24 42 17 58 38 13 10 2 35 68 29 65 36 5 22 20 16 69 47 34 15 31 56 18 26 46 27 55 33 1 7 54 53 19 63 50 28 23 37 61 59 51 49 6 9 25 41 3 4 66 32 21 40 8 43 30 67 45 44 62 60 52 57 48 14 12 11 0 (value : 626)
in 0.003089 seconds (chrono time)
FROM solution: 0 61 69 67 18 2 39 41 56 17 29 12 42 28 20 11 22 9 66 36 38 65 63 32 13 62 19 44 33 5 55 43 25 45 10 6 47 49 26 30 37 24 4 16 46 8 59 7 68 35 48 50 3 15 14 57 64 1 23 21 58 31 52 27 34 51 60 40 54 53 0 (value : 776)
TO   solution: 0 45 10 6 47 46 16 26 49 30 37 4 24 8 59 52 27 31 58 50 3 15 14 68 48 35 7 21 23 1 64 57 34 51 60 13 32 63 62 54 40 53 33 44 19 65 38 36 66 9 22 11 20 28 42 12 29 55 5 43 25 17 56 41 39 2 18 67 69 61 0 (value : 608)
in 0.004303 seconds (chrono time)
FROM solution: 0 17 54 56 27 49 60 34 20 4 39 52 22 55 35 28 13 25 53 3 7 63 9 11 16 40 62 48 6 18 59 2 1 21 26 50 32 44 12 51 66 41 43 24 67 57 15 37 29 8 65 14 30 46 47 19 64 42 10 58 68 38 23 31 5 45 69 36 33 61 0 (value : 786)
TO   solution: 0 17 54 56 27 49 60 4 35 55 39 52 22 28 13 25 53 3 6 48 62 40 16 11 9 63 5 23 31 7 45 69 38 68 58 36 10 42 64 19 20 34 47 30 46 29 8 65 14 37 15 57 67 24 66 51 41 43 33 61 12 44 32 50 26 21 1 2 59 18 0 (value : 628)
in 0.003135 seconds (chrono time)
FROM solution: 0 47 68 8 5 9 51 50 29 63 42 54 60 32 25 10 55 15 53 30 61 67 66 52 37 40 46 59 69 13 56 31 17 20 41 28 26 11 3 33 36 57 23 38 62 45 49 27 21 18 34 19 22 65 16 35 2 58 43 39 14 7 64 24 12 1 6 48 4 44 0 (value : 758)
TO   solution: 0 14 7 39 43 19 49 27 21 18 34 38 62 45 17 20 36 57 23 33 3 11 26 41 28 44 4 48 6 1 12 24 64 66 67 61 30 53 15 55 10 25 32 60 54 42 2 16 35 52 37 40 31 56 13 69 46 59 65 22 58 63 29 50 51 5 9 8 68 47 0 (value : 600)
in 0.003024 seconds (chrono time)
FROM solution: 0 56 11 57 40 44 9 33 30 32 31 16 61 25 47 2 63 4 59 62 39 34 20 43 37 60 26 45 14 18 38 55 22 48 17 28 54 36 7 29 41 21 24 19 3 66 68 1 27 6 58 46 52 10 64 49 23 12 13 5 67 51 65 53 15 42 8 35 50 69 0 (value : 698)
TO   solution: 0 56 32 31 16 61 25 47 2 63 4 59 62 39 34 20 43 37 60 26 45 14 18 42 22 55 38 8 23 12 13 67 5 51 65 28 48 17 15 53 54 36 7 29 41 21 24 19 3 58 6 27 1 68 66 46 52 10 64 49 35 30 33 9 44 40 57 11 69 50 0 (value : 620)
in 0.003049 seconds (chrono time)
FROM solution: 0 38 34 32 57 6 49 62 18 2 41 28 58 22 9 63 68 36 20 54 33 64 65 27 47 66 4 42 37 52 24 1 61 12 23 69 50 45 43 26 15 67 39 16 40 55 10 13 17 31 29 30 56 46 5 14 53 19 60 44 35 48 8 11 7 21 59 3 51 25 0 (value : 760)
TO   solution: 0 34 32 57 6 62 49 53 19 60 44 35 48 8 11 7 51 3 59 14 29 30 56 46 5 31 16 17 40 55 10 13 39 67 15 26 43 45 50 69 23 12 25 61 1 21 24 52 37 42 4 66 47 27 65 64 33 54 20 36 68 63 9 22 58 28 41 2 18 38 0 (value : 606)
in 0.003066 seconds (chrono time)
FROM solution: 0 53 30 24 47 45 62 10 1 38 54 64 8 36 3 25 18 22 50 12 67 40 11 68 49 27 28 5 44 55 52 15 35 2 21 46 6 59 33 19 69 7 61 16 23 42 17 43 51 37 29 63 13 57 48 41 32 65 60 20 31 39 56 4 26 34 66 58 14 9 0 (value : 678)
TO   solution: 0 4 26 34 66 58 9 14 24 47 45 62 10 1 38 54 64 8 25 36 3 22 18 50 39 31 40 11 68 49 27 28 5 44 55 52 15 35 2 46 21 59 33 6 19 69 7 61 16 23 42 17 43 51 37 29 63 13 20 60 67 12 65 32 41 48 57 56 30 53 0 (value : 564)
in 0.003051 seconds (chrono time)
FROM solution: 0 31 30 61 27 49 16 1 20 47 36 14 5 41 34 51 23 45 42 19 2 48 67 62 29 69 33 25 4 40 3 26 22 28 43 59 54 18 52 9 68 13 7 24 57 8 63 12 44 46 50 58 38 10 11 35 66 6 37 55 56 17 15 39 64 65 53 21 60 32 0 (value : 810)
TO   solution: 0 27 49 16 1 20 47 36 14 34 5 41 15 39 64 37 55 56 17 10 38 58 50 46 32 63 12 44 11 35 66 6 23 51 45 42 26 3 40 4 25 33 69 29 19 2 48 67 62 60 8 57 24 7 13 68 21 52 18 9 54 59 43 28 22 65 53 61 30 31 0 (value : 566)
in 0.003026 seconds (chrono time)
FROM solution: 0 45 54 11 10 41 47 13 46 18 43 62 25 22 58 69 65 68 44 38 30 23 6 7 50 15 9 33 20 17 27 64 36 60 26 55 19 8 16 53 1 3 4 21 37 57 52 14 48 56 49 61 59 2 28 5 12 42 39 51 29 34 31 35 63 32 40 66 67 24 0 (value : 840)
TO   solution: 0 41 47 10 11 5 28 2 14 67 48 56 49 24 61 59 12 42 13 46 39 18 43 51 62 25 22 58 69 65 68 44 38 30 66 23 6 7 15 50 9 33 20 17 37 21 4 3 1 53 16 8 19 52 57 55 26 60 36 64 27 35 63 32 40 29 34 31 54 45 0 (value : 610)
in 0.003704 seconds (chrono time)
