N = 100
FROM solution: 0 93 24 86 29 36 92 75 81 9 10 19 45 13 40 96 7 67 18 56 25 21 41 23 80 66 54 8 15 37 30 31 48 38 70 60 28 14 43 39 26 22 42 94 44 61 51 49 34 98 50 79 52 6 3 1 97 74 58 63 27 71 62 73 64 88 32 87 55 78 57 11 35 53 82 20 4 65 99 72 85 12 47 91 84 68 5 76 33 89 90 83 69 95 46 77 17 2 59 16 0 (value : 6452)
TO   solution: 0 8 57 31 85 79 44 21 28 82 75 71 37 24 34 11 50 6 43 12 96 1 2 69 62 39 59 65 64 40 13 54 5 81 29 63 74 25 89 72 95 45 70 42 83 4 90 88 36 22 77 48 92 84 78 67 60 97 87 41 61 27 3 7 94 76 23 15 19 17 58 98 66 9 73 10 33 86 35 53 68 56 99 80 46 32 16 91 14 47 30 20 26 93 49 51 52 18 55 38 0 (value : 1028)
in 0.003817 seconds (chrono time)
FROM solution: 0 24 87 1 29 74 49 84 10 54 55 69 3 72 93 94 45 47 18 19 28 32 27 23 89 12 26 85 65 66 5 62 71 59 34 80 36 37 57 39 40 76 48 81 33 41 58 88 91 78 42 22 53 52 99 63 7 14 4 50 30 38 95 61 44 56 82 70 77 73 67 11 15 96 20 98 68 6 25 83 35 43 46 64 21 75 51 16 79 86 90 8 92 60 17 9 31 97 13 2 0 (value : 6350)
TO   solution: 0 1 50 73 34 63 30 71 53 26 10 44 67 64 12 60 90 7 32 28 76 79 55 8 5 20 23 99 45 52 4 31 14 48 93 37 75 33 83 51 61 29 72 74 47 70 54 87 46 40 96 80 82 77 9 92 97 15 22 25 95 49 81 27 78 16 41 69 17 36 56 11 65 39 68 35 19 62 59 85 94 18 38 3 84 21 98 43 6 88 86 13 57 42 91 89 58 24 2 66 0 (value : 1036)
in 0.003805 seconds (chrono time)
FROM solution: 0 81 49 98 68 13 95 7 97 57 8 17 1 84 14 60 89 30 83 44 92 21 20 46 80 62 77 28 32 71 29 31 36 78 34 73 48 37 47 12 19 4 42 27 38 45 66 54 69 74 11 51 79 86 85 55 91 35 58 94 87 72 39 50 41 70 3 59 24 99 65 16 82 76 43 5 18 90 56 52 61 10 75 64 40 88 67 26 53 2 9 33 22 93 25 15 96 6 23 63 0 (value : 6630)
TO   solution: 0 31 40 41 61 28 17 97 29 60 93 64 95 63 5 72 10 55 91 99 52 7 83 18 8 11 82 1 70 42 2 81 26 36 20 77 84 94 13 59 3 67 33 58 79 69 48 50 76 56 88 22 15 47 37 9 34 43 98 4 65 44 14 92 21 12 51 35 85 25 66 19 87 23 71 24 53 96 75 6 73 62 32 57 68 74 78 90 45 30 46 89 39 38 49 80 54 86 27 16 0 (value : 1028)
in 0.003828 seconds (chrono time)
FROM solution: 0 64 20 42 17 34 91 7 39 37 45 73 12 13 48 94 27 99 32 8 15 52 56 16 36 46 66 76 23 29 24 19 44 86 97 18 72 74 38 35 25 65 40 43 1 63 21 33 60 88 67 5 84 55 62 53 95 9 58 59 10 80 81 61 98 31 2 57 51 68 54 69 41 11 30 75 70 77 28 87 83 78 82 14 3 85 22 50 79 89 47 71 6 93 90 4 96 49 92 26 0 (value : 6708)
TO   solution: 0 92 6 85 39 31 12 23 49 63 96 32 26 4 66 87 10 51 74 94 82 38 1 99 61 7 48 45 29 68 30 5 44 18 42 75 55 21 98 3 13 54 11 91 65 50 81 24 86 83 41 59 25 93 47 17 58 62 14 84 2 57 79 53 37 46 52 56 35 71 70 22 95 34 67 33 72 15 9 69 88 16 20 28 60 76 80 77 36 97 73 43 78 89 64 8 90 19 27 40 0 (value : 1032)
in 0.004095 seconds (chrono time)
FROM solution: 0 88 2 69 86 11 31 34 8 81 72 63 12 43 45 32 83 75 62 5 99 74 48 97 23 25 26 76 1 91 49 37 55 18 17 7 29 47 38 40 21 3 42 64 44 77 54 57 94 24 53 71 92 50 89 15 13 19 9 66 4 6 35 60 82 65 30 16 20 84 95 46 78 73 93 36 27 59 22 33 41 14 61 68 58 70 85 79 80 87 90 39 67 10 98 51 96 28 52 56 0 (value : 6640)
TO   solution: 0 66 19 41 55 61 47 5 56 54 36 6 90 46 53 31 73 58 45 67 39 68 13 83 4 62 42 7 34 84 96 27 12 64 44 87 63 51 65 57 30 17 60 95 35 69 99 81 91 14 98 40 49 85 59 50 82 70 9 29 20 77 24 80 26 23 33 76 79 86 97 22 71 1 10 89 3 15 88 32 37 93 38 74 25 75 78 18 11 2 94 8 43 16 48 72 28 21 52 92 0 (value : 942)
in 0.003771 seconds (chrono time)
FROM solution: 0 95 48 18 69 32 71 7 31 4 9 12 90 13 35 14 10 17 11 87 72 3 98 52 80 61 39 68 93 81 45 88 47 60 34 20 64 29 38 24 44 70 46 5 79 40 30 59 63 77 74 8 83 53 41 55 56 49 58 27 33 16 21 89 99 67 66 65 28 51 94 15 62 92 43 82 76 97 96 37 50 85 75 57 42 2 86 54 23 84 19 22 91 26 6 36 78 25 73 1 0 (value : 6508)
TO   solution: 0 54 95 34 11 57 28 89 36 62 79 58 97 65 52 61 33 86 7 25 69 70 67 88 5 16 39 66 10 77 78 44 31 12 2 55 75 60 64 18 41 91 87 94 21 96 1 85 6 32 72 38 51 8 46 4 3 23 13 90 83 17 30 92 74 29 40 14 59 26 50 43 37 56 45 71 73 22 15 81 80 63 24 19 9 99 76 98 48 84 82 68 27 42 20 49 47 93 35 53 0 (value : 1012)
in 0.00384 seconds (chrono time)
FROM solution: 0 48 33 13 36 12 76 62 59 16 75 50 26 99 29 57 5 10 41 39 14 79 22 86 18 25 52 30 67 84 44 17 92 74 47 56 77 69 21 3 34 58 15 85 28 2 97 80 1 46 11 51 93 88 95 24 89 66 43 78 60 61 7 45 64 65 37 31 83 63 70 71 72 49 68 40 94 8 55 19 9 81 82 53 35 20 91 87 73 6 42 23 27 32 4 54 96 90 98 38 0 (value : 7178)
TO   solution: 0 51 41 84 6 92 68 82 74 67 75 52 11 59 4 78 3 5 81 93 49 50 47 63 14 43 70 15 76 77 27 94 12 86 44 39 45 19 2 46 79 8 83 99 73 35 10 72 34 95 57 16 33 56 85 65 66 98 18 23 17 40 1 36 88 97 61 53 71 7 26 22 32 58 28 30 64 69 62 9 91 87 55 13 38 21 42 31 89 54 25 29 20 80 60 90 48 24 37 96 0 (value : 1008)
in 0.01805 seconds (chrono time)
FROM solution: 0 56 21 98 42 43 48 7 46 37 19 63 71 31 88 87 64 91 11 99 20 79 9 69 97 25 70 60 3 29 89 5 61 84 74 28 51 34 16 39 4 41 10 27 49 17 23 8 65 96 62 82 52 33 72 55 76 57 58 59 2 47 32 85 80 45 1 54 12 53 86 14 67 75 68 44 81 15 78 92 94 93 50 83 36 40 26 6 66 24 38 30 73 13 90 95 18 35 77 22 0 (value : 6428)
TO   solution: 0 55 73 9 71 43 94 38 57 97 70 67 1 52 91 98 36 74 33 93 77 17 31 62 27 64 95 88 89 56 63 66 5 14 37 22 11 51 19 85 23 92 53 30 76 24 48 8 41 54 2 80 90 35 99 40 7 26 82 44 83 86 68 20 59 78 72 12 58 46 45 39 10 50 6 25 96 28 65 4 15 42 18 75 84 69 79 47 32 13 60 3 16 61 49 81 87 21 29 34 0 (value : 1010)
in 0.003835 seconds (chrono time)
FROM solution: 0 7 45 63 4 20 48 99 57 51 80 19 98 93 67 90 70 60 12 28 42 66 22 56 24 96 26 15 62 55 30 18 32 95 34 31 79 37 33 39 77 76 8 43 36 86 46 6 16 1 72 74 14 83 21 38 2 59 88 65 71 94 27 35 17 9 10 92 68 3 40 64 5 73 54 75 69 49 85 11 52 81 84 53 97 78 82 87 44 91 47 29 50 13 23 58 25 89 61 41 0 (value : 6824)
TO   solution: 0 85 98 74 3 78 24 20 75 56 27 82 23 10 86 84 64 72 80 97 15 55 89 25 69 39 79 61 13 46 37 45 31 99 83 1 87 6 43 19 41 2 5 38 28 71 53 70 81 90 59 34 40 49 92 48 91 12 73 32 51 18 42 63 58 96 26 50 35 77 36 54 68 33 16 94 62 8 66 95 22 11 44 60 65 4 88 17 93 21 57 67 52 47 76 7 30 29 9 14 0 (value : 1012)
in 0.003835 seconds (chrono time)
FROM solution: 0 75 14 3 88 1 91 11 19 9 2 53 18 27 56 21 98 17 72 37 70 4 12 20 85 8 26 74 28 77 81 10 32 34 33 49 36 86 97 66 50 41 23 35 42 99 94 95 58 63 43 51 69 39 54 64 15 46 71 29 45 73 79 68 40 25 59 48 55 82 78 6 87 7 16 5 13 57 96 47 92 83 60 62 84 67 61 76 22 89 90 30 24 93 80 38 65 44 31 52 0 (value : 6882)
TO   solution: 0 1 53 58 70 27 65 26 73 97 14 84 48 11 49 98 68 37 63 23 6 29 13 42 95 54 90 43 28 24 39 41 92 85 38 52 31 35 93 18 17 7 94 55 22 19 75 83 32 15 81 47 96 62 51 20 74 5 4 2 61 57 16 34 21 99 44 50 33 67 40 45 87 72 9 10 64 69 8 78 88 86 60 77 79 82 36 91 3 66 71 25 80 30 59 56 46 89 76 12 0 (value : 996)
in 0.003756 seconds (chrono time)
