N = 50
FROM solution: 0 4 2 3 34 17 33 42 26 8 37 32 21 41 14 49 24 36 16 40 35 43 29 23 22 25 1 44 20 6 30 15 10 11 47 12 5 45 31 19 13 39 7 18 27 38 46 9 48 28 0 (value : 1752)
TO   solution: 0 15 45 22 28 8 36 43 29 39 3 16 33 9 46 12 10 41 38 6 13 18 31 35 27 1 32 26 48 14 23 20 17 40 7 30 24 11 34 21 25 4 19 47 44 37 49 5 2 42 0 (value : 370)
in 0.001198 seconds (chrono time)
FROM solution: 0 21 27 7 18 34 6 45 49 9 10 39 28 13 12 32 11 23 1 19 37 40 15 4 3 46 48 25 8 29 30 42 20 33 41 31 22 26 38 5 16 17 36 43 44 24 35 47 2 14 0 (value : 1624)
TO   solution: 0 6 7 39 15 9 32 14 46 26 17 12 25 42 24 28 44 35 13 43 11 41 10 22 23 34 30 48 29 4 27 45 8 3 19 21 40 18 1 5 38 20 31 16 2 36 49 37 47 33 0 (value : 360)
in 0.001204 seconds (chrono time)
FROM solution: 0 8 19 21 34 11 4 42 32 38 23 5 15 41 29 47 22 37 6 49 31 2 14 7 20 48 1 40 35 44 45 30 10 12 9 33 36 28 16 39 25 13 17 43 46 27 3 18 26 24 0 (value : 1916)
TO   solution: 0 43 23 19 10 27 1 47 5 6 8 45 13 31 42 36 12 22 18 34 39 11 32 9 48 29 35 3 33 20 24 7 17 2 16 37 21 46 44 4 41 28 15 26 14 30 25 40 38 49 0 (value : 374)
in 0.000572 seconds (chrono time)
FROM solution: 0 7 28 8 10 1 20 3 49 39 30 25 44 13 14 11 15 31 43 12 4 26 46 33 48 38 40 27 22 18 17 19 45 34 16 35 36 32 9 2 21 42 37 29 5 6 41 47 24 23 0 (value : 1580)
TO   solution: 0 20 22 48 28 9 17 45 11 47 13 42 18 19 39 2 15 30 29 38 5 4 43 25 44 27 16 26 8 23 24 3 33 7 49 14 21 46 40 6 41 34 35 10 12 36 31 1 32 37 0 (value : 398)
in 0.001235 seconds (chrono time)
FROM solution: 0 33 26 3 7 10 6 1 22 40 15 19 42 34 18 13 16 27 37 11 46 2 17 30 29 25 4 20 28 14 45 35 32 9 38 36 41 23 21 43 48 24 31 39 44 8 12 47 5 49 0 (value : 1690)
TO   solution: 0 9 45 15 19 13 21 1 6 2 31 4 39 42 37 40 30 8 48 27 14 20 12 22 5 16 24 35 10 11 49 26 28 3 33 43 44 38 46 47 32 18 17 7 23 41 36 34 25 29 0 (value : 396)
in 0.000577 seconds (chrono time)
FROM solution: 0 1 2 12 19 46 48 11 21 17 10 14 40 22 39 31 16 18 8 4 43 15 20 49 6 42 29 41 28 27 3 23 9 33 38 35 36 44 7 5 32 25 47 30 24 45 37 13 26 34 0 (value : 1750)
TO   solution: 0 2 19 26 3 18 45 43 28 16 32 33 11 13 27 20 24 15 4 12 36 47 25 14 38 21 17 46 41 44 29 35 37 39 42 10 9 30 40 7 34 49 8 5 48 1 22 6 31 23 0 (value : 394)
in 0.001175 seconds (chrono time)
FROM solution: 0 3 32 11 2 14 6 31 10 5 7 33 9 13 4 15 16 44 36 19 46 20 39 40 27 24 26 25 28 41 47 48 37 42 12 35 45 21 38 1 22 18 34 23 17 8 29 30 43 49 0 (value : 1722)
TO   solution: 0 27 43 7 11 18 46 16 37 36 28 20 3 45 31 29 2 1 44 42 47 8 38 48 26 5 13 10 14 17 30 39 25 9 34 22 23 19 12 49 32 40 15 6 35 33 21 24 4 41 0 (value : 372)
in 0.000603 seconds (chrono time)
FROM solution: 0 28 46 3 4 32 37 31 35 21 18 22 12 24 33 6 34 14 48 7 44 47 11 23 1 25 45 27 15 20 29 49 16 30 19 10 42 8 13 43 40 41 9 38 39 17 26 36 2 5 0 (value : 1520)
TO   solution: 0 7 47 6 23 30 17 33 5 25 36 13 4 42 20 27 8 15 18 35 41 24 10 48 40 16 49 3 28 12 11 21 14 26 1 19 31 46 44 45 29 32 43 22 9 34 37 2 39 38 0 (value : 362)
in 0.000611 seconds (chrono time)
FROM solution: 0 23 5 25 35 33 27 36 22 3 8 2 15 42 4 18 14 20 45 11 28 1 47 21 48 24 40 49 30 41 13 10 43 12 31 6 44 37 38 39 26 9 19 17 34 32 46 16 7 29 0 (value : 1762)
TO   solution: 0 34 35 1 8 46 20 24 19 39 5 25 47 40 13 4 26 32 33 38 45 30 14 23 17 16 22 6 29 27 31 48 41 21 9 36 11 28 12 43 49 10 42 37 44 3 7 18 15 2 0 (value : 380)
in 0.000613 seconds (chrono time)
FROM solution: 0 26 8 45 4 9 18 29 20 37 42 14 38 43 31 15 24 3 1 19 22 28 35 27 49 17 5 46 12 48 23 36 21 30 34 2 11 33 25 10 16 41 40 13 44 7 6 47 32 39 0 (value : 1696)
TO   solution: 0 25 31 27 35 6 37 11 47 43 14 16 15 29 36 33 12 18 24 19 23 38 42 13 5 3 45 8 41 46 49 7 21 40 17 2 30 1 32 20 22 4 48 39 44 10 28 34 9 26 0 (value : 388)
in 0.001483 seconds (chrono time)
FROM solution: 0 31 25 3 42 10 16 4 45 38 5 20 32 15 24 30 17 18 22 11 46 33 1 14 27 19 29 23 44 12 34 36 26 49 2 35 6 37 13 8 9 47 48 43 41 21 28 40 7 39 0 (value : 1542)
TO   solution: 0 32 36 15 25 48 19 41 45 37 40 38 35 27 21 43 20 4 2 39 13 10 47 34 33 42 17 6 26 30 11 46 9 31 18 3 28 29 44 5 22 8 49 24 16 7 1 23 12 14 0 (value : 362)
in 0.000755 seconds (chrono time)
FROM solution: 0 18 11 28 8 10 48 7 6 19 5 39 15 13 25 26 3 42 24 2 20 46 33 43 32 9 41 45 35 17 30 38 40 14 36 23 34 44 37 22 31 29 27 4 12 47 16 1 21 49 0 (value : 1682)
TO   solution: 0 35 14 45 7 34 38 43 19 2 26 22 1 40 4 48 24 46 21 32 16 17 6 9 41 44 39 12 30 13 37 33 8 25 18 29 11 36 49 15 31 42 3 20 5 28 23 27 10 47 0 (value : 372)
in 0.001144 seconds (chrono time)
FROM solution: 0 10 12 13 4 5 6 49 41 9 38 34 20 33 27 2 18 39 48 28 44 37 22 23 24 45 1 40 43 29 11 31 46 21 36 35 7 15 16 47 17 42 30 14 19 26 3 8 25 32 0 (value : 1470)
TO   solution: 0 38 30 17 19 41 13 37 10 29 11 31 44 8 1 12 22 34 25 48 24 5 32 33 28 23 42 15 18 2 16 47 39 20 40 36 26 3 45 7 35 46 6 4 27 43 21 49 9 14 0 (value : 370)
in 0.001235 seconds (chrono time)
FROM solution: 0 1 2 40 12 43 31 13 36 15 27 5 7 4 45 39 23 32 42 19 29 34 20 37 24 25 30 41 28 26 16 11 17 33 8 14 21 48 38 3 44 18 46 22 10 49 9 35 47 6 0 (value : 1684)
TO   solution: 0 46 5 20 45 29 43 6 9 19 25 32 16 8 33 31 41 26 10 14 40 39 49 12 30 48 2 22 36 47 7 42 21 15 37 24 34 44 35 3 1 18 27 17 4 23 11 28 38 13 0 (value : 352)
in 0.001115 seconds (chrono time)
FROM solution: 0 4 29 9 46 31 40 44 26 13 22 49 18 32 36 34 43 37 12 42 20 11 15 14 24 25 23 38 7 2 1 27 19 33 17 45 8 47 41 30 39 3 10 16 28 6 21 5 48 35 0 (value : 1526)
TO   solution: 0 11 22 18 49 47 16 3 28 42 8 43 5 38 34 7 32 15 20 27 40 37 10 24 35 19 36 25 23 21 4 2 1 45 33 9 30 26 39 17 12 13 31 48 44 29 46 41 14 6 0 (value : 400)
in 0.001092 seconds (chrono time)
FROM solution: 0 49 45 16 4 14 33 25 9 17 36 32 8 24 39 15 3 31 38 42 20 34 46 11 12 44 26 27 28 29 30 22 19 6 13 1 5 37 35 41 18 23 48 43 2 21 7 47 40 10 0 (value : 1592)
TO   solution: 0 40 13 15 21 7 46 22 23 37 43 45 31 5 14 32 33 35 39 26 27 29 38 2 30 18 8 44 17 47 9 12 24 19 10 41 28 49 42 20 3 6 4 25 48 36 16 11 1 34 0 (value : 340)
in 0.00116 seconds (chrono time)
FROM solution: 0 32 5 30 4 21 29 47 27 7 1 28 22 45 26 49 16 10 40 19 8 42 41 31 44 23 48 36 12 35 34 13 3 46 17 37 33 24 38 15 39 43 6 2 25 11 18 9 14 20 0 (value : 1780)
TO   solution: 0 9 35 11 40 8 5 21 33 28 1 43 24 13 15 48 3 6 23 45 47 30 41 19 32 42 7 4 49 26 31 39 27 14 37 22 29 36 16 38 2 10 18 20 25 46 17 44 12 34 0 (value : 400)
in 0.001011 seconds (chrono time)
FROM solution: 0 1 28 23 25 26 6 45 40 9 10 4 11 47 37 3 41 31 48 18 15 19 22 16 14 7 12 34 2 20 33 46 32 43 49 5 29 38 13 42 44 36 30 35 8 17 39 24 21 27 0 (value : 1736)
TO   solution: 0 19 23 29 3 18 40 31 26 22 17 35 6 11 41 7 39 21 20 13 34 48 1 43 24 4 44 5 37 49 45 30 2 10 9 36 46 32 16 14 15 28 8 12 42 27 25 33 38 47 0 (value : 374)
in 0.001181 seconds (chrono time)
FROM solution: 0 10 2 18 30 28 47 7 20 11 3 22 12 42 21 13 16 4 29 49 38 35 32 41 6 14 26 45 48 23 40 31 34 24 37 39 17 19 36 27 9 1 15 43 44 25 46 5 8 33 0 (value : 1794)
TO   solution: 0 25 6 12 18 7 42 19 29 37 48 4 43 13 8 14 20 10 3 34 36 39 38 17 23 33 26 2 35 1 28 24 32 16 40 46 45 15 41 5 30 31 27 44 21 22 47 11 9 49 0 (value : 370)
in 0.00129 seconds (chrono time)
FROM solution: 0 42 24 19 4 5 6 33 44 34 10 9 23 14 26 47 2 17 30 21 20 49 48 27 7 43 38 29 40 16 13 15 32 25 37 35 8 36 1 41 28 39 11 18 3 31 46 12 22 45 0 (value : 1524)
TO   solution: 0 22 37 5 19 36 31 3 20 21 9 29 48 24 6 11 47 34 12 16 40 39 41 1 49 25 32 17 27 7 2 30 26 46 4 14 13 44 15 35 45 43 18 42 33 23 38 8 28 10 0 (value : 388)
in 0.001285 seconds (chrono time)
FROM solution: 0 2 39 40 10 5 47 12 35 4 42 36 37 38 22 33 44 17 46 27 41 13 45 21 48 9 16 31 1 15 30 32 29 23 18 24 14 25 28 6 26 34 20 19 11 8 43 3 7 49 0 (value : 1584)
TO   solution: 0 18 22 25 11 8 42 20 39 32 46 23 4 29 1 19 43 47 5 10 24 7 21 3 30 12 31 44 40 45 48 28 26 9 2 13 33 14 41 27 17 49 6 36 35 15 34 16 37 38 0 (value : 354)
in 0.001252 seconds (chrono time)
FROM solution: 0 16 2 19 36 1 10 6 25 15 22 34 12 8 14 43 33 17 28 29 20 4 26 23 31 11 48 47 21 5 35 24 18 40 9 3 41 49 39 37 44 32 7 27 38 45 13 30 46 42 0 (value : 1662)
TO   solution: 0 34 7 3 40 43 42 6 48 30 14 24 22 49 16 32 46 38 8 1 47 26 4 27 18 11 12 9 25 5 39 21 20 17 45 29 13 10 23 33 35 36 31 15 44 37 41 28 2 19 0 (value : 366)
in 0.001194 seconds (chrono time)
FROM solution: 0 14 44 3 41 5 35 49 8 9 12 27 43 28 45 42 20 1 34 6 16 21 46 23 25 32 19 36 40 18 37 31 15 33 4 38 22 30 17 39 10 11 24 2 26 29 13 48 47 7 0 (value : 1674)
TO   solution: 0 28 21 32 17 15 16 44 2 14 45 18 42 24 40 26 48 5 8 29 25 6 23 43 22 1 11 47 41 31 37 30 12 7 36 27 19 3 46 4 9 20 38 39 34 35 49 10 13 33 0 (value : 366)
in 0.003844 seconds (chrono time)
FROM solution: 0 1 25 36 14 10 6 20 4 32 38 21 3 8 27 22 49 40 18 2 7 29 13 48 15 31 42 16 35 5 34 39 9 33 44 12 37 30 11 19 45 43 23 41 17 28 46 47 24 26 0 (value : 1488)
TO   solution: 0 28 29 43 42 46 6 27 17 41 26 34 32 49 40 48 20 25 45 36 8 3 7 16 35 21 15 24 5 10 9 13 30 14 39 38 44 18 19 11 12 37 47 4 33 23 1 31 22 2 0 (value : 344)
in 0.001087 seconds (chrono time)
FROM solution: 0 22 2 3 33 28 20 31 12 21 17 18 41 13 26 15 40 43 48 38 4 10 6 47 29 32 36 16 44 8 30 49 45 11 23 35 25 34 42 39 14 27 19 24 5 46 7 37 9 1 0 (value : 1796)
TO   solution: 0 44 1 5 29 43 25 41 14 48 28 21 30 26 22 6 45 12 39 31 2 16 32 7 10 35 34 11 18 33 17 49 20 46 24 40 9 37 13 19 36 42 15 23 4 3 47 8 38 27 0 (value : 336)
in 0.001106 seconds (chrono time)
FROM solution: 0 1 34 47 40 10 45 27 11 20 5 37 30 35 16 15 28 31 12 48 14 21 38 3 36 2 17 29 46 49 8 39 43 33 44 41 22 6 25 19 13 7 42 9 18 4 23 32 26 24 0 (value : 1614)
TO   solution: 0 49 12 10 14 41 38 19 33 31 44 42 23 32 2 30 35 21 15 46 48 27 6 34 13 43 22 8 5 4 16 37 45 36 40 3 28 17 29 1 26 25 9 24 18 7 47 20 11 39 0 (value : 386)
in 0.001145 seconds (chrono time)
FROM solution: 0 28 1 29 18 33 6 7 13 21 23 11 17 42 8 22 41 45 4 19 44 39 10 35 27 38 12 24 20 30 14 48 15 5 2 49 31 9 34 37 40 16 3 36 43 32 46 47 26 25 0 (value : 1574)
TO   solution: 0 43 21 25 32 42 44 3 40 23 28 11 6 5 9 13 45 38 22 10 36 19 33 17 34 15 48 27 20 24 46 14 18 16 2 1 4 26 35 12 7 49 31 29 37 8 47 41 39 30 0 (value : 354)
in 0.001279 seconds (chrono time)
FROM solution: 0 23 36 12 39 45 41 49 8 7 11 15 37 24 5 16 31 17 38 30 2 6 47 35 26 10 34 27 48 29 46 28 14 25 22 18 20 19 3 4 40 33 21 1 44 43 42 32 13 9 0 (value : 1550)
TO   solution: 0 8 24 6 45 17 3 27 7 9 33 30 16 23 34 28 43 20 10 47 25 4 35 2 48 39 15 40 41 29 46 11 44 37 32 26 42 36 1 21 5 14 12 18 22 49 38 13 31 19 0 (value : 354)
in 0.000669 seconds (chrono time)
FROM solution: 0 46 40 8 15 27 19 7 3 9 31 26 25 18 13 48 16 17 21 2 32 34 6 23 1 14 12 30 28 29 36 43 49 42 38 33 47 11 4 39 41 5 20 24 37 22 10 45 35 44 0 (value : 1670)
TO   solution: 0 5 43 9 18 39 31 20 13 40 34 42 44 22 19 17 8 14 10 35 32 41 11 48 21 30 49 1 24 12 3 45 29 16 47 26 36 46 4 37 2 38 33 7 6 15 25 28 23 27 0 (value : 378)
in 0.001294 seconds (chrono time)
FROM solution: 0 48 2 31 8 27 12 41 14 6 29 42 11 21 4 15 22 25 13 28 34 37 1 26 39 17 35 43 47 33 44 46 32 38 36 18 10 5 19 9 7 23 3 24 40 30 20 16 45 49 0 (value : 1710)
TO   solution: 0 30 24 36 19 13 29 12 8 47 9 33 4 1 37 15 2 6 43 26 27 46 39 40 25 38 7 16 20 32 35 23 42 28 49 44 14 21 10 41 34 31 45 3 17 22 18 11 48 5 0 (value : 352)
in 0.001886 seconds (chrono time)
