N = 70
FROM solution: 0 60 2 23 42 43 29 37 16 63 12 41 10 13 68 15 64 24 20 19 9 21 33 35 61 5 26 52 57 53 30 59 28 50 38 32 56 17 47 34 44 46 6 11 22 39 8 7 45 27 36 58 1 66 54 55 49 51 14 25 48 18 69 67 40 65 62 31 4 3 0 (value : 3308)
TO   solution: 0 40 52 56 17 54 32 30 43 27 48 58 66 11 69 50 59 2 15 41 7 10 22 5 1 46 6 35 57 64 23 8 62 4 13 42 65 33 53 45 20 29 25 55 44 39 47 49 28 14 19 37 63 3 16 34 26 38 67 60 12 31 9 24 21 61 51 36 68 18 0 (value : 612)
in 0.001388 seconds (chrono time)
FROM solution: 0 65 2 32 4 19 63 54 41 53 16 61 12 34 7 8 21 36 18 47 20 69 28 17 35 55 14 27 45 29 25 59 22 24 37 38 30 52 11 10 5 23 9 43 60 6 13 64 15 49 62 51 44 56 42 58 67 57 31 48 50 33 1 26 66 39 46 40 68 3 0 (value : 3360)
TO   solution: 0 53 56 28 57 13 52 12 7 66 55 19 6 23 41 69 21 60 3 16 61 49 5 64 35 51 50 48 15 46 42 22 33 67 38 18 43 62 17 34 40 27 10 59 58 47 11 54 36 9 25 44 30 2 68 63 29 20 4 39 37 45 14 65 8 26 31 1 24 32 0 (value : 650)
in 0.00139 seconds (chrono time)
FROM solution: 0 67 20 3 24 57 6 7 44 38 32 35 31 27 56 37 64 17 14 47 62 2 22 9 39 53 50 5 40 29 30 15 58 61 11 42 4 34 52 12 48 19 60 45 41 16 46 8 33 63 23 26 13 51 1 36 54 49 10 18 65 68 55 43 28 21 66 25 59 69 0 (value : 3214)
TO   solution: 0 9 34 16 8 56 52 68 19 69 30 6 35 17 14 59 60 48 42 39 41 10 24 33 44 25 27 53 38 65 36 47 63 3 5 67 54 11 50 20 18 57 29 15 32 7 2 51 66 28 45 43 21 31 23 62 46 4 12 64 58 26 13 55 49 40 37 61 22 1 0 (value : 606)
in 0.001463 seconds (chrono time)
FROM solution: 0 1 56 21 16 27 58 12 44 67 33 64 55 29 28 65 14 22 57 19 7 3 4 69 9 10 36 2 20 49 61 46 54 63 39 13 31 11 38 53 41 17 30 26 34 5 24 47 6 32 50 23 45 52 35 18 8 37 40 68 42 60 48 51 62 15 66 43 59 25 0 (value : 3156)
TO   solution: 0 43 31 3 19 41 60 28 45 51 63 42 15 34 50 49 22 20 59 25 32 6 21 65 66 37 69 24 17 9 13 4 10 2 36 57 53 39 58 67 7 68 40 12 44 23 27 30 48 11 38 29 55 64 14 62 54 46 5 1 47 61 52 56 16 8 26 33 35 18 0 (value : 602)
in 0.001447 seconds (chrono time)
FROM solution: 0 46 68 7 62 49 5 41 55 61 8 59 50 11 35 26 16 28 40 20 43 67 31 48 3 44 30 60 9 56 45 6 21 29 23 14 34 33 69 39 54 15 36 19 47 65 17 37 38 58 12 64 51 53 10 27 24 4 52 2 57 25 42 63 18 32 66 13 1 22 0 (value : 3488)
TO   solution: 0 57 6 53 40 23 1 65 56 50 68 22 62 43 14 3 61 63 24 25 11 9 16 59 28 32 44 51 12 67 33 58 5 52 26 21 18 31 37 27 47 8 39 54 2 19 7 34 20 55 66 29 36 4 69 48 38 35 46 45 64 30 17 41 42 15 49 13 10 60 0 (value : 564)
in 0.001516 seconds (chrono time)
FROM solution: 0 8 43 36 54 53 66 65 69 11 52 38 48 4 15 50 39 17 68 55 24 30 42 25 14 64 18 44 6 29 23 34 9 21 57 27 63 41 20 19 22 5 28 32 56 2 62 47 59 12 1 13 33 61 35 16 3 37 58 40 46 49 60 7 51 45 31 67 26 10 0 (value : 2876)
TO   solution: 0 23 34 58 9 67 33 5 36 7 44 2 65 69 11 30 59 52 63 27 4 15 61 41 28 24 3 47 48 46 54 62 68 18 43 51 64 32 14 53 1 49 39 35 40 31 26 29 10 38 42 66 21 17 57 6 25 56 60 20 37 16 8 12 55 45 19 13 22 50 0 (value : 604)
in 0.001462 seconds (chrono time)
FROM solution: 0 6 11 60 51 57 68 7 40 8 23 5 1 48 24 30 50 69 45 65 38 63 28 10 52 13 44 36 3 53 46 31 58 33 56 47 55 37 15 39 64 9 4 20 42 18 61 12 59 49 54 67 35 32 25 2 34 16 62 14 17 29 21 43 22 41 27 66 19 26 0 (value : 3258)
TO   solution: 0 19 34 12 26 69 25 61 49 47 20 40 5 59 53 38 32 35 28 55 37 18 4 51 39 10 2 21 6 31 46 36 66 58 22 42 68 15 7 29 50 16 27 13 14 60 54 8 1 9 65 17 41 57 63 30 11 48 52 23 33 64 45 62 43 24 67 56 3 44 0 (value : 568)
in 0.001423 seconds (chrono time)
FROM solution: 0 69 25 48 52 20 64 18 28 24 30 4 49 2 31 8 46 41 15 19 43 56 65 1 12 60 10 50 7 21 66 36 61 32 34 59 13 55 38 39 53 9 35 5 67 40 16 42 68 23 57 27 47 33 11 37 17 14 45 29 54 22 62 63 6 26 58 44 3 51 0 (value : 3366)
TO   solution: 0 2 34 67 54 38 33 61 66 28 44 35 8 21 41 45 11 4 22 52 15 30 60 55 42 40 46 65 62 10 53 68 69 24 23 12 56 50 25 5 26 17 14 36 18 16 19 31 59 13 29 3 58 47 1 37 39 9 7 57 32 20 51 43 48 6 64 27 63 49 0 (value : 576)
in 0.001458 seconds (chrono time)
FROM solution: 0 13 41 5 10 2 44 37 17 9 3 47 66 60 22 12 16 15 64 35 28 6 52 20 19 11 31 63 4 29 67 45 27 33 34 50 36 62 56 7 24 48 55 23 1 38 49 58 51 30 25 32 40 53 65 39 42 57 46 59 54 61 68 43 21 14 18 26 8 69 0 (value : 3050)
TO   solution: 0 33 47 10 36 56 2 35 34 44 63 37 1 20 54 39 53 64 31 57 12 24 61 5 8 4 6 43 52 15 41 7 48 45 18 59 9 23 19 49 16 22 65 17 40 60 58 11 3 62 27 42 26 55 29 51 32 69 66 21 46 30 50 67 25 28 68 13 14 38 0 (value : 562)
in 0.001422 seconds (chrono time)
FROM solution: 0 64 25 45 52 67 63 7 21 31 68 35 43 2 4 15 16 29 18 42 6 65 57 23 49 22 17 27 10 54 19 41 11 69 34 38 36 37 48 66 28 8 12 40 26 51 46 39 3 5 50 47 14 61 13 55 56 1 30 53 24 59 9 60 58 32 20 44 62 33 0 (value : 2784)
TO   solution: 0 29 11 24 25 53 20 42 38 46 52 15 5 30 26 13 61 67 7 8 68 51 4 1 43 14 39 2 19 64 28 10 9 54 48 66 58 22 44 35 33 59 62 32 55 18 63 31 23 56 21 40 3 41 49 45 37 17 6 27 57 34 60 16 36 65 12 69 50 47 0 (value : 556)
in 0.001421 seconds (chrono time)
FROM solution: 0 55 15 3 64 41 6 38 16 49 10 63 39 34 67 21 8 46 33 36 61 7 57 43 48 12 18 53 19 20 56 28 4 25 69 17 5 37 22 47 45 23 35 42 26 40 44 32 54 59 50 2 52 13 9 27 30 31 29 1 11 58 62 60 24 65 66 14 68 51 0 (value : 3180)
TO   solution: 0 39 18 60 52 14 35 9 41 29 8 56 67 24 19 46 43 25 64 22 34 30 6 62 3 31 69 5 45 55 65 42 49 36 27 37 1 66 10 50 47 61 63 32 7 58 54 21 48 28 15 17 20 23 16 2 13 12 44 40 4 53 68 59 33 26 38 11 51 57 0 (value : 552)
in 0.001539 seconds (chrono time)
FROM solution: 0 14 66 3 38 5 36 58 26 9 42 12 15 39 8 69 54 44 33 30 20 4 1 23 31 56 61 21 27 24 53 7 50 29 34 46 63 22 6 48 16 55 13 43 19 25 18 47 41 49 37 51 10 45 40 32 2 28 35 59 60 57 62 52 64 65 11 67 17 68 0 (value : 3126)
TO   solution: 0 19 31 41 16 25 14 55 63 1 64 59 26 32 69 8 21 65 3 38 56 60 67 57 33 17 23 6 28 18 45 34 30 42 52 9 29 4 12 20 36 66 5 58 43 40 11 62 24 2 48 13 50 37 39 27 47 46 44 53 68 7 35 22 54 10 49 15 51 61 0 (value : 610)
in 0.001484 seconds (chrono time)
FROM solution: 0 46 21 29 57 32 7 23 58 50 15 66 62 24 25 11 28 67 18 19 17 36 9 31 55 4 1 5 30 41 48 6 10 61 43 42 52 37 38 45 40 39 54 34 44 3 14 63 26 68 60 51 16 20 33 2 22 27 8 59 12 13 56 47 64 65 35 53 49 69 0 (value : 3034)
TO   solution: 0 67 28 19 29 42 64 68 10 51 30 66 38 25 18 33 39 45 53 27 40 24 20 61 6 44 69 11 16 47 57 50 26 7 62 14 60 8 12 15 54 63 21 59 4 3 52 56 58 48 43 55 65 9 2 34 31 35 49 22 36 13 46 23 1 32 17 37 41 5 0 (value : 576)
in 0.001573 seconds (chrono time)
FROM solution: 0 66 11 20 36 2 12 52 1 57 16 24 8 13 63 54 67 51 10 48 53 35 22 61 68 38 26 27 44 29 14 58 32 9 17 55 42 62 64 69 40 18 30 15 7 6 33 47 39 45 50 46 31 43 65 25 23 37 28 59 60 4 3 34 56 41 5 21 49 19 0 (value : 3050)
TO   solution: 0 38 9 16 56 5 23 15 19 35 55 17 11 29 4 6 66 60 40 34 61 41 2 24 42 28 59 36 44 25 64 67 26 20 63 69 45 51 13 3 14 48 68 33 46 12 27 22 18 53 47 39 57 52 37 65 62 50 10 1 58 8 54 31 30 43 49 7 21 32 0 (value : 588)
in 0.001462 seconds (chrono time)
FROM solution: 0 11 2 35 28 9 50 41 32 6 46 31 12 21 34 68 45 47 29 26 19 52 27 23 20 65 53 36 4 54 10 62 24 37 33 63 64 58 43 38 40 5 30 8 44 39 7 69 15 59 57 67 13 51 17 55 18 25 3 48 60 61 56 16 49 1 66 22 42 14 0 (value : 3120)
TO   solution: 0 15 29 23 57 26 16 49 66 39 7 10 55 24 63 41 68 69 30 28 14 61 13 45 52 38 2 22 42 34 32 65 56 35 4 18 60 8 58 50 37 21 67 31 33 51 46 6 47 44 25 40 59 19 20 53 3 9 11 12 1 43 36 48 64 5 17 54 27 62 0 (value : 584)
in 0.001488 seconds (chrono time)
FROM solution: 0 59 50 39 2 11 36 67 18 10 1 17 25 26 23 15 32 47 6 28 51 62 40 35 12 19 29 4 30 13 5 8 60 33 57 31 14 64 38 41 65 7 42 48 52 55 22 56 9 49 34 24 37 53 69 54 63 3 16 20 21 61 46 27 58 68 66 43 44 45 0 (value : 3130)
TO   solution: 0 41 58 20 29 37 32 46 16 62 47 52 42 4 14 1 3 27 49 66 33 56 45 68 13 36 21 48 38 9 7 23 15 10 40 19 43 18 63 25 55 22 6 35 2 44 67 50 12 51 8 11 17 26 65 30 57 31 54 24 5 59 69 61 39 28 64 34 53 60 0 (value : 562)
in 0.001595 seconds (chrono time)
FROM solution: 0 53 67 44 55 37 6 54 19 9 61 38 12 45 63 3 66 52 18 28 21 47 35 43 1 50 29 8 40 65 46 27 5 33 34 22 36 32 14 30 10 4 17 39 31 42 51 41 7 23 2 20 60 58 57 48 56 16 11 26 49 69 62 64 13 24 59 25 68 15 0 (value : 2980)
TO   solution: 0 21 58 64 27 38 14 10 28 6 29 43 16 7 52 19 30 67 49 5 50 15 47 51 62 32 25 34 46 69 2 35 41 24 9 36 54 33 59 20 8 22 63 31 57 45 18 13 12 1 3 42 48 17 61 40 56 39 11 66 23 55 37 68 53 60 4 65 44 26 0 (value : 552)
in 0.00146 seconds (chrono time)
FROM solution: 0 1 6 24 37 18 45 69 40 9 26 23 14 49 12 54 36 59 4 65 20 34 56 42 8 3 25 10 52 30 13 41 67 33 51 60 5 66 38 39 16 19 27 62 44 2 55 47 53 28 46 31 64 32 15 22 21 29 61 11 35 58 7 63 48 43 17 50 68 57 0 (value : 3158)
TO   solution: 0 15 65 26 17 54 1 66 30 55 20 34 3 36 5 38 42 12 32 40 4 35 13 14 45 7 44 51 46 27 2 41 64 11 60 31 47 56 18 19 53 21 25 61 8 43 57 37 10 29 28 23 39 68 63 67 49 33 48 52 50 24 16 6 69 9 58 59 62 22 0 (value : 606)
in 0.001395 seconds (chrono time)
FROM solution: 0 45 53 57 29 5 37 2 24 17 54 46 25 26 12 19 16 52 21 13 65 60 14 38 8 49 61 48 67 11 35 15 30 3 69 6 36 31 23 39 1 27 44 7 63 40 22 47 34 41 28 62 9 68 20 10 56 4 18 59 58 43 42 64 55 51 66 32 50 33 0 (value : 3262)
TO   solution: 0 41 11 6 33 20 24 44 25 58 42 18 52 56 40 53 34 69 39 32 4 62 60 57 61 8 47 28 29 65 67 68 45 9 16 55 54 48 66 17 21 27 10 64 2 59 43 23 36 15 26 51 5 49 31 14 50 3 7 30 19 13 46 35 12 22 37 1 38 63 0 (value : 570)
in 0.001468 seconds (chrono time)
FROM solution: 0 38 63 69 41 58 56 47 50 29 13 1 5 10 14 59 16 64 18 19 6 15 42 51 34 22 17 66 30 53 39 31 35 55 24 67 54 45 43 44 32 52 48 7 12 57 21 25 36 49 20 23 8 9 11 33 68 28 27 3 62 61 37 65 26 2 40 46 60 4 0 (value : 2802)
TO   solution: 0 11 51 25 4 41 57 34 33 44 7 29 37 52 47 15 1 13 63 19 45 3 46 61 31 12 38 18 67 62 40 39 10 50 68 28 58 27 42 60 36 26 9 5 14 54 30 16 53 17 64 22 35 69 55 2 21 43 66 23 59 8 6 56 49 20 24 65 32 48 0 (value : 600)
in 0.001591 seconds (chrono time)
FROM solution: 0 1 41 4 9 46 44 3 53 8 66 11 2 32 5 55 40 17 28 57 19 23 22 26 24 48 64 59 36 29 69 39 42 47 34 54 30 20 43 31 16 33 65 21 12 67 62 6 45 27 61 25 52 60 49 14 7 13 58 18 37 35 15 63 10 51 38 56 68 50 0 (value : 3146)
TO   solution: 0 12 21 57 36 34 17 43 59 42 5 47 62 44 63 11 3 45 49 23 33 56 27 30 26 31 55 61 67 16 52 40 25 18 14 68 65 50 2 7 35 38 32 28 4 29 60 13 1 64 69 66 24 8 58 39 48 20 46 22 10 9 51 41 37 19 54 15 53 6 0 (value : 610)
in 0.001595 seconds (chrono time)
FROM solution: 0 1 53 29 33 56 15 34 45 32 5 38 26 13 43 64 16 68 21 51 37 4 66 63 48 57 35 17 41 31 10 58 62 11 52 55 69 27 39 59 22 46 42 14 60 24 3 49 54 36 2 7 44 6 25 23 9 40 19 20 18 61 30 12 65 47 8 50 28 67 0 (value : 3290)
TO   solution: 0 64 15 68 25 67 10 12 22 32 5 2 61 63 19 45 7 17 53 69 13 18 35 62 39 16 50 65 48 57 44 66 24 27 54 20 30 55 33 9 31 46 28 37 3 59 23 56 11 43 60 49 38 52 8 26 6 51 47 58 40 34 14 1 42 21 4 41 36 29 0 (value : 578)
in 0.001536 seconds (chrono time)
FROM solution: 0 68 23 24 26 53 45 54 17 67 10 21 31 8 13 20 43 46 60 41 22 11 33 30 34 25 9 27 7 28 51 19 32 2 12 42 16 38 1 37 62 63 29 58 39 64 15 35 48 40 61 18 52 49 14 6 69 57 66 59 44 5 3 65 55 4 47 56 36 50 0 (value : 3268)
TO   solution: 0 7 20 33 9 46 29 67 62 30 47 5 27 38 35 48 50 37 10 49 6 58 39 32 18 44 40 56 22 23 16 42 65 57 59 24 19 28 4 45 66 53 26 21 69 3 68 2 64 34 52 63 13 31 55 12 43 36 11 54 15 14 60 8 25 61 17 1 51 41 0 (value : 594)
in 0.001373 seconds (chrono time)
FROM solution: 0 40 43 12 14 37 6 65 45 57 38 11 61 62 24 34 33 17 26 55 25 41 19 52 8 10 51 27 13 69 46 31 63 47 9 44 39 5 56 67 54 60 30 2 48 7 59 4 16 49 42 3 36 32 23 35 20 22 58 18 21 50 66 28 64 15 1 29 68 53 0 (value : 3820)
TO   solution: 0 22 5 65 60 47 52 21 62 35 15 9 37 32 3 31 28 50 38 34 17 20 41 57 69 23 13 30 58 61 2 43 53 24 29 54 8 51 46 66 68 7 14 25 49 44 56 63 59 64 10 11 40 19 33 16 55 39 42 6 1 26 12 4 67 45 48 36 27 18 0 (value : 572)
in 0.001432 seconds (chrono time)
FROM solution: 0 63 30 3 49 40 48 39 13 19 9 31 12 8 2 69 47 44 1 36 26 51 22 23 64 15 57 20 28 32 38 52 25 45 35 14 65 11 33 17 7 41 29 54 67 59 46 50 55 60 4 56 62 24 18 53 27 43 58 37 34 61 66 21 10 6 16 5 68 42 0 (value : 2860)
TO   solution: 0 64 41 47 43 45 30 25 60 37 20 36 14 54 51 26 31 12 5 13 57 29 58 66 38 33 46 59 39 42 35 7 68 9 23 22 15 6 19 65 1 63 8 56 28 34 40 69 10 32 2 53 55 50 44 17 18 61 4 16 21 52 24 62 49 3 67 11 48 27 0 (value : 612)
in 0.001437 seconds (chrono time)
FROM solution: 0 7 2 25 20 44 19 33 10 27 15 18 64 37 50 14 43 21 61 58 13 16 12 23 35 57 42 9 28 46 32 24 60 3 1 54 56 39 52 34 29 62 22 31 49 45 65 53 48 11 36 40 51 5 67 4 63 41 6 59 26 38 8 47 30 17 66 55 68 69 0 (value : 3412)
TO   solution: 0 59 39 66 7 32 31 69 41 19 29 43 49 62 30 24 25 2 44 48 1 14 4 56 53 57 68 50 45 12 6 36 3 23 15 13 22 58 64 46 17 47 52 37 55 63 10 54 34 18 16 20 9 35 60 38 5 42 28 27 33 21 67 11 26 61 51 40 65 8 0 (value : 582)
in 0.001464 seconds (chrono time)
FROM solution: 0 41 25 50 14 59 68 26 32 2 42 1 21 39 27 20 24 43 61 19 51 48 62 23 6 5 13 46 30 29 31 53 10 55 34 35 49 65 38 45 15 22 12 16 18 17 11 37 8 57 7 40 52 9 36 44 58 4 67 28 60 47 33 3 64 56 66 54 63 69 0 (value : 2878)
TO   solution: 0 60 58 33 52 29 53 24 12 19 7 41 65 5 69 64 8 15 27 32 36 61 62 3 46 30 10 51 37 11 45 67 2 17 23 49 63 35 34 26 55 54 16 66 40 44 18 25 1 50 21 38 48 39 31 43 56 42 13 9 57 14 47 20 59 28 4 6 68 22 0 (value : 644)
in 0.001473 seconds (chrono time)
FROM solution: 0 53 44 34 36 17 7 30 51 11 21 41 39 38 48 32 16 5 18 47 1 3 24 37 33 23 26 42 55 19 50 6 49 62 43 57 12 10 13 27 40 2 29 65 59 31 46 60 9 66 64 8 67 20 54 61 4 45 58 22 52 28 68 63 25 56 15 14 35 69 0 (value : 3206)
TO   solution: 0 66 14 62 24 2 60 57 67 16 47 5 4 32 37 46 1 68 27 61 10 20 30 13 31 17 50 44 15 22 8 6 56 42 53 12 11 45 34 26 58 33 41 64 21 55 28 29 48 65 25 52 9 38 35 63 43 40 23 36 19 69 49 59 39 3 18 51 54 7 0 (value : 610)
in 0.001428 seconds (chrono time)
FROM solution: 0 10 39 3 5 45 11 58 63 15 35 53 67 40 52 49 31 27 1 46 18 54 12 37 38 25 6 16 7 29 26 61 32 24 22 8 36 55 23 44 21 28 42 43 68 66 69 47 51 65 33 48 30 50 9 41 56 4 64 57 60 19 34 20 59 14 17 62 13 2 0 (value : 3028)
TO   solution: 0 54 56 30 17 10 34 55 20 12 41 47 13 9 51 48 15 53 18 40 27 7 33 2 69 64 28 21 44 66 29 31 45 6 46 35 60 57 32 65 43 4 52 59 8 37 62 19 38 14 22 61 42 25 68 5 11 67 1 3 39 24 58 50 23 16 63 36 26 49 0 (value : 568)
in 0.001417 seconds (chrono time)
FROM solution: 0 1 23 3 20 15 54 46 42 24 67 65 36 61 9 51 5 17 6 38 41 25 62 52 33 22 19 27 64 26 56 14 39 37 21 44 40 35 43 18 11 50 69 63 13 16 10 2 29 34 48 28 60 53 8 66 7 47 4 59 32 58 31 12 55 57 45 30 49 68 0 (value : 3134)
TO   solution: 0 8 33 43 27 10 28 47 17 31 67 49 53 23 39 65 55 36 68 5 64 38 46 20 41 18 6 21 54 51 16 15 57 35 9 66 63 24 60 61 42 56 50 62 37 14 12 59 30 3 1 19 58 44 34 22 69 13 11 45 52 25 26 40 48 29 32 2 7 4 0 (value : 574)
in 0.00139 seconds (chrono time)
