N = 80
FROM solution: 0 76 8 46 29 4 67 62 73 54 70 25 19 13 35 16 41 17 11 37 15 32 71 61 31 79 26 18 6 72 48 53 14 33 3 34 63 42 57 74 12 69 40 22 44 51 39 28 59 38 43 66 52 65 49 60 56 50 2 30 24 47 20 45 10 64 55 68 21 9 27 23 58 36 5 75 1 77 78 7 0 (value : 4624)
TO   solution: 0 12 38 57 35 24 59 31 16 40 19 78 22 44 63 47 69 73 28 76 20 54 4 53 72 70 49 34 11 5 41 39 26 1 71 43 58 60 18 14 8 46 7 32 17 15 23 62 74 51 50 3 65 21 13 56 9 45 55 33 30 25 61 66 42 68 29 2 77 75 36 6 48 67 52 64 37 10 79 27 0 (value : 722)
in 0.002107 seconds (chrono time)
FROM solution: 0 7 41 9 25 5 6 77 78 11 63 42 30 13 70 79 59 21 46 62 20 72 52 28 54 4 17 75 58 71 12 31 48 76 35 68 36 49 37 55 8 33 40 73 23 56 69 47 27 44 3 34 19 74 24 32 45 10 50 65 29 61 53 51 18 39 67 1 14 64 16 57 38 2 15 66 60 22 43 26 0 (value : 4722)
TO   solution: 0 19 11 33 52 51 43 76 37 74 4 21 40 18 54 22 79 62 28 9 26 39 35 17 23 68 27 66 36 14 46 8 70 67 34 58 59 73 20 5 29 71 77 55 49 61 1 42 2 12 65 3 13 50 75 45 63 56 41 47 48 78 6 30 57 10 15 32 44 69 60 16 25 24 64 7 72 53 38 31 0 (value : 780)
in 0.002869 seconds (chrono time)
FROM solution: 0 32 16 49 4 64 6 7 21 27 44 43 33 13 66 59 31 45 2 39 35 19 69 75 78 1 50 41 26 11 20 34 61 46 5 36 48 71 10 73 3 57 42 30 56 9 17 51 52 65 22 67 8 55 68 58 53 18 28 23 60 25 54 63 29 37 40 79 62 14 76 47 77 12 74 15 70 72 38 24 0 (value : 4250)
TO   solution: 0 13 39 30 46 66 5 6 65 48 72 43 51 25 9 74 63 57 59 37 75 78 21 1 7 60 55 10 76 68 26 15 2 50 41 18 52 40 3 12 28 31 17 19 22 42 67 24 16 44 70 77 45 69 73 20 53 62 47 33 71 56 38 14 27 54 64 29 32 79 34 4 61 35 11 8 36 23 49 58 0 (value : 728)
in 0.002102 seconds (chrono time)
FROM solution: 0 70 7 67 57 36 6 37 41 9 19 3 50 40 39 28 71 66 26 78 44 46 77 62 24 55 33 12 38 64 23 30 4 56 5 17 73 31 32 20 76 47 42 52 21 79 43 74 65 68 63 51 14 53 54 10 1 25 58 8 59 16 48 27 35 11 49 45 15 69 22 13 18 60 29 75 34 72 2 61 0 (value : 4136)
TO   solution: 0 41 79 2 53 76 10 44 66 19 72 68 63 69 50 6 29 34 24 13 78 61 8 31 64 1 25 23 77 67 48 60 14 40 33 46 52 70 21 4 54 22 9 16 3 74 37 65 32 62 58 73 55 18 71 43 42 28 47 49 38 30 15 57 36 17 11 45 20 39 7 75 51 56 27 35 5 12 59 26 0 (value : 778)
in 0.002112 seconds (chrono time)
FROM solution: 0 22 14 58 41 65 13 75 26 30 10 11 76 59 24 18 16 15 32 52 1 31 2 23 51 53 20 27 71 17 47 43 9 69 34 35 78 33 55 37 39 4 42 7 68 56 57 45 5 49 50 48 19 60 54 21 66 6 79 74 72 61 62 63 25 73 40 8 38 36 46 28 12 64 29 70 67 77 3 44 0 (value : 4464)
TO   solution: 0 46 53 10 49 35 5 6 20 26 61 34 72 77 31 48 14 58 68 19 15 37 24 62 21 17 39 4 2 43 8 79 75 3 33 57 73 69 64 11 9 7 32 44 42 40 50 41 29 74 45 76 25 51 66 12 60 67 23 36 70 71 16 65 1 56 78 59 27 22 47 13 54 55 52 38 63 28 30 18 0 (value : 734)
in 0.002162 seconds (chrono time)
FROM solution: 0 49 13 3 74 60 8 7 2 37 30 32 12 47 62 64 1 36 72 4 75 15 56 16 42 50 55 23 54 29 73 31 51 18 43 22 6 26 20 58 45 63 48 33 53 5 24 59 41 70 44 40 52 78 28 69 34 11 9 66 10 61 65 67 27 39 57 79 68 25 46 71 19 17 38 77 76 21 14 35 0 (value : 4166)
TO   solution: 0 36 6 73 13 17 58 14 21 71 65 64 59 62 20 1 24 74 5 37 10 40 15 29 41 2 26 27 12 28 8 16 18 52 77 57 25 44 31 49 79 4 11 38 54 67 60 53 78 22 42 50 61 43 39 32 3 45 9 30 75 35 55 51 76 33 69 56 46 47 19 7 34 48 70 66 63 23 68 72 0 (value : 756)
in 0.00211 seconds (chrono time)
FROM solution: 0 42 71 3 51 8 5 77 6 24 19 28 1 16 10 15 68 20 66 14 7 4 37 23 46 33 55 39 12 79 34 74 47 38 72 30 31 53 40 27 44 73 17 21 69 29 32 52 75 49 43 2 54 22 78 50 56 58 11 57 67 48 26 13 25 65 63 60 61 64 41 36 9 35 18 70 76 59 62 45 0 (value : 4728)
TO   solution: 0 44 35 59 23 6 68 25 3 74 52 41 40 47 30 77 49 38 60 17 67 15 46 48 18 1 43 16 66 31 69 36 75 72 10 73 71 53 33 65 19 78 32 21 27 57 64 34 76 39 62 5 20 22 8 9 12 42 50 70 55 29 37 56 14 45 24 63 51 54 11 61 13 26 2 28 79 7 58 4 0 (value : 780)
in 0.003233 seconds (chrono time)
FROM solution: 0 73 4 19 29 77 5 31 59 69 78 21 71 56 6 52 47 55 26 58 72 24 22 46 60 25 67 23 7 11 27 63 61 34 40 30 28 36 32 39 13 41 35 43 18 45 38 1 44 50 74 51 15 68 65 42 64 70 17 8 12 49 62 33 9 54 66 57 53 79 3 76 10 20 37 75 2 16 14 48 0 (value : 4508)
TO   solution: 0 26 28 9 4 19 16 68 61 1 51 38 49 27 72 73 37 70 56 66 58 3 54 34 13 17 42 30 6 5 7 25 20 67 18 63 78 57 71 55 11 2 62 44 52 60 59 15 48 76 12 35 36 22 24 79 31 8 41 64 40 47 65 69 39 32 10 43 14 74 33 75 50 46 29 77 23 21 45 53 0 (value : 760)
in 0.003196 seconds (chrono time)
FROM solution: 0 23 19 24 33 78 6 56 5 15 27 13 44 31 45 75 16 74 63 40 20 47 71 55 49 79 30 8 46 29 28 42 64 2 14 65 25 41 59 22 57 50 21 39 9 61 58 76 18 54 68 37 7 72 12 53 1 69 17 51 35 67 73 3 10 32 66 70 34 60 62 48 38 43 11 36 52 4 26 77 0 (value : 4168)
TO   solution: 0 38 56 64 57 52 30 25 33 22 37 53 6 59 11 15 12 16 13 32 28 1 69 26 27 73 75 42 67 18 43 65 19 5 3 51 45 68 63 35 54 36 46 8 74 24 17 10 78 71 62 21 76 70 4 47 79 48 20 9 7 41 29 55 23 34 72 66 31 2 49 61 60 58 77 44 39 50 14 40 0 (value : 716)
in 0.010513 seconds (chrono time)
FROM solution: 0 59 2 6 13 32 33 45 21 18 54 11 26 60 77 4 47 52 44 8 62 3 68 23 28 78 53 10 49 61 30 31 9 1 35 25 19 37 38 64 27 76 14 36 43 48 12 50 46 20 15 73 39 17 7 55 74 72 16 63 22 29 69 34 24 71 5 67 40 41 70 56 57 51 58 75 66 42 79 65 0 (value : 4102)
TO   solution: 0 18 35 63 36 53 14 60 46 68 43 21 13 15 67 72 17 33 75 12 22 1 70 58 69 62 9 6 52 11 64 23 79 55 74 32 40 2 45 37 47 39 73 8 48 44 19 59 77 10 54 49 61 26 78 4 7 71 76 34 38 50 56 51 25 24 3 31 42 5 65 20 28 16 27 66 29 30 57 41 0 (value : 750)
in 0.00269 seconds (chrono time)
