N = 30
FROM solution: 0 21 18 28 8 7 10 1 15 20 26 13 17 5 19 11 12 3 14 29 16 6 9 4 24 23 2 27 22 25 0 (value : 620)
TO   solution: 0 23 9 25 24 13 12 29 7 14 27 19 8 26 17 20 11 16 6 10 4 3 5 2 28 15 22 21 18 1 0 (value : 158)
in 0.000157 seconds (chrono time)
FROM solution: 0 8 4 20 13 21 6 7 12 28 11 2 17 29 10 15 26 1 27 5 3 24 16 25 23 9 22 18 14 19 0 (value : 600)
TO   solution: 0 7 13 8 4 18 9 26 20 28 5 19 6 22 23 12 16 17 29 11 24 1 25 27 21 14 2 3 10 15 0 (value : 160)
in 0.000163 seconds (chrono time)
FROM solution: 0 2 20 23 25 5 18 9 13 24 10 3 1 26 21 16 6 14 29 17 11 22 8 15 7 19 4 27 28 12 0 (value : 616)
TO   solution: 0 23 8 10 12 5 3 6 11 17 16 20 27 26 14 13 2 7 25 4 21 1 24 15 18 22 28 29 9 19 0 (value : 164)
in 0.000176 seconds (chrono time)
FROM solution: 0 13 1 5 27 16 23 21 22 20 6 17 14 25 24 15 26 19 9 8 18 3 10 2 12 29 7 4 11 28 0 (value : 586)
TO   solution: 0 20 19 7 21 2 14 29 28 10 1 8 9 12 25 27 4 17 24 3 26 18 16 11 23 15 22 5 6 13 0 (value : 170)
in 0.000171 seconds (chrono time)
FROM solution: 0 12 13 3 23 21 22 26 9 2 20 15 18 25 10 8 19 24 1 5 11 14 29 17 4 16 7 6 28 27 0 (value : 504)
TO   solution: 0 9 24 10 6 3 13 14 26 22 29 12 19 16 28 17 15 27 8 18 1 5 21 25 4 20 2 11 7 23 0 (value : 152)
in 0.000157 seconds (chrono time)
FROM solution: 0 1 29 11 6 5 25 15 22 14 2 28 26 13 9 27 12 17 4 10 20 21 19 7 24 8 23 3 18 16 0 (value : 512)
TO   solution: 0 21 10 18 4 28 27 6 25 26 7 17 24 5 23 11 16 8 2 29 12 15 3 1 20 9 14 22 19 13 0 (value : 166)
in 0.00016 seconds (chrono time)
FROM solution: 0 10 14 21 2 24 3 15 23 20 25 11 17 27 7 12 18 1 16 19 4 28 22 9 6 8 13 26 5 29 0 (value : 520)
TO   solution: 0 22 14 12 9 24 19 17 27 10 16 25 5 23 28 15 26 13 21 3 11 8 4 2 6 29 7 1 18 20 0 (value : 160)
in 0.000176 seconds (chrono time)
FROM solution: 0 14 2 3 4 18 22 25 11 23 28 26 6 24 8 5 16 13 12 1 27 17 29 20 21 7 15 19 10 9 0 (value : 572)
TO   solution: 0 6 17 26 24 28 16 5 12 7 22 20 9 11 21 1 15 10 13 4 8 27 18 23 14 2 19 3 29 25 0 (value : 178)
in 0.000151 seconds (chrono time)
FROM solution: 0 1 14 3 28 16 6 10 25 8 9 18 4 13 7 15 2 5 23 17 20 11 29 22 24 27 26 19 12 21 0 (value : 570)
TO   solution: 0 25 2 5 17 16 1 22 29 8 3 10 7 13 27 21 18 24 15 6 4 19 12 23 14 11 9 28 20 26 0 (value : 156)
in 0.000149 seconds (chrono time)
FROM solution: 0 25 4 24 28 18 5 16 8 11 27 10 13 23 14 15 7 1 3 2 12 17 22 6 21 9 26 19 20 29 0 (value : 534)
TO   solution: 0 5 13 12 1 28 7 9 15 8 19 14 18 29 6 16 2 10 17 3 26 20 4 11 24 22 21 25 27 23 0 (value : 162)
in 0.000151 seconds (chrono time)
FROM solution: 0 9 5 26 14 18 6 3 28 8 24 11 2 13 29 12 16 4 27 15 7 22 1 23 10 21 17 19 25 20 0 (value : 592)
TO   solution: 0 11 19 16 22 27 10 26 5 18 4 25 13 1 3 17 21 15 20 24 6 12 8 28 23 14 9 7 2 29 0 (value : 164)
in 0.000153 seconds (chrono time)
FROM solution: 0 16 9 3 4 13 5 17 2 1 10 11 7 27 26 25 20 8 23 12 6 15 22 19 24 14 21 28 18 29 0 (value : 610)
TO   solution: 0 12 25 7 1 13 6 10 29 18 27 22 5 2 16 23 14 20 24 15 9 21 3 8 17 4 19 11 26 28 0 (value : 164)
in 0.000177 seconds (chrono time)
FROM solution: 0 1 11 14 12 10 6 22 8 17 2 29 15 4 18 26 19 23 20 24 5 7 13 16 28 21 25 27 3 9 0 (value : 602)
TO   solution: 0 8 24 7 19 10 25 6 26 12 28 27 29 9 1 21 18 4 2 15 5 16 14 17 22 13 20 11 3 23 0 (value : 180)
in 0.000161 seconds (chrono time)
FROM solution: 0 8 5 19 10 11 16 1 17 24 7 20 28 2 3 9 21 27 13 18 23 14 26 6 15 25 4 29 22 12 0 (value : 584)
TO   solution: 0 6 1 15 11 7 2 3 22 10 28 25 12 18 27 4 8 9 16 21 13 24 14 5 29 17 20 19 23 26 0 (value : 170)
in 0.000157 seconds (chrono time)
FROM solution: 0 1 17 26 10 7 20 29 8 14 15 23 12 3 5 11 27 6 18 2 19 21 22 25 24 9 13 4 28 16 0 (value : 660)
TO   solution: 0 24 17 1 22 26 21 19 14 16 29 18 7 28 23 11 8 25 15 9 3 20 13 12 4 27 10 2 5 6 0 (value : 178)
in 0.000294 seconds (chrono time)
FROM solution: 0 17 8 20 24 12 25 9 11 28 14 16 6 1 15 2 3 26 18 19 4 10 27 22 7 21 23 5 13 29 0 (value : 480)
TO   solution: 0 20 24 1 18 12 8 23 10 3 2 11 29 28 7 25 13 5 4 15 22 14 9 21 19 27 26 6 17 16 0 (value : 156)
in 0.000455 seconds (chrono time)
FROM solution: 0 22 13 28 1 15 3 2 4 6 27 25 12 21 20 5 19 26 9 14 18 24 11 7 23 8 10 17 16 29 0 (value : 484)
TO   solution: 0 15 1 28 16 27 26 10 14 17 20 21 12 24 23 8 9 7 29 13 4 18 25 5 19 22 3 11 6 2 0 (value : 168)
in 0.000308 seconds (chrono time)
FROM solution: 0 26 19 28 16 18 6 7 8 4 20 27 12 13 25 22 9 1 2 10 3 23 14 21 11 15 5 17 24 29 0 (value : 518)
TO   solution: 0 10 5 1 11 28 26 17 4 24 19 27 7 6 14 18 16 9 25 20 12 23 15 13 8 2 21 22 29 3 0 (value : 166)
in 0.000293 seconds (chrono time)
FROM solution: 0 7 15 6 11 21 13 23 17 2 20 16 14 8 26 27 4 10 3 5 19 9 22 24 29 28 12 18 25 1 0 (value : 540)
TO   solution: 0 18 12 6 28 15 20 19 1 13 21 3 4 24 14 2 25 17 8 9 26 16 29 7 22 11 5 27 10 23 0 (value : 168)
in 0.000166 seconds (chrono time)
FROM solution: 0 19 16 24 27 7 10 14 29 28 26 25 8 12 4 15 5 17 18 11 20 21 6 9 23 1 22 13 3 2 0 (value : 488)
TO   solution: 0 19 23 5 9 20 13 2 14 22 4 25 24 8 1 21 12 27 29 18 7 6 16 17 11 15 3 28 26 10 0 (value : 162)
in 0.000195 seconds (chrono time)
FROM solution: 0 7 4 15 11 17 14 18 8 12 25 29 9 13 26 21 3 2 23 6 27 10 20 1 28 24 16 19 5 22 0 (value : 548)
TO   solution: 0 21 19 1 6 22 12 16 4 7 29 9 27 3 8 26 10 2 20 18 23 25 28 14 24 15 13 11 5 17 0 (value : 148)
in 0.000172 seconds (chrono time)
FROM solution: 0 8 23 11 4 13 6 9 18 25 10 26 29 5 14 1 15 27 21 19 7 2 22 3 20 16 24 12 28 17 0 (value : 600)
TO   solution: 0 4 7 2 12 21 29 3 8 15 20 16 10 28 11 13 22 19 9 27 14 6 26 18 5 17 23 1 25 24 0 (value : 170)
in 0.000183 seconds (chrono time)
FROM solution: 0 15 5 10 4 14 3 13 6 8 1 12 16 2 29 26 11 7 9 28 20 21 19 25 24 17 27 22 23 18 0 (value : 542)
TO   solution: 0 11 20 18 13 15 12 22 5 6 23 17 29 7 8 26 28 16 27 9 10 4 19 3 25 1 21 14 24 2 0 (value : 156)
in 0.000205 seconds (chrono time)
FROM solution: 0 8 25 21 22 11 23 9 28 15 26 7 12 20 6 1 4 17 13 14 24 19 2 10 5 3 18 27 16 29 0 (value : 638)
TO   solution: 0 27 19 9 7 18 22 13 8 4 28 11 26 16 24 20 10 23 5 17 29 3 25 6 12 21 2 1 15 14 0 (value : 178)
in 0.000209 seconds (chrono time)
FROM solution: 0 7 23 14 28 1 6 2 20 19 5 25 24 16 21 8 10 11 18 4 15 26 27 17 12 13 3 22 9 29 0 (value : 582)
TO   solution: 0 2 22 5 8 29 16 17 3 19 11 7 20 6 15 13 21 9 4 14 12 18 27 1 26 28 10 25 23 24 0 (value : 170)
in 0.000346 seconds (chrono time)
FROM solution: 0 21 4 20 28 12 16 1 3 9 23 11 2 13 27 5 15 6 8 19 26 7 25 10 17 24 18 22 29 14 0 (value : 584)
TO   solution: 0 27 17 12 3 10 14 16 25 24 8 11 22 29 15 18 20 9 13 4 23 19 5 1 6 7 21 26 28 2 0 (value : 160)
in 0.000157 seconds (chrono time)
FROM solution: 0 19 25 17 27 6 4 8 2 1 10 22 13 16 3 24 15 18 9 28 20 21 11 26 7 5 23 12 29 14 0 (value : 498)
TO   solution: 0 23 3 11 5 1 7 2 24 18 9 21 25 22 19 27 10 12 13 15 20 8 6 16 26 29 4 17 14 28 0 (value : 164)
in 0.00018 seconds (chrono time)
FROM solution: 0 19 3 15 20 9 10 21 2 5 22 13 1 29 16 26 6 17 23 7 18 8 24 14 11 25 4 27 28 12 0 (value : 540)
TO   solution: 0 19 5 6 27 1 16 13 20 15 3 14 18 4 7 24 28 2 26 22 25 10 9 21 8 17 12 23 29 11 0 (value : 160)
in 0.000164 seconds (chrono time)
FROM solution: 0 17 12 1 29 19 18 7 23 8 2 3 25 26 13 24 6 9 28 5 10 21 11 16 15 14 22 27 20 4 0 (value : 546)
TO   solution: 0 28 17 12 27 1 5 26 7 22 29 18 6 20 3 25 9 10 24 13 16 15 2 4 23 11 21 8 19 14 0 (value : 160)
in 0.000267 seconds (chrono time)
FROM solution: 0 4 23 13 3 21 6 9 15 24 7 26 27 2 19 8 28 1 18 25 10 5 22 16 20 12 11 29 17 14 0 (value : 596)
TO   solution: 0 16 18 28 21 7 27 6 17 22 3 20 26 19 1 15 5 24 25 10 8 14 13 12 4 11 29 9 2 23 0 (value : 164)
in 0.000327 seconds (chrono time)
