N = 90
FROM solution: 0 77 50 32 42 12 86 89 25 41 5 13 21 30 14 69 46 84 28 3 47 10 60 33 68 57 4 27 73 8 39 31 23 2 35 26 36 79 81 53 56 11 75 34 44 18 82 72 48 49 87 9 20 24 6 55 40 29 54 83 61 7 67 22 52 37 66 76 65 17 51 71 78 43 45 88 19 59 16 74 80 62 1 38 15 85 63 58 64 70 0 (value : 5316)
TO   solution: 0 89 8 81 48 11 2 88 58 82 5 1 86 45 4 3 43 29 19 69 7 59 26 67 47 6 68 17 78 30 37 21 62 75 76 87 57 84 31 18 54 16 25 38 83 61 66 39 27 53 34 35 70 13 28 10 36 64 80 44 32 72 20 51 85 33 50 24 23 65 79 55 41 40 14 71 49 56 77 63 73 22 60 12 74 9 15 42 52 46 0 (value : 852)
in 0.002879 seconds (chrono time)
FROM solution: 0 30 82 12 4 68 60 61 86 72 45 44 26 10 81 43 13 29 18 76 8 55 22 35 23 40 27 79 6 3 9 89 87 33 71 28 59 49 38 58 50 84 32 63 24 25 48 37 66 20 41 2 42 53 31 36 16 57 62 17 67 47 54 88 11 65 52 64 21 77 70 80 1 5 56 51 74 73 78 34 39 7 69 14 46 85 83 19 75 15 0 (value : 5452)
TO   solution: 0 7 37 4 84 32 17 74 16 76 60 56 48 61 34 66 39 6 33 75 55 46 57 35 43 80 40 73 70 30 11 22 25 18 12 19 41 44 86 82 47 31 71 51 88 45 42 65 21 38 28 1 72 79 29 27 85 62 10 26 83 77 14 68 67 81 20 53 69 2 59 5 64 23 50 87 24 78 13 36 52 89 9 49 63 54 15 8 3 58 0 (value : 918)
in 0.002997 seconds (chrono time)
FROM solution: 0 1 42 71 44 45 68 7 4 33 22 29 18 65 2 15 28 13 52 14 27 73 16 62 53 88 55 37 49 25 77 63 80 57 24 60 20 61 56 12 79 41 3 43 50 70 87 30 58 86 8 51 23 9 54 26 64 67 6 59 35 10 39 21 89 84 17 81 66 82 19 38 72 76 11 36 5 34 47 32 48 74 69 83 46 85 40 31 75 78 0 (value : 5626)
TO   solution: 0 79 20 66 73 69 57 47 18 55 37 31 68 59 17 84 6 32 80 45 5 25 72 46 13 36 75 26 30 82 34 61 22 78 9 83 39 1 12 53 48 28 44 76 86 14 41 8 15 58 16 19 71 43 89 29 2 40 27 33 24 23 21 10 63 56 81 38 52 4 60 7 67 35 77 50 85 49 74 54 62 51 64 87 11 3 70 88 65 42 0 (value : 908)
in 0.002942 seconds (chrono time)
FROM solution: 0 49 73 86 55 76 6 51 8 39 10 81 42 13 14 3 57 59 69 21 74 43 89 65 28 25 71 27 53 2 63 31 15 41 34 17 46 70 68 38 22 45 48 11 19 72 58 64 4 5 50 67 75 60 54 35 85 32 16 40 87 61 7 1 20 47 66 37 18 9 80 23 33 84 29 52 88 77 78 79 12 62 82 83 24 44 36 30 56 26 0 (value : 5208)
TO   solution: 0 11 82 20 72 46 3 49 55 66 75 23 39 32 69 65 16 40 15 80 71 9 62 44 56 45 14 21 35 1 7 5 73 68 51 26 60 18 27 63 37 74 76 43 4 48 84 34 38 6 33 50 52 81 2 57 86 24 79 78 12 31 8 58 83 22 54 87 64 61 10 89 88 59 42 70 85 30 29 25 41 13 19 28 77 53 67 36 17 47 0 (value : 952)
in 0.002924 seconds (chrono time)
FROM solution: 0 38 39 48 65 50 18 73 8 89 10 15 77 85 58 11 80 17 63 45 20 30 61 52 26 32 27 35 28 29 2 31 40 33 34 76 5 87 82 3 25 24 60 43 44 56 51 47 62 7 41 4 23 9 16 71 67 88 36 57 14 1 12 81 78 83 66 37 68 21 70 46 72 49 64 75 53 6 74 55 79 69 13 54 59 84 22 42 19 86 0 (value : 5454)
TO   solution: 0 47 75 46 16 30 31 55 21 3 36 52 85 82 43 38 67 72 28 27 4 44 74 24 5 40 6 76 26 19 7 18 8 45 78 58 73 80 33 71 41 79 61 57 88 53 13 12 2 42 14 69 68 62 70 23 39 64 84 59 35 1 51 54 11 77 81 65 15 60 32 50 17 63 34 29 10 56 20 87 66 83 37 9 22 48 89 49 25 86 0 (value : 884)
in 0.002889 seconds (chrono time)
FROM solution: 0 1 73 88 41 25 72 80 45 46 30 19 38 64 43 8 16 22 18 32 79 10 17 50 57 37 59 70 67 42 21 86 53 33 14 83 61 5 2 35 12 71 29 15 48 54 9 31 74 49 23 84 20 76 47 6 65 24 60 34 58 40 27 85 75 68 66 3 36 28 63 81 69 11 55 56 62 82 78 7 87 89 4 39 51 26 13 52 77 44 0 (value : 5480)
TO   solution: 0 88 23 48 76 89 13 31 78 56 39 86 70 44 12 7 69 59 83 82 45 68 28 30 26 32 42 49 67 4 75 22 11 6 66 61 85 63 54 87 74 27 62 38 24 3 14 29 41 37 25 19 84 47 65 18 35 80 9 73 33 57 36 81 20 16 21 5 60 51 2 72 52 79 8 34 71 50 64 10 46 15 40 55 58 77 43 17 1 53 0 (value : 874)
in 0.002918 seconds (chrono time)
FROM solution: 0 24 2 3 40 15 34 25 84 76 30 58 11 13 65 62 69 45 18 10 9 48 53 36 1 27 38 67 54 66 44 39 64 55 17 12 31 37 85 77 33 23 68 43 26 19 46 74 82 32 50 57 81 47 21 5 35 60 22 29 4 79 70 63 80 14 49 72 20 89 28 71 61 86 73 75 83 56 78 52 6 41 42 7 8 51 16 87 88 59 0 (value : 5534)
TO   solution: 0 58 41 50 64 88 33 67 63 73 53 48 37 82 86 52 81 76 79 4 68 35 17 26 61 22 47 55 11 83 6 5 16 46 30 77 57 45 9 84 18 27 25 65 40 31 20 21 85 60 23 44 80 54 28 72 14 70 39 3 36 38 75 2 8 51 1 56 74 32 71 59 78 7 29 19 69 10 43 87 49 13 66 34 12 42 24 89 62 15 0 (value : 884)
in 0.002836 seconds (chrono time)
FROM solution: 0 38 15 9 8 75 6 7 85 72 62 51 58 86 10 68 16 47 61 36 14 32 22 57 42 44 17 27 11 29 60 79 45 33 12 59 54 1 2 65 71 69 52 13 20 39 77 5 3 49 50 19 34 81 76 40 56 25 24 84 26 74 30 63 64 21 66 23 43 41 80 67 73 70 78 48 55 31 37 35 82 53 4 87 18 83 46 28 88 89 0 (value : 5456)
TO   solution: 0 30 12 78 72 27 13 6 22 44 16 25 85 45 67 3 51 81 71 1 7 50 56 69 55 66 28 33 41 18 68 29 77 54 88 23 73 46 75 38 35 24 70 36 37 59 82 8 83 31 84 64 17 86 49 62 58 19 89 26 10 40 52 11 5 48 65 2 14 74 4 15 9 39 47 21 76 57 79 43 53 80 87 20 60 63 42 32 61 34 0 (value : 890)
in 0.002931 seconds (chrono time)
FROM solution: 0 52 23 34 68 10 80 40 55 21 16 6 63 13 78 2 71 28 62 30 20 67 22 35 24 25 26 47 74 29 82 8 49 33 77 58 9 85 69 15 61 41 57 56 3 73 76 53 79 44 31 12 84 5 54 59 1 75 65 27 60 43 11 51 45 18 66 19 88 37 70 39 72 38 46 17 48 14 83 64 4 36 81 89 7 42 50 87 32 86 0 (value : 5654)
TO   solution: 0 12 62 40 8 75 80 11 72 48 82 29 53 9 55 23 83 18 37 22 69 49 60 31 79 61 81 14 45 6 24 64 36 35 2 17 70 51 89 28 76 87 3 25 26 5 88 59 10 16 13 27 66 85 56 38 1 20 67 41 39 63 58 32 44 84 7 47 46 34 54 52 4 68 21 19 50 78 65 57 77 15 74 43 71 73 33 30 42 86 0 (value : 894)
in 0.002896 seconds (chrono time)
FROM solution: 0 27 2 6 54 47 5 48 70 30 10 75 61 24 9 26 55 41 36 62 69 8 18 31 21 23 74 43 16 29 56 58 15 19 34 71 66 79 68 82 32 17 42 14 44 72 50 49 88 13 85 87 67 1 59 57 33 40 60 12 73 53 35 80 64 45 65 4 11 28 76 3 52 20 38 77 7 25 78 81 63 51 39 83 84 46 86 37 22 89 0 (value : 5116)
TO   solution: 0 53 42 27 82 21 17 26 73 33 55 83 89 13 80 76 22 32 37 5 64 60 84 8 9 48 10 85 39 3 38 2 4 65 68 34 41 79 1 30 46 23 7 77 66 62 86 59 72 15 44 40 75 20 28 57 67 70 16 81 25 14 43 35 54 47 61 78 74 12 87 56 49 52 29 50 69 36 11 18 88 51 24 58 31 19 45 63 71 6 0 (value : 848)
in 0.00285 seconds (chrono time)
