N = 30
FROM solution: 0 29 28 13 4 8 27 26 15 7 9 19 25 6 22 23 16 21 12 18 20 14 3 24 17 2 10 11 5 1 0 (value : 642)
TO   solution: 0 8 11 26 7 10 24 28 16 14 17 29 27 22 15 21 3 12 19 1 4 5 13 2 18 25 23 20 9 6 0 (value : 160)
in 0.000165 seconds (chrono time)
FROM solution: 0 6 8 16 3 10 21 26 2 17 20 15 12 13 14 27 22 9 23 18 5 1 7 25 4 28 29 11 19 24 0 (value : 552)
TO   solution: 0 17 10 6 22 1 27 26 20 28 29 25 11 16 7 19 8 21 13 5 14 4 18 3 12 2 23 15 9 24 0 (value : 158)
in 0.000308 seconds (chrono time)
FROM solution: 0 1 2 11 4 18 15 16 28 6 24 29 5 13 17 22 26 27 12 7 23 19 14 20 10 25 3 9 8 21 0 (value : 586)
TO   solution: 0 26 18 29 3 5 19 4 15 11 10 21 1 25 12 27 17 14 13 22 28 20 7 6 23 8 2 9 24 16 0 (value : 178)
in 0.0003 seconds (chrono time)
FROM solution: 0 13 17 2 12 28 5 7 27 22 10 16 9 3 14 4 11 1 18 19 20 21 8 15 23 6 29 26 24 25 0 (value : 592)
TO   solution: 0 22 18 25 19 4 23 5 9 16 10 13 1 21 17 28 29 3 14 20 24 26 8 12 7 27 15 6 2 11 0 (value : 170)
in 0.000148 seconds (chrono time)
FROM solution: 0 27 6 16 7 5 26 25 20 14 22 11 2 21 13 17 8 4 23 18 24 12 1 28 3 29 9 15 10 19 0 (value : 568)
TO   solution: 0 25 1 26 16 5 20 29 23 24 8 13 7 17 28 3 2 6 14 9 18 12 21 15 19 4 11 27 10 22 0 (value : 162)
in 0.000151 seconds (chrono time)
FROM solution: 0 19 7 25 4 1 22 23 5 11 14 29 12 3 26 15 13 17 10 16 9 24 28 27 20 8 18 21 2 6 0 (value : 624)
TO   solution: 0 10 17 6 23 27 9 15 14 12 16 5 19 4 2 3 20 24 29 22 11 18 7 21 26 8 25 28 13 1 0 (value : 178)
in 0.000184 seconds (chrono time)
FROM solution: 0 7 10 18 11 26 6 19 8 12 16 14 29 23 5 3 13 2 15 28 17 25 22 1 4 24 27 21 20 9 0 (value : 616)
TO   solution: 0 3 24 18 17 19 15 27 12 6 9 28 14 29 2 11 10 13 8 4 26 1 22 23 5 20 7 21 25 16 0 (value : 164)
in 0.000185 seconds (chrono time)
FROM solution: 0 15 29 12 11 5 4 7 23 18 13 16 26 20 27 14 6 17 3 9 1 21 25 8 2 19 28 10 22 24 0 (value : 590)
TO   solution: 0 25 14 21 18 3 11 2 27 17 6 15 9 23 16 7 22 12 28 19 10 20 29 1 5 4 8 13 26 24 0 (value : 154)
in 0.000188 seconds (chrono time)
FROM solution: 0 1 11 21 23 6 15 2 13 24 7 12 28 17 14 8 16 5 18 10 9 29 22 19 25 26 27 3 20 4 0 (value : 572)
TO   solution: 0 17 28 1 29 12 24 13 9 26 14 3 6 21 27 7 2 4 16 20 25 5 15 22 23 11 8 18 19 10 0 (value : 190)
in 0.000151 seconds (chrono time)
FROM solution: 0 6 12 21 16 29 17 27 8 14 10 1 28 5 9 22 24 11 25 19 20 13 26 3 2 18 7 23 4 15 0 (value : 612)
TO   solution: 0 29 22 15 4 17 24 26 7 9 21 16 5 2 20 10 18 25 6 11 14 1 23 13 12 28 27 8 3 19 0 (value : 172)
in 0.000156 seconds (chrono time)
FROM solution: 0 26 7 3 25 14 27 23 12 15 4 22 6 13 20 10 16 28 18 9 1 8 11 21 24 17 5 29 19 2 0 (value : 458)
TO   solution: 0 5 26 16 24 12 10 7 29 4 21 15 22 28 18 2 6 14 13 3 19 20 25 8 9 11 27 1 17 23 0 (value : 166)
in 0.000165 seconds (chrono time)
FROM solution: 0 1 2 29 25 11 4 17 18 6 28 5 12 15 9 23 16 3 10 7 20 22 24 13 26 21 19 14 8 27 0 (value : 598)
TO   solution: 0 12 19 21 18 27 11 14 25 1 10 4 23 7 13 24 15 8 29 16 28 17 5 3 9 22 6 20 26 2 0 (value : 154)
in 0.000167 seconds (chrono time)
FROM solution: 0 8 10 18 4 5 29 7 25 16 14 12 11 3 9 17 22 2 13 21 24 28 26 23 20 27 6 15 19 1 0 (value : 586)
TO   solution: 0 9 7 18 5 14 28 20 21 29 2 10 27 13 16 17 26 11 23 6 25 4 12 15 8 1 22 19 3 24 0 (value : 162)
in 0.000209 seconds (chrono time)
FROM solution: 0 4 16 23 24 1 14 10 21 9 3 5 12 28 19 15 18 17 7 2 20 26 11 29 27 8 13 22 25 6 0 (value : 598)
TO   solution: 0 9 25 4 27 23 28 1 16 18 17 5 19 6 15 14 21 20 11 26 8 12 24 13 2 10 22 7 3 29 0 (value : 176)
in 0.000165 seconds (chrono time)
FROM solution: 0 4 24 15 27 5 21 28 25 20 10 3 12 9 29 16 23 1 26 8 17 7 13 2 19 18 22 6 14 11 0 (value : 556)
TO   solution: 0 11 23 28 12 16 6 26 3 8 14 13 15 5 17 21 10 7 29 27 24 9 4 1 20 18 22 19 2 25 0 (value : 178)
in 0.000154 seconds (chrono time)
FROM solution: 0 13 6 24 20 28 1 15 9 25 7 10 12 18 11 16 14 3 23 5 19 21 17 27 8 26 2 4 22 29 0 (value : 604)
TO   solution: 0 22 5 26 25 18 21 4 16 27 11 15 28 23 9 7 10 1 2 17 24 8 3 6 29 13 19 12 14 20 0 (value : 162)
in 0.000173 seconds (chrono time)
FROM solution: 0 10 11 7 22 5 14 13 19 24 8 16 18 29 17 27 2 3 9 12 6 21 20 23 28 4 26 1 15 25 0 (value : 516)
TO   solution: 0 13 22 16 18 24 14 19 28 23 29 5 20 8 4 1 27 17 25 11 7 6 15 12 26 9 2 21 10 3 0 (value : 180)
in 0.000155 seconds (chrono time)
FROM solution: 0 9 19 1 4 17 3 6 13 8 5 14 22 28 7 18 16 12 24 29 20 21 25 23 11 15 2 27 10 26 0 (value : 648)
TO   solution: 0 25 29 2 20 23 24 5 4 19 16 10 22 28 14 17 3 21 6 8 1 27 7 26 15 18 9 12 13 11 0 (value : 198)
in 0.000157 seconds (chrono time)
FROM solution: 0 12 22 9 18 5 6 25 29 4 10 17 28 8 14 19 7 26 15 21 1 13 27 23 20 2 24 16 11 3 0 (value : 612)
TO   solution: 0 13 15 4 6 17 27 14 5 9 7 23 28 16 8 19 18 29 10 20 24 1 21 2 25 3 11 26 12 22 0 (value : 168)
in 0.000147 seconds (chrono time)
FROM solution: 0 13 21 5 19 2 9 26 8 16 12 1 4 25 18 11 29 17 14 6 10 20 22 3 15 23 28 27 24 7 0 (value : 648)
TO   solution: 0 6 3 16 19 11 20 14 15 10 21 22 7 9 27 13 29 18 4 25 17 24 1 5 23 12 2 26 8 28 0 (value : 164)
in 0.000159 seconds (chrono time)
FROM solution: 0 16 15 5 14 13 24 4 23 6 2 9 21 28 26 8 10 11 19 18 7 1 22 3 17 20 12 27 25 29 0 (value : 568)
TO   solution: 0 4 10 5 28 11 21 23 9 7 22 12 1 14 24 16 25 20 8 19 18 15 2 3 13 29 26 6 17 27 0 (value : 160)
in 0.000165 seconds (chrono time)
FROM solution: 0 3 13 1 23 5 29 25 2 6 8 12 16 14 7 15 26 27 24 4 11 18 9 28 19 21 22 20 17 10 0 (value : 570)
TO   solution: 0 24 3 11 4 8 1 2 16 26 6 15 21 9 18 19 14 17 29 12 22 5 25 20 10 23 13 7 27 28 0 (value : 162)
in 0.000176 seconds (chrono time)
FROM solution: 0 4 27 20 19 21 16 7 14 6 3 9 11 12 29 15 25 17 5 1 22 13 2 18 24 23 26 10 8 28 0 (value : 640)
TO   solution: 0 15 10 13 1 4 23 17 9 8 6 7 11 14 21 28 19 20 25 3 5 29 22 24 27 26 12 16 2 18 0 (value : 186)
in 0.000152 seconds (chrono time)
FROM solution: 0 1 25 3 13 4 8 5 23 28 18 15 12 19 6 10 14 24 22 27 20 2 7 21 9 16 26 29 11 17 0 (value : 578)
TO   solution: 0 4 20 17 25 26 27 21 22 13 10 28 14 3 8 24 15 18 12 9 16 7 6 11 1 29 2 23 5 19 0 (value : 170)
in 0.000172 seconds (chrono time)
FROM solution: 0 11 18 9 25 3 24 4 19 15 2 6 12 27 14 1 26 29 5 13 20 21 7 23 8 10 17 22 16 28 0 (value : 578)
TO   solution: 0 20 24 10 11 26 2 5 19 12 22 6 18 14 27 9 29 13 7 17 16 21 28 23 25 1 15 3 4 8 0 (value : 168)
in 0.000155 seconds (chrono time)
FROM solution: 0 27 7 12 19 5 9 3 16 18 10 22 23 28 8 21 29 1 15 17 14 11 13 6 24 25 26 20 2 4 0 (value : 560)
TO   solution: 0 12 9 8 25 18 20 28 19 5 13 11 16 24 7 1 4 26 22 21 29 15 10 23 17 2 14 3 6 27 0 (value : 166)
in 0.000163 seconds (chrono time)
FROM solution: 0 21 5 29 27 9 10 28 24 26 14 11 8 2 7 4 16 17 3 19 20 22 6 15 13 12 25 1 18 23 0 (value : 644)
TO   solution: 0 17 5 21 27 25 20 13 19 24 11 28 22 3 6 26 23 12 4 8 2 7 10 1 14 29 15 16 18 9 0 (value : 178)
in 0.000165 seconds (chrono time)
FROM solution: 0 28 18 2 27 5 6 23 8 14 17 15 22 13 24 3 20 12 19 11 10 21 29 25 9 16 26 1 7 4 0 (value : 658)
TO   solution: 0 11 25 14 21 20 2 27 1 8 24 12 28 4 22 15 29 18 19 6 5 7 3 13 26 16 23 17 10 9 0 (value : 198)
in 0.000175 seconds (chrono time)
FROM solution: 0 10 6 7 4 8 27 15 14 17 23 18 5 2 3 21 9 22 25 19 24 16 11 13 20 29 26 1 28 12 0 (value : 548)
TO   solution: 0 29 18 15 23 9 19 12 14 17 20 11 16 28 26 6 8 7 27 24 13 5 3 10 21 4 1 22 2 25 0 (value : 160)
in 0.000158 seconds (chrono time)
FROM solution: 0 1 14 16 8 5 7 21 23 11 17 10 13 20 19 18 4 29 25 15 12 22 6 3 24 9 26 28 27 2 0 (value : 654)
TO   solution: 0 7 5 11 6 17 24 4 9 10 29 15 8 26 3 18 28 25 1 23 22 12 19 14 13 2 16 20 21 27 0 (value : 176)
in 0.000153 seconds (chrono time)
