N = 50
FROM solution: 0 48 20 29 43 10 2 42 32 26 31 40 18 23 8 15 17 3 5 38 24 4 14 1 13 33 6 44 46 11 49 36 37 9 22 27 7 47 45 41 35 39 12 28 16 19 25 21 30 34 0 (value : 384)
TO   solution: 0 20 28 16 19 21 25 30 34 17 3 15 8 23 5 38 24 4 14 1 13 33 44 46 6 11 49 36 37 9 22 27 7 47 45 41 35 18 40 31 26 32 42 2 10 43 29 39 12 48 0 (value : 340)
in 0.001083 seconds (chrono time)
FROM solution: 0 5 35 7 46 4 8 24 10 13 45 40 41 1 31 18 17 32 42 16 33 47 44 49 48 21 3 29 2 11 39 22 19 25 9 15 20 34 28 26 27 38 37 43 6 14 12 36 23 30 0 (value : 384)
TO   solution: 0 13 12 14 43 6 36 37 38 27 26 23 30 28 34 15 20 9 25 22 39 19 11 2 29 3 21 48 49 44 47 42 32 33 16 18 31 1 41 40 45 17 10 24 8 4 46 35 7 5 0 (value : 340)
in 0.001083 seconds (chrono time)
FROM solution: 0 4 24 15 3 22 18 27 19 1 42 14 7 43 38 29 13 32 9 35 39 49 20 2 5 11 8 30 33 25 31 36 40 45 34 44 41 10 26 46 47 6 12 23 17 48 28 21 16 37 0 (value : 446)
TO   solution: 0 27 46 26 10 47 6 41 44 45 34 40 36 31 12 23 17 48 28 21 16 37 2 5 11 8 49 20 25 33 30 39 35 9 32 13 29 38 43 7 14 42 1 19 18 3 22 15 24 4 0 (value : 352)
in 0.001113 seconds (chrono time)
FROM solution: 0 9 42 16 47 27 41 29 5 31 4 45 21 34 6 7 39 28 25 32 12 37 24 11 43 23 20 10 33 22 38 30 36 26 35 19 15 14 46 3 44 17 2 1 13 48 40 49 8 18 0 (value : 468)
TO   solution: 0 17 44 16 47 27 29 41 5 31 4 3 46 14 15 19 35 26 36 38 30 22 6 12 37 43 11 24 18 8 49 40 32 25 28 39 7 34 21 45 33 10 20 23 48 13 1 2 42 9 0 (value : 372)
in 0.001155 seconds (chrono time)
FROM solution: 0 37 46 16 25 17 29 14 45 32 42 34 2 8 3 12 26 15 18 43 35 23 11 36 5 1 24 33 28 40 22 38 20 47 21 4 41 19 49 44 7 31 30 48 10 9 13 39 6 27 0 (value : 368)
TO   solution: 0 46 42 34 2 8 3 12 26 15 18 43 35 23 11 36 5 1 24 28 33 40 47 22 38 20 21 4 41 19 49 44 7 30 31 48 10 9 13 39 6 27 32 45 14 29 17 25 16 37 0 (value : 348)
in 0.001087 seconds (chrono time)
FROM solution: 0 24 11 38 30 22 13 1 25 17 8 41 37 12 9 42 6 28 5 18 35 3 7 46 39 4 29 23 19 45 14 34 43 32 21 27 20 26 2 33 47 16 31 44 15 10 49 36 40 48 0 (value : 464)
TO   solution: 0 31 38 30 22 13 1 25 8 37 41 17 16 47 2 33 20 26 27 21 32 43 34 14 29 4 23 19 45 48 12 9 42 18 35 3 7 46 39 40 36 49 10 15 44 5 6 28 11 24 0 (value : 364)
in 0.001119 seconds (chrono time)
FROM solution: 0 35 24 18 37 36 29 6 32 12 5 46 42 23 9 49 20 19 11 31 15 14 45 2 1 34 33 13 3 38 27 47 44 48 4 21 40 30 10 7 43 25 26 39 41 17 28 16 22 8 0 (value : 420)
TO   solution: 0 35 24 18 37 36 29 12 32 6 5 46 42 23 9 49 20 8 15 31 11 19 2 45 14 1 34 33 13 3 38 27 47 44 48 4 21 40 10 30 7 43 25 26 39 41 17 28 16 22 0 (value : 348)
in 0.001034 seconds (chrono time)
FROM solution: 0 19 25 45 8 11 7 20 13 14 49 27 29 38 28 17 43 35 36 42 23 1 32 2 9 33 30 5 48 44 18 41 22 39 10 47 16 3 40 15 34 6 46 21 26 24 4 12 31 37 0 (value : 382)
TO   solution: 0 25 37 31 12 4 24 21 26 46 23 1 32 2 9 33 41 18 44 48 5 30 22 6 34 3 40 15 16 47 10 39 36 42 35 43 17 28 38 29 27 49 14 13 7 20 11 8 45 19 0 (value : 346)
in 0.00111 seconds (chrono time)
FROM solution: 0 24 29 46 28 4 36 7 40 30 48 21 1 42 20 34 5 6 26 44 14 39 41 22 8 13 37 33 19 47 11 27 43 9 23 25 16 15 12 31 32 38 17 3 18 45 49 35 2 10 0 (value : 476)
TO   solution: 0 16 25 9 23 43 27 11 47 19 33 10 2 18 45 3 17 49 35 8 13 37 15 12 26 44 6 5 34 20 42 14 22 41 39 38 32 1 30 48 21 40 7 36 4 31 28 46 29 24 0 (value : 354)
in 0.001053 seconds (chrono time)
FROM solution: 0 15 37 46 4 23 36 42 25 29 14 21 26 9 17 49 38 47 28 22 30 5 33 20 10 40 13 11 24 44 32 7 31 2 6 43 41 16 34 27 1 39 48 18 12 35 8 45 19 3 0 (value : 428)
TO   solution: 0 15 2 6 43 41 16 34 27 1 18 48 39 12 35 11 24 31 7 32 44 19 45 8 13 40 10 20 33 5 30 3 22 28 47 38 49 17 9 26 14 21 29 25 42 36 23 4 46 37 0 (value : 334)
in 0.001167 seconds (chrono time)
FROM solution: 0 34 25 40 7 45 16 9 43 4 41 32 33 30 1 31 10 19 18 48 2 14 37 44 27 3 23 49 35 11 36 12 20 15 21 38 46 24 17 28 29 47 13 26 5 22 8 39 42 6 0 (value : 388)
TO   solution: 0 42 8 39 6 22 5 29 26 13 47 28 17 24 46 38 21 15 20 11 36 35 49 23 3 27 44 37 14 2 12 19 48 18 10 31 1 30 33 32 16 45 4 43 41 9 7 40 25 34 0 (value : 340)
in 0.001072 seconds (chrono time)
FROM solution: 0 13 30 40 20 47 19 10 28 23 11 45 24 22 34 37 1 32 33 49 36 17 25 26 3 43 35 38 29 48 18 46 21 12 8 31 16 6 9 15 42 5 4 2 27 7 44 14 39 41 0 (value : 416)
TO   solution: 0 10 28 23 11 45 24 22 34 15 37 1 32 31 48 18 12 46 21 8 29 38 35 43 3 26 25 17 36 49 33 39 16 6 9 14 44 27 7 2 5 42 4 40 20 47 19 30 13 41 0 (value : 340)
in 0.001087 seconds (chrono time)
FROM solution: 0 3 2 32 46 24 44 41 22 7 20 45 25 11 43 21 26 5 12 33 27 10 1 4 19 23 6 31 8 37 47 17 38 13 16 30 9 15 40 34 29 35 49 42 18 28 36 39 48 14 0 (value : 358)
TO   solution: 0 2 46 24 44 41 22 7 11 25 45 20 43 21 12 5 26 33 27 10 1 4 19 23 6 17 47 31 8 37 13 38 16 30 15 40 34 9 29 35 49 42 18 28 14 48 39 36 32 3 0 (value : 316)
in 0.00143 seconds (chrono time)
FROM solution: 0 2 47 25 10 43 7 11 33 24 19 41 34 44 28 4 12 15 35 9 36 14 32 26 13 46 16 17 39 22 38 37 20 18 31 48 1 29 23 3 42 40 21 49 30 45 8 5 27 6 0 (value : 360)
TO   solution: 0 7 43 11 33 24 19 41 34 44 28 4 15 12 35 9 36 14 32 26 13 46 16 17 39 22 38 37 20 18 31 48 21 40 42 3 23 1 29 49 30 5 8 45 27 25 6 47 2 10 0 (value : 322)
in 0.001439 seconds (chrono time)
FROM solution: 0 48 22 37 27 16 41 24 39 5 11 3 33 47 40 34 6 9 1 42 28 45 32 21 19 4 15 23 30 43 38 8 10 20 46 18 26 36 2 29 35 25 14 49 17 12 31 44 7 13 0 (value : 404)
TO   solution: 0 30 23 43 38 8 20 46 10 18 35 29 2 36 26 25 14 49 17 12 19 21 32 4 45 28 15 6 40 34 9 1 42 31 7 44 13 33 47 39 5 11 3 24 41 37 16 27 22 48 0 (value : 340)
in 0.001513 seconds (chrono time)
FROM solution: 0 16 11 35 46 8 10 23 47 17 41 30 3 40 6 43 28 42 39 29 12 25 34 2 32 44 21 18 31 19 1 20 48 27 14 24 9 45 15 7 37 26 36 22 33 38 49 4 13 5 0 (value : 356)
TO   solution: 0 16 11 46 35 1 19 31 18 21 44 32 2 34 25 12 29 39 42 43 28 6 30 3 40 4 13 5 49 38 33 22 36 26 15 7 37 45 9 24 14 20 48 27 8 10 23 47 17 41 0 (value : 316)
in 0.001403 seconds (chrono time)
FROM solution: 0 4 9 17 24 18 42 21 10 28 15 37 13 47 3 19 16 35 27 25 36 11 48 31 30 43 12 39 8 2 32 49 23 5 20 40 1 22 46 44 26 41 45 14 6 29 38 7 34 33 0 (value : 390)
TO   solution: 0 4 9 17 24 18 42 10 28 21 15 47 13 37 3 19 16 36 27 25 11 48 31 30 38 29 6 14 45 41 26 44 46 22 1 40 20 5 23 49 32 2 8 39 12 43 7 34 35 33 0 (value : 376)
in 0.001324 seconds (chrono time)
FROM solution: 0 9 26 44 43 21 22 25 19 37 34 1 49 36 45 23 39 16 28 33 10 5 35 2 4 42 8 41 6 40 30 13 14 27 29 3 24 48 38 47 15 17 12 32 46 20 11 7 31 18 0 (value : 388)
TO   solution: 0 9 26 34 1 49 18 16 28 33 10 5 35 2 4 42 14 27 29 13 30 40 8 41 6 24 3 47 38 48 15 17 12 32 46 20 11 7 31 39 23 45 36 44 43 21 22 25 19 37 0 (value : 346)
in 0.001466 seconds (chrono time)
FROM solution: 0 30 27 16 19 37 23 17 44 2 4 46 3 9 6 25 49 35 32 40 26 22 11 33 1 42 8 14 7 13 36 12 20 39 18 15 47 31 48 21 29 38 43 41 34 28 5 24 45 10 0 (value : 496)
TO   solution: 0 30 27 16 19 37 23 17 44 46 4 2 28 34 41 29 21 48 31 47 15 18 39 20 12 43 38 13 36 7 14 10 8 42 1 33 45 11 22 26 40 32 35 49 6 25 24 5 3 9 0 (value : 340)
in 0.001427 seconds (chrono time)
FROM solution: 0 15 20 42 13 19 22 2 10 7 21 17 16 12 41 3 35 46 49 26 8 1 45 11 47 48 44 24 39 25 4 40 23 29 32 9 18 28 27 14 38 30 6 37 43 36 34 31 5 33 0 (value : 468)
TO   solution: 0 15 20 42 13 19 22 29 23 40 4 25 39 24 44 48 47 11 33 45 1 8 26 49 46 35 41 3 21 7 10 2 32 9 17 16 12 5 18 28 27 14 38 30 6 37 43 36 31 34 0 (value : 336)
in 0.001311 seconds (chrono time)
FROM solution: 0 16 9 20 6 37 33 46 45 22 36 11 17 41 47 7 42 38 40 15 49 25 28 30 8 5 43 3 21 10 44 39 1 29 35 2 27 19 23 32 26 12 31 13 34 48 4 24 14 18 0 (value : 396)
TO   solution: 0 37 6 18 14 24 4 48 34 31 12 13 26 44 39 1 29 35 2 27 19 23 32 10 21 3 43 5 30 28 25 49 8 15 40 38 41 47 7 42 17 11 36 22 45 46 33 20 9 16 0 (value : 352)
in 0.001124 seconds (chrono time)
FROM solution: 0 45 20 4 26 41 35 10 38 22 29 12 16 30 46 18 47 7 9 39 17 1 23 2 19 49 13 42 27 6 8 43 31 34 24 33 40 36 28 15 3 14 11 48 32 44 25 5 21 37 0 (value : 402)
TO   solution: 0 38 22 29 16 30 46 18 47 7 9 39 17 24 34 31 43 8 6 27 42 13 49 1 19 23 2 33 28 40 36 44 32 48 11 3 15 14 25 5 21 12 10 41 35 37 26 4 20 45 0 (value : 364)
in 0.000975 seconds (chrono time)
FROM solution: 0 15 39 26 9 4 40 48 1 31 38 8 43 28 24 41 33 47 13 11 14 3 5 29 44 42 34 6 46 12 32 37 10 18 36 25 7 27 19 45 22 2 30 21 35 49 17 20 23 16 0 (value : 500)
TO   solution: 0 15 39 19 45 22 40 48 1 31 8 49 35 2 30 21 25 7 27 18 36 10 37 32 23 16 46 12 34 42 44 29 5 6 3 14 11 13 47 33 41 24 28 43 17 20 38 4 9 26 0 (value : 366)
in 0.000821 seconds (chrono time)
FROM solution: 0 49 46 47 48 36 16 5 23 17 27 11 32 7 38 42 28 41 31 15 33 1 22 9 20 39 40 45 4 2 30 14 29 35 44 3 21 24 12 34 18 13 43 8 25 6 10 37 19 26 0 (value : 440)
TO   solution: 0 46 47 30 2 4 45 40 39 20 9 14 29 35 26 44 3 21 19 37 24 12 34 6 25 10 8 43 13 18 11 32 7 38 42 28 41 31 15 33 1 22 36 48 16 5 23 17 27 49 0 (value : 344)
in 0.000768 seconds (chrono time)
FROM solution: 0 20 26 15 5 36 13 4 29 9 32 21 27 11 2 40 47 30 37 33 19 14 31 38 3 35 18 7 46 25 48 43 44 49 8 6 22 39 16 34 41 42 10 45 28 12 23 24 1 17 0 (value : 402)
TO   solution: 0 47 40 2 11 26 15 5 36 13 4 29 9 32 21 27 14 19 33 37 30 46 7 18 35 3 38 31 25 49 44 43 48 8 6 22 39 42 41 34 16 10 45 28 12 23 24 1 17 20 0 (value : 356)
in 0.000661 seconds (chrono time)
FROM solution: 0 5 39 3 37 2 16 23 33 35 21 32 22 42 47 9 31 25 45 43 10 15 20 18 6 34 7 41 40 49 36 30 13 48 44 19 8 46 24 29 11 12 1 14 38 4 17 28 26 27 0 (value : 446)
TO   solution: 0 5 39 3 30 33 23 16 32 35 21 22 42 47 9 31 25 45 15 20 18 6 34 7 41 40 49 36 10 43 28 26 27 38 4 17 1 14 12 11 8 46 24 29 44 19 48 13 2 37 0 (value : 362)
in 0.000712 seconds (chrono time)
FROM solution: 0 36 29 15 8 21 18 45 30 37 17 41 23 3 10 38 44 4 48 22 24 47 9 40 1 19 26 13 35 11 7 27 25 12 43 16 34 20 31 32 5 14 49 2 39 33 28 46 42 6 0 (value : 394)
TO   solution: 0 18 21 37 30 45 17 8 15 36 29 49 2 39 33 41 23 3 28 46 42 6 10 38 44 4 48 22 24 47 9 40 1 19 13 26 35 11 7 27 25 12 43 16 34 20 31 32 5 14 0 (value : 326)
in 0.000641 seconds (chrono time)
FROM solution: 0 28 17 18 35 25 3 44 13 10 32 16 22 42 45 4 2 24 11 47 5 1 41 31 6 27 14 19 26 21 34 46 33 36 39 43 49 37 8 12 9 48 38 29 7 40 30 20 23 15 0 (value : 406)
TO   solution: 0 7 40 30 46 33 36 29 39 43 49 37 8 12 9 48 38 34 21 26 19 14 27 6 31 41 1 5 47 11 24 2 4 45 42 22 16 32 10 13 44 3 25 35 23 15 20 18 17 28 0 (value : 346)
in 0.000657 seconds (chrono time)
FROM solution: 0 45 7 36 49 19 32 5 46 16 12 26 8 2 24 27 21 39 29 31 6 37 28 15 30 3 42 35 38 22 47 43 10 34 23 11 14 9 18 4 44 40 20 33 25 13 48 17 41 1 0 (value : 428)
TO   solution: 0 45 49 36 31 6 29 39 21 27 37 28 24 2 26 8 19 32 5 46 16 12 15 30 10 43 47 22 38 35 42 3 34 4 18 9 14 11 23 1 41 17 48 13 44 40 20 33 25 7 0 (value : 350)
in 0.000699 seconds (chrono time)
FROM solution: 0 21 40 35 24 20 44 30 2 18 17 6 47 39 34 32 8 11 31 33 48 16 43 49 12 41 13 15 28 14 38 29 23 36 22 1 10 27 9 46 45 19 4 42 25 7 26 37 3 5 0 (value : 414)
TO   solution: 0 7 42 25 4 19 45 46 29 23 36 22 1 10 28 14 38 9 27 15 13 41 12 49 43 16 48 31 33 11 8 32 34 39 47 6 17 18 2 30 44 20 24 35 5 3 37 26 40 21 0 (value : 360)
in 0.000658 seconds (chrono time)
