N = 50
FROM solution: 0 25 35 12 49 31 43 3 33 9 15 7 5 36 16 29 4 48 18 6 21 28 19 38 24 39 22 11 20 23 26 8 30 2 34 14 32 17 1 10 40 41 42 27 13 45 46 47 37 44 0 (value : 1586)
TO   solution: 0 48 12 39 10 2 35 41 42 32 18 23 8 15 17 3 5 38 24 45 47 7 22 27 9 37 36 4 14 1 13 11 49 6 46 44 33 34 30 25 21 19 16 28 40 31 26 43 29 20 0 (value : 334)
in 0.001284 seconds (chrono time)
FROM solution: 0 46 40 22 4 6 24 36 8 41 27 11 10 38 18 15 3 29 23 16 48 35 44 14 49 25 20 42 45 2 47 31 28 37 34 30 33 12 39 17 19 9 21 7 32 26 43 13 1 5 0 (value : 1672)
TO   solution: 0 24 10 4 8 11 2 29 3 21 48 49 44 47 42 33 16 32 17 18 31 1 40 45 13 12 14 43 6 41 36 37 38 27 26 23 30 28 34 15 20 9 25 19 39 22 46 35 7 5 0 (value : 364)
in 0.000664 seconds (chrono time)
FROM solution: 0 32 37 16 5 44 8 48 4 6 17 36 14 22 20 9 19 3 18 26 38 13 25 41 11 7 2 46 33 24 30 1 40 28 23 49 35 12 47 39 21 29 42 43 31 45 27 34 15 10 0 (value : 1534)
TO   solution: 0 4 6 47 10 26 33 30 39 49 20 2 28 12 31 36 25 41 44 34 45 40 17 23 48 16 37 21 5 11 8 35 9 32 13 29 38 43 7 42 14 1 19 46 18 3 22 24 15 27 0 (value : 380)
in 0.001199 seconds (chrono time)
FROM solution: 0 28 2 4 48 38 6 7 8 9 3 1 21 12 14 45 24 19 18 41 23 27 39 13 10 25 17 35 49 32 43 20 22 31 34 33 36 37 26 30 40 11 42 29 46 16 44 47 5 15 0 (value : 1612)
TO   solution: 0 9 42 16 47 27 45 33 10 20 23 2 48 1 13 43 11 24 37 12 18 8 49 40 32 25 28 39 7 6 34 21 36 22 30 38 26 35 19 15 14 46 3 4 31 5 41 29 44 17 0 (value : 356)
in 0.001262 seconds (chrono time)
FROM solution: 0 1 12 33 17 5 19 43 31 44 18 10 25 6 16 35 14 46 13 41 11 2 22 45 24 27 26 48 28 49 9 29 37 32 34 15 36 3 21 47 8 40 38 30 42 7 4 39 20 23 0 (value : 1820)
TO   solution: 0 37 16 21 4 20 38 22 47 40 33 28 24 5 1 11 36 35 23 43 18 15 26 12 3 8 2 34 42 32 27 6 39 13 9 10 48 31 30 7 44 49 19 41 25 17 29 14 45 46 0 (value : 350)
in 0.001336 seconds (chrono time)
FROM solution: 0 10 45 2 27 13 43 17 11 34 1 36 9 18 12 47 5 39 19 21 42 32 22 15 38 25 44 20 7 29 37 6 23 16 33 3 46 8 26 31 41 4 24 14 28 40 49 30 48 35 0 (value : 1758)
TO   solution: 0 24 11 28 6 5 44 36 40 49 15 10 35 18 42 9 12 23 45 19 3 7 39 46 29 4 14 34 48 32 43 21 27 20 26 2 33 47 16 17 41 37 8 25 1 13 22 30 38 31 0 (value : 370)
in 0.001261 seconds (chrono time)
FROM solution: 0 33 25 38 4 1 35 27 49 18 10 31 8 42 2 14 39 17 15 40 20 12 22 23 47 24 11 30 45 29 13 21 32 44 48 7 19 37 28 9 16 41 5 43 26 46 34 3 36 6 0 (value : 1522)
TO   solution: 0 22 24 18 33 34 37 2 45 1 14 15 31 11 19 29 36 6 32 12 20 8 49 9 42 23 46 5 16 28 17 41 39 26 25 43 7 30 10 40 21 4 48 44 47 27 38 3 13 35 0 (value : 342)
in 0.001328 seconds (chrono time)
FROM solution: 0 1 2 10 34 23 9 24 33 37 11 25 7 47 35 49 42 17 26 45 38 43 22 44 19 39 16 6 13 29 30 32 18 48 3 14 36 5 21 27 40 15 28 12 31 20 46 4 41 8 0 (value : 1404)
TO   solution: 0 35 42 36 43 17 38 28 15 10 47 16 40 3 34 6 22 39 2 30 48 41 18 44 5 33 9 32 1 23 46 26 21 24 4 12 31 37 25 45 8 11 20 7 13 14 49 27 29 19 0 (value : 334)
in 0.001263 seconds (chrono time)
FROM solution: 0 15 19 10 27 34 18 8 26 28 3 12 13 11 21 36 35 38 9 30 20 31 43 44 2 1 24 23 14 7 47 16 32 33 5 42 4 41 17 39 40 6 37 29 25 45 49 22 48 46 0 (value : 1662)
TO   solution: 0 46 29 24 47 19 33 15 12 6 5 34 20 42 44 26 28 31 4 36 7 40 21 48 30 1 32 38 14 39 41 22 45 18 3 17 49 35 8 13 37 2 10 23 9 25 43 27 11 16 0 (value : 364)
in 0.001278 seconds (chrono time)
FROM solution: 0 23 4 27 32 39 11 41 14 9 19 5 44 29 37 8 16 17 10 31 7 12 35 3 24 49 46 42 33 13 15 21 22 26 34 43 36 30 2 45 40 1 18 20 48 28 6 47 25 38 0 (value : 1532)
TO   solution: 0 15 41 43 6 2 31 7 32 24 44 19 45 8 40 13 11 10 20 12 35 16 34 27 1 39 18 48 49 38 22 47 28 5 33 30 3 17 9 26 14 21 29 25 42 36 4 23 46 37 0 (value : 332)
in 0.001254 seconds (chrono time)
FROM solution: 0 3 17 7 33 32 6 41 42 9 36 25 44 35 39 38 34 21 48 2 11 22 14 15 40 5 19 43 37 29 30 31 8 10 1 13 4 23 47 18 45 20 28 49 46 12 16 24 26 27 0 (value : 1738)
TO   solution: 0 42 5 22 8 39 6 46 38 21 15 20 35 49 23 3 44 27 24 17 28 29 47 26 13 37 14 2 36 11 12 19 48 18 10 31 1 30 33 32 16 45 4 43 41 9 7 40 25 34 0 (value : 358)
in 0.001231 seconds (chrono time)
FROM solution: 0 8 39 20 4 15 2 43 35 14 27 10 6 31 46 24 17 13 18 9 7 44 30 45 32 38 1 22 25 29 23 28 5 40 34 49 26 37 33 19 12 16 42 36 41 3 21 47 48 11 0 (value : 1486)
TO   solution: 0 10 28 11 23 45 42 4 5 2 27 7 44 14 9 6 16 39 17 25 26 49 36 33 1 32 37 34 15 22 24 31 3 43 35 38 29 8 48 18 12 46 21 41 13 30 40 20 47 19 0 (value : 338)
in 0.001097 seconds (chrono time)
FROM solution: 0 42 2 3 4 33 6 25 43 9 47 24 20 32 12 38 30 26 36 19 40 39 5 21 18 16 14 1 45 35 10 28 41 29 46 44 37 17 15 7 11 34 8 22 48 23 13 31 27 49 0 (value : 1524)
TO   solution: 0 2 46 24 44 41 11 7 22 20 45 25 23 6 19 4 1 17 47 31 8 13 37 33 27 10 43 21 26 5 12 30 16 38 40 34 15 9 29 35 49 42 18 28 14 48 39 36 32 3 0 (value : 346)
in 0.0013 seconds (chrono time)
FROM solution: 0 40 19 26 13 37 28 16 44 8 10 22 23 30 1 34 49 4 24 31 20 21 2 46 45 18 14 29 27 36 5 42 48 9 7 35 25 17 38 12 47 41 6 43 15 3 33 11 32 39 0 (value : 1720)
TO   solution: 0 7 43 28 44 4 15 12 35 34 41 19 24 11 33 27 45 8 5 20 37 38 22 46 13 26 9 36 32 14 17 16 39 18 31 48 21 40 42 3 23 1 29 30 49 6 25 10 2 47 0 (value : 334)
in 0.001176 seconds (chrono time)
FROM solution: 0 47 9 6 31 45 15 11 40 30 16 44 13 39 14 12 43 18 3 28 8 20 23 17 34 36 26 29 38 22 5 21 32 27 24 37 25 19 48 7 35 46 42 41 33 10 1 4 2 49 0 (value : 1462)
TO   solution: 0 48 22 27 16 37 41 24 3 11 5 39 33 47 15 1 42 9 6 34 40 13 44 7 31 28 45 4 32 21 19 43 38 17 12 49 14 25 26 18 36 2 29 35 10 8 20 46 23 30 0 (value : 358)
in 0.001347 seconds (chrono time)
FROM solution: 0 10 13 1 16 20 9 30 8 7 47 6 26 39 37 3 12 17 28 27 49 25 46 23 2 31 4 19 43 29 15 11 22 5 18 36 35 32 21 14 45 34 42 33 44 24 48 38 41 40 0 (value : 1720)
TO   solution: 0 41 17 47 23 10 8 27 48 20 14 24 9 45 37 7 15 26 36 22 4 13 5 49 38 33 30 3 40 6 28 43 42 39 29 12 25 34 2 32 44 21 18 31 19 1 35 46 11 16 0 (value : 316)
in 0.000814 seconds (chrono time)
FROM solution: 0 1 32 39 37 5 38 30 8 45 18 3 23 13 14 27 16 28 26 46 6 21 9 36 47 11 41 31 22 7 24 42 12 33 35 10 19 25 2 34 49 29 4 43 44 20 17 40 48 15 0 (value : 1608)
TO   solution: 0 16 19 3 37 13 47 15 17 9 4 24 18 42 21 10 28 41 26 46 44 45 14 22 1 6 40 20 5 23 32 49 29 8 2 12 39 7 34 43 30 31 48 38 11 36 25 27 35 33 0 (value : 368)
in 0.001149 seconds (chrono time)
FROM solution: 0 46 29 15 28 42 30 7 36 9 41 10 43 27 26 6 44 14 16 35 20 24 2 8 38 1 21 19 3 45 49 31 4 33 18 32 13 37 34 25 40 11 5 22 23 12 17 47 48 39 0 (value : 1592)
TO   solution: 0 9 26 44 43 21 22 25 29 27 14 13 30 40 42 8 41 6 24 3 47 38 48 15 17 12 32 46 20 31 7 11 5 10 33 28 18 16 39 23 45 36 49 1 34 35 2 4 37 19 0 (value : 356)
in 0.00127 seconds (chrono time)
FROM solution: 0 33 12 27 20 5 9 29 3 19 37 11 4 22 13 39 43 6 47 31 25 36 44 49 21 16 30 26 8 15 14 2 35 24 42 28 41 48 38 32 40 10 1 34 46 23 17 18 7 45 0 (value : 1610)
TO   solution: 0 9 3 5 24 25 6 49 35 32 40 26 22 11 45 33 1 42 8 10 14 7 36 13 38 43 12 20 39 18 15 47 31 48 21 29 41 34 28 2 4 46 44 17 23 37 19 16 27 30 0 (value : 340)
in 0.001176 seconds (chrono time)
FROM solution: 0 4 45 11 28 24 44 7 8 9 20 5 49 32 14 23 3 17 18 13 10 26 48 29 35 25 6 42 33 34 16 36 37 31 22 12 41 19 21 46 40 2 15 1 39 38 30 47 27 43 0 (value : 1500)
TO   solution: 0 34 31 36 43 37 6 30 38 14 27 18 28 5 12 16 17 7 10 23 29 22 2 32 9 21 3 41 46 35 49 26 8 1 45 33 11 47 48 44 24 39 25 4 40 19 13 42 20 15 0 (value : 334)
in 0.001234 seconds (chrono time)
FROM solution: 0 20 31 2 4 28 43 11 26 19 41 45 48 13 33 34 27 5 21 38 46 37 3 23 36 25 49 16 12 30 7 22 42 39 15 14 1 6 17 40 32 9 24 8 35 47 29 10 44 18 0 (value : 1612)
TO   solution: 0 37 18 14 24 4 34 31 12 13 26 44 10 21 3 43 5 32 23 19 27 30 28 25 49 8 15 40 38 41 47 7 42 17 2 35 39 1 29 48 46 45 22 36 11 33 6 20 9 16 0 (value : 358)
in 0.001244 seconds (chrono time)
FROM solution: 0 5 20 38 16 27 34 36 8 9 10 11 2 13 14 3 48 39 45 17 22 21 7 42 47 49 31 40 29 1 30 25 46 33 19 12 4 37 35 6 24 18 23 26 43 41 28 32 15 44 0 (value : 1568)
TO   solution: 0 45 20 4 26 37 35 41 10 38 12 29 22 9 16 30 21 5 25 48 44 32 11 14 3 15 18 46 47 7 33 36 40 28 2 23 39 17 1 19 49 13 42 27 6 8 43 31 24 34 0 (value : 344)
in 0.001187 seconds (chrono time)
FROM solution: 0 21 25 30 23 8 7 2 17 35 15 18 41 13 14 4 16 5 34 45 1 28 12 10 24 49 26 38 32 40 6 9 37 42 29 11 3 44 27 39 36 20 22 19 33 43 46 47 48 31 0 (value : 1658)
TO   solution: 0 39 22 45 19 7 2 30 21 25 36 18 27 10 37 32 16 23 46 12 34 42 44 29 5 6 3 14 11 13 47 41 33 35 49 43 28 24 20 17 8 31 38 1 48 40 4 9 26 15 0 (value : 376)
in 0.001153 seconds (chrono time)
FROM solution: 0 11 31 42 25 13 28 24 41 39 10 45 14 43 30 17 8 46 40 2 27 19 16 7 48 22 15 12 36 20 33 9 6 37 21 35 3 47 29 5 32 49 18 34 44 1 23 4 26 38 0 (value : 1520)
TO   solution: 0 49 10 8 25 6 37 19 21 3 44 26 35 24 12 34 18 13 43 27 17 11 32 7 38 42 28 41 31 29 14 39 20 9 22 1 33 15 23 5 16 48 36 45 40 4 2 30 47 46 0 (value : 380)
in 0.00122 seconds (chrono time)
FROM solution: 0 6 2 11 27 30 31 9 40 37 32 44 12 24 5 19 16 17 35 18 42 34 22 49 36 20 3 10 8 4 1 29 14 33 47 41 15 28 21 39 13 38 25 26 46 45 23 7 48 43 0 (value : 1590)
TO   solution: 0 47 40 30 37 33 19 14 31 25 38 3 35 18 46 7 39 42 41 34 16 45 10 28 22 6 8 48 43 44 49 21 27 11 2 26 15 5 36 13 32 9 29 4 12 23 24 1 17 20 0 (value : 370)
in 0.001219 seconds (chrono time)
FROM solution: 0 41 43 3 36 46 49 7 27 12 10 37 24 32 16 35 30 28 42 22 20 21 39 5 19 11 26 38 1 29 15 33 2 23 34 31 18 13 48 8 47 17 40 44 6 45 25 4 9 14 0 (value : 1414)
TO   solution: 0 5 39 3 37 2 16 32 22 21 35 23 33 30 7 41 40 49 36 34 6 18 20 15 10 43 45 31 9 42 47 17 4 25 28 26 27 38 1 14 12 11 8 46 24 29 44 19 13 48 0 (value : 340)
in 0.001224 seconds (chrono time)
FROM solution: 0 47 2 35 9 48 6 29 42 4 23 11 45 15 49 43 16 7 1 10 46 21 8 5 32 25 39 20 27 36 13 31 26 22 28 12 30 41 34 18 44 33 17 24 37 40 38 19 3 14 0 (value : 1550)
TO   solution: 0 29 36 49 2 39 33 23 41 8 15 21 18 45 30 37 17 4 44 38 10 3 28 46 42 6 48 22 24 47 9 40 1 19 26 13 35 11 7 27 25 12 43 16 34 20 31 32 5 14 0 (value : 328)
in 0.001304 seconds (chrono time)
FROM solution: 0 18 43 41 42 29 3 4 16 39 25 5 38 28 30 13 8 17 27 49 20 21 12 14 24 15 26 32 6 23 40 46 37 35 44 11 34 36 33 31 45 9 1 22 47 2 19 48 7 10 0 (value : 1696)
TO   solution: 0 28 17 18 20 15 23 35 25 3 44 13 10 32 16 22 42 45 4 2 24 11 47 5 1 41 31 6 27 14 19 26 21 34 38 48 9 12 8 37 49 43 39 29 36 33 46 30 40 7 0 (value : 346)
in 0.001303 seconds (chrono time)
FROM solution: 0 35 32 3 36 5 6 12 10 9 23 11 38 19 18 48 28 20 8 46 1 27 34 22 44 17 7 26 21 25 30 15 33 47 24 31 2 42 4 39 40 41 37 16 45 43 29 14 13 49 0 (value : 1724)
TO   solution: 0 45 31 6 29 39 21 27 37 28 24 2 26 46 3 42 35 38 22 47 43 10 30 15 16 12 8 19 32 5 4 18 34 23 1 41 11 17 14 9 48 13 44 40 20 33 25 49 36 7 0 (value : 346)
in 0.001208 seconds (chrono time)
FROM solution: 0 43 20 18 17 10 35 1 32 37 5 11 34 33 30 22 38 44 13 40 7 3 48 23 25 16 26 15 29 19 14 49 31 24 2 6 8 36 45 4 42 39 28 41 47 21 46 9 12 27 0 (value : 1350)
TO   solution: 0 21 40 37 26 3 5 35 44 20 24 30 2 18 17 46 6 39 47 34 32 8 11 33 31 16 48 43 49 12 41 13 15 28 14 27 9 38 29 23 36 10 1 22 45 19 4 25 42 7 0 (value : 360)
in 0.002069 seconds (chrono time)
