80
0		36		51		57		51		59		67		35		68		76		42		5		52		71		95		34		25		98		41		3		72		48		49		105		29		21		83		108		78		50		51		18		33		9		62		96		98		37		14		92		44		87		44		21		27		85		70		92		99		48		76		14		7		24		46		42		90		50		63		80		25		40		81		85		30		61		101		48		105		16		62		45		32		77		46		81		25		40		88		63
36		0		15		33		87		67		31		25		76		84		12		39		16		35		103		26		11		106		65		35		56		84		57		113		27		21		91		116		86		58		15		40		25		43		70		104		106		73		28		100		70		51		12		57		11		51		78		56		63		22		42		50		43		32		62		32		54		14		71		88		11		12		89		55		26		25		109		56		113		20		70		49		40		55		82		47		61		34		52		71
51		15		0		26		102		60		16		18		69		77		19		54		5		24		96		33		26		99		80		50		49		99		60		106		22		30		84		109		79		51		16		55		32		58		63		97		99		88		43		93		85		36		7		72		24		44		71		41		48		15		35		65		58		39		77		25		39		13		64		81		26		11		82		48		21		12		102		49		106		35		63		42		33		48		97		40		76		27		37		76
57		33		26		0		108		34		26		22		43		51		45		60		21		14		70		59		32		73		86		56		23		105		66		80		28		36		58		83		59		25		42		61		58		64		37		71		73		94		49		67		91		30		21		78		44		28		45		35		42		11		19		71		64		45		83		15		33		39		38		55		36		21		60		28		27		14		76		37		80		41		37		16		35		22		103		24		82		17		31		82
51		87		102		108		0		100		118		86		69		57		93		48		103		122		78		81		76		67		22		52		123		5		42		74		80		72		60		79		49		91		102		47		74		44		81		65		81		14		59		61		17		138		95		30		78		136		77		143		150		99		127		37		44		63		25		93		141		101		82		105		76		91		50		136		81		112		86		71		76		67		77		96		73		128		7		132		26		91		139		32
59		67		60		34		100		0		60		42		31		43		79		64		55		36		36		93		66		39		78		62		23		97		58		46		40		46		40		49		51		9		76		53		92		68		19		43		39		86		45		45		83		38		55		70		78		36		23		43		50		45		27		63		62		37		75		35		41		73		18		21		70		55		52		36		41		48		42		29		46		71		23		18		27		28		95		32		74		33		39		74
67		31		16		26		118		60		0		32		69		77		25		70		15		24		96		37		42		99		96		66		49		115		76		106		38		46		84		109		79		51		16		71		44		74		63		97		99		104		59		93		101		36		23		88		40		44		71		31		34		19		35		81		74		55		93		25		39		17		64		81		42		27		82		48		37		12		102		49		106		51		63		42		45		48		113		40		92		27		25		92
35		25		18		22		86		42		32		0		51		59		37		38		17		36		78		51		24		81		64		34		37		83		44		88		6		14		66		91		61		33		34		39		50		42		45		79		81		72		27		75		69		52		13		56		36		50		53		57		64		13		41		49		42		23		61		7		55		31		46		63		28		13		64		50		5		26		84		31		88		29		45		24		15		42		81		46		60		9		53		60
68		76		69		43		69		31		69		51		0		12		88		73		64		53		27		102		75		30		47		71		54		66		27		37		49		55		15		40		20		22		85		50		101		77		12		28		30		55		54		24		52		69		64		53		87		67		8		74		81		54		58		70		71		44		44		44		72		82		13		36		79		64		21		67		50		57		33		20		37		80		8		27		36		59		64		63		45		42		70		43
76		84		77		51		57		43		77		59		12		0		96		81		72		65		21		110		83		22		35		79		66		54		27		29		57		63		7		32		8		34		93		58		109		85		24		20		24		59		62		16		40		81		72		61		95		79		20		86		93		62		70		78		79		52		32		52		84		90		25		48		87		72		9		79		58		65		29		28		29		88		20		39		44		71		52		75		53		50		82		31
42		12		19		45		93		79		25		37		88		96		0		45		24		43		115		14		17		118		71		41		68		90		69		125		39		33		103		128		98		70		9		46		19		49		82		116		118		79		34		112		76		55		24		63		15		63		90		50		57		34		54		56		49		44		68		44		58		8		83		100		17		24		101		67		38		31		121		68		125		26		82		61		52		67		88		59		67		46		46		83
5		39		54		60		48		64		70		38		73		81		45		0		55		74		100		33		28		103		46		4		75		45		54		110		32		24		88		113		83		55		54		23		28		4		67		101		103		34		19		97		49		90		47		20		30		88		75		95		102		51		79		11		4		29		51		45		93		53		68		85		28		43		86		88		33		64		106		53		110		19		67		48		37		80		43		84		28		43		91		68
52		16		5		21		103		55		15		17		64		72		24		55		0		19		91		38		27		94		81		51		44		100		61		101		23		31		79		104		74		46		21		56		37		59		58		92		94		89		44		88		86		35		8		73		25		39		66		40		47		10		30		66		59		40		78		20		38		18		59		76		27		12		77		43		22		9		97		44		101		36		58		37		30		43		98		35		77		22		36		77
71		35		24		14		122		36		24		36		53		65		43		74		19		0		72		57		46		75		100		70		25		119		80		82		42		50		62		85		73		31		40		75		56		78		41		73		75		108		63		69		105		16		27		92		44		20		47		21		28		23		11		85		78		59		97		29		19		37		40		57		46		31		74		24		41		12		78		51		82		55		45		26		49		24		117		16		96		31		17		96
95		103		96		70		78		36		96		78		27		21		115		100		91		72		0		129		102		15		56		98		47		75		46		10		76		82		18		13		29		45		112		77		128		104		33		21		3		78		81		23		61		60		91		80		114		58		25		65		72		81		61		97		98		71		53		71		63		109		32		27		106		91		30		58		77		84		8		47		10		107		33		54		63		50		73		56		72		69		71		52
34		26		33		59		81		93		37		51		102		110		14		33		38		57		129		0		27		132		75		31		82		78		83		139		53		47		117		142		112		84		21		52		7		37		96		130		132		67		48		126		78		69		38		51		15		77		104		64		69		48		68		44		37		58		80		58		72		20		97		114		23		38		115		81		52		45		135		82		139		22		96		75		66		81		76		73		57		60		58		97
25		11		26		32		76		66		42		24		75		83		17		28		27		46		102		27		0		105		54		24		55		73		56		112		26		20		90		115		85		57		26		29		26		32		69		103		105		62		21		99		59		62		19		46		12		60		77		67		74		23		51		39		32		31		53		31		65		25		70		87		4		15		88		60		25		36		108		55		112		9		69		48		39		54		71		56		50		33		63		70
98		106		99		73		67		39		99		81		30		22		118		103		94		75		15		132		105		0		57		101		60		62		49		11		79		85		15		16		20		48		115		80		131		107		36		6		18		81		84		8		54		75		94		83		117		73		28		80		87		84		64		100		101		74		52		74		78		112		35		42		109		94		17		73		80		87		23		50		13		110		36		57		66		65		74		69		75		72		76		37
41		65		80		86		22		78		96		64		47		35		71		46		81		100		56		75		54		57		0		44		101		19		20		64		58		50		42		67		37		69		80		25		74		50		59		55		59		24		37		51		5		116		73		26		60		114		55		121		128		77		105		43		44		41		5		71		119		79		60		83		54		69		40		114		59		90		64		49		64		53		55		74		51		106		17		110		18		69		117		22
3		35		50		56		52		62		66		34		71		79		41		4		51		70		98		31		24		101		44		0		71		49		52		108		28		20		86		111		81		53		50		21		30		8		65		99		101		38		17		95		47		86		43		22		26		84		73		91		98		47		75		15		8		27		49		41		89		49		66		83		24		39		84		84		29		60		104		51		108		15		65		44		35		76		47		80		26		39		87		66
72		56		49		23		123		23		49		37		54		66		68		75		44		25		47		82		55		60		101		71		0		120		81		57		43		51		63		60		74		32		65		76		81		79		42		66		50		109		64		68		106		15		44		93		67		13		46		20		27		34		14		86		79		60		98		30		18		62		41		32		59		44		75		13		42		37		53		52		57		60		46		27		50		5		118		9		97		32		24		97
48		84		99		105		5		97		115		83		66		54		90		45		100		119		75		78		73		62		19		49		120		0		39		71		77		69		57		76		46		88		99		44		71		45		78		60		78		19		56		56		14		135		92		27		75		133		74		140		147		96		124		38		41		60		22		90		138		98		79		102		73		88		45		133		78		109		83		68		73		64		74		93		70		125		12		129		23		88		136		27
49		57		60		66		42		58		76		44		27		27		69		54		61		80		46		83		56		49		20		52		81		39		0		56		38		36		34		59		29		49		66		31		82		58		39		47		49		32		35		43		25		96		53		34		68		94		35		101		108		57		85		51		52		25		17		51		99		63		40		63		60		49		32		94		39		70		52		29		56		61		35		54		31		86		37		90		26		49		97		16
105		113		106		80		74		46		106		88		37		29		125		110		101		82		10		139		112		11		64		108		57		71		56		0		86		92		22		5		27		55		122		87		138		114		43		17		7		88		91		19		61		70		101		90		124		62		35		75		76		91		71		107		108		81		59		81		67		119		42		31		116		101		26		62		87		94		12		57		2		117		43		64		73		58		81		66		82		79		81		48
29		27		22		28		80		40		38		6		49		57		39		32		23		42		76		53		26		79		58		28		43		77		38		86		0		8		64		89		59		31		36		33		52		36		43		77		79		66		21		73		63		58		15		50		38		56		51		63		70		19		47		43		36		17		55		13		61		33		44		61		30		15		62		56		1		32		82		29		86		31		43		22		13		48		75		52		54		11		59		54
21		21		30		36		72		46		46		14		55		63		33		24		31		50		82		47		20		85		50		20		51		69		36		92		8		0		70		95		65		37		30		25		46		28		49		83		85		58		13		79		55		66		23		42		32		64		57		71		78		27		55		35		28		11		47		21		69		29		50		67		24		19		68		64		9		40		88		35		92		25		49		28		19		56		67		60		46		19		67		50
83		91		84		58		60		40		84		66		15		7		103		88		79		62		18		117		90		15		42		86		63		57		34		22		64		70		0		25		11		33		100		65		116		92		21		13		21		66		69		9		43		78		79		68		102		76		17		83		90		69		67		85		86		59		37		59		81		97		22		45		94		79		12		76		65		72		26		35		22		95		21		42		51		68		59		72		60		57		79		34
108		116		109		83		79		49		109		91		40		32		128		113		104		85		13		142		115		16		67		111		60		76		59		5		89		95		25		0		30		58		125		90		141		117		46		22		10		91		94		24		64		73		104		93		127		65		38		78		75		94		74		110		111		84		62		84		70		122		45		28		119		104		31		61		90		97		7		60		3		120		46		67		76		61		84		69		85		82		84		53
78		86		79		59		49		51		79		61		20		8		98		83		74		73		29		112		85		20		37		81		74		46		29		27		59		65		11		30		0		42		95		60		111		87		32		18		32		61		64		14		34		89		74		63		97		87		28		94		101		64		78		80		81		54		32		54		92		92		33		56		89		74		3		87		60		67		37		30		27		90		28		47		46		79		54		83		55		52		90		23
50		58		51		25		91		9		51		33		22		34		70		55		46		31		45		84		57		48		69		53		32		88		49		55		31		37		33		58		42		0		67		44		83		59		12		46		48		77		36		42		74		47		46		61		69		45		20		52		59		36		36		54		53		28		66		26		50		64		13		30		61		46		43		45		32		39		51		20		55		62		14		9		18		37		86		41		65		24		48		65
51		15		16		42		102		76		16		34		85		93		9		54		21		40		112		21		26		115		80		50		65		99		66		122		36		30		100		125		95		67		0		55		28		58		79		113		115		88		43		109		85		52		21		72		24		60		87		47		50		31		51		65		58		41		77		41		55		3		80		97		26		21		98		64		35		28		118		65		122		35		79		58		49		64		97		56		76		43		41		80
18		40		55		61		47		53		71		39		50		58		46		23		56		75		77		52		29		80		25		21		76		44		31		87		33		25		65		90		60		44		55		0		51		27		44		78		80		33		12		74		30		91		48		17		37		89		52		96		103		52		80		20		21		16		28		46		94		54		45		62		29		44		63		89		34		65		83		30		87		30		44		49		26		81		42		85		21		44		92		45
33		25		32		58		74		92		44		50		101		109		19		28		37		56		128		7		26		131		74		30		81		71		82		138		52		46		116		141		111		83		28		51		0		30		95		129		131		60		47		125		77		68		37		48		14		76		103		69		76		47		67		37		30		57		79		57		71		27		96		113		22		37		114		80		51		44		134		81		138		21		95		74		65		80		69		72		56		59		65		96
9		43		58		64		44		68		74		42		77		85		49		4		59		78		104		37		32		107		50		8		79		45		58		114		36		28		92		117		87		59		58		27		30		0		71		105		107		30		23		101		53		94		51		24		34		92		79		99		106		55		83		7		6		33		55		49		97		57		72		89		32		47		90		92		37		68		110		57		114		23		71		52		41		84		39		88		32		47		95		72
62		70		63		37		81		19		63		45		12		24		82		67		58		41		33		96		69		36		59		65		42		78		39		43		43		49		21		46		32		12		79		44		95		71		0		34		36		67		48		30		64		57		58		51		81		55		8		62		69		48		46		64		65		38		56		38		60		76		1		24		73		58		33		55		44		51		39		14		43		74		4		21		30		47		76		51		55		36		58		55
96		104		97		71		65		43		97		79		28		20		116		101		92		73		21		130		103		6		55		99		66		60		47		17		77		83		13		22		18		46		113		78		129		105		34		0		24		79		82		4		52		81		92		81		115		79		26		86		93		82		70		98		99		72		50		72		84		110		33		48		107		92		15		79		78		85		29		48		19		108		34		55		64		71		72		75		73		70		82		33
98		106		99		73		81		39		99		81		30		24		118		103		94		75		3		132		105		18		59		101		50		78		49		7		79		85		21		10		32		48		115		80		131		107		36		24		0		81		84		26		64		63		94		83		117		55		28		68		69		84		64		100		101		74		56		74		60		112		35		24		109		94		33		55		80		87		5		50		7		110		36		57		66		51		76		59		75		72		74		55
37		73		88		94		14		86		104		72		55		59		79		34		89		108		78		67		62		81		24		38		109		19		32		88		66		58		66		91		61		77		88		33		60		30		67		79		81		0		45		75		27		124		81		16		64		122		63		129		136		85		113		23		30		49		29		79		127		87		68		91		62		77		64		122		67		98		84		57		88		53		63		82		59		114		9		118		12		77		125		46
14		28		43		49		59		45		59		27		54		62		34		19		44		63		81		48		21		84		37		17		64		56		35		91		21		13		69		94		64		36		43		12		47		23		48		82		84		45		0		78		42		79		36		29		33		77		56		84		91		40		68		22		17		10		34		34		82		42		49		66		25		32		67		77		22		53		87		34		91		26		48		37		18		69		54		73		33		32		80		49
92		100		93		67		61		45		93		75		24		16		112		97		88		69		23		126		99		8		51		95		68		56		43		19		73		79		9		24		14		42		109		74		125		101		30		4		26		75		78		0		48		83		88		77		111		81		22		88		95		78		72		94		95		68		46		68		86		106		29		50		103		88		11		81		74		81		31		44		21		104		30		51		60		73		68		77		69		66		84		29
44		70		85		91		17		83		101		69		52		40		76		49		86		105		61		78		59		54		5		47		106		14		25		61		63		55		43		64		34		74		85		30		77		53		64		52		64		27		42		48		0		121		78		29		63		119		60		126		133		82		110		46		47		46		8		76		124		84		65		88		59		74		37		119		64		95		69		54		61		56		60		79		56		111		20		115		21		74		122		19
87		51		36		30		138		38		36		52		69		81		55		90		35		16		60		69		62		75		116		86		15		135		96		70		58		66		78		73		89		47		52		91		68		94		57		81		63		124		79		83		121		0		43		108		60		8		61		5		12		39		11		101		94		75		113		45		3		49		56		45		62		47		90		12		57		26		66		67		70		71		61		42		65		12		133		6		112		47		11		112
44		12		7		21		95		55		23		13		64		72		24		47		8		27		91		38		19		94		73		43		44		92		53		101		15		23		79		104		74		46		21		48		37		51		58		92		94		81		36		88		78		43		0		65		23		41		66		48		55		10		32		58		51		32		70		20		46		18		59		76		19		4		77		43		14		17		97		44		101		28		58		37		28		43		90		37		69		22		44		69
21		57		72		78		30		70		88		56		53		61		63		20		73		92		80		51		46		83		26		22		93		27		34		90		50		42		68		93		63		61		72		17		48		24		51		81		83		16		29		77		29		108		65		0		48		106		55		113		120		69		97		17		18		33		31		63		111		71		52		75		46		61		66		106		51		82		86		41		90		37		47		66		43		98		25		102		8		61		109		48
27		11		24		44		78		78		40		36		87		95		15		30		25		44		114		15		12		117		60		26		67		75		68		124		38		32		102		127		97		69		24		37		14		34		81		115		117		64		33		111		63		60		23		48		0		62		89		65		72		33		53		41		34		43		65		43		63		23		82		99		8		23		100		66		37		34		120		67		124		11		81		60		51		66		73		58		52		45		61		82
85		51		44		28		136		36		44		50		67		79		63		88		39		20		58		77		60		73		114		84		13		133		94		62		56		64		76		65		87		45		60		89		76		92		55		79		55		122		77		81		119		8		41		106		62		0		59		13		14		37		9		99		92		73		111		43		5		57		54		37		60		45		88		4		55		32		58		65		62		69		59		40		63		8		131		4		110		45		19		110
70		78		71		45		77		23		71		53		8		20		90		75		66		47		25		104		77		28		55		73		46		74		35		35		51		57		17		38		28		20		87		52		103		79		8		26		28		63		56		22		60		61		66		55		89		59		0		66		73		56		50		72		73		46		52		46		64		84		7		28		81		66		29		59		52		59		31		22		35		82		8		29		38		51		72		55		51		44		62		51
92		56		41		35		143		43		31		57		74		86		50		95		40		21		65		64		67		80		121		91		20		140		101		75		63		71		83		78		94		52		47		96		69		99		62		86		68		129		84		88		126		5		48		113		65		13		66		0		7		44		16		106		99		80		118		50		8		44		61		50		67		52		95		17		62		31		71		72		75		76		66		47		70		17		138		11		117		52		6		117
99		63		48		42		150		50		34		64		81		93		57		102		47		28		72		69		74		87		128		98		27		147		108		76		70		78		90		75		101		59		50		103		76		106		69		93		69		136		91		95		133		12		55		120		72		14		73		7		0		51		23		113		106		87		125		57		9		49		68		47		74		59		102		14		69		38		68		79		74		83		73		54		77		22		145		18		124		59		11		124
48		22		15		11		99		45		19		13		54		62		34		51		10		23		81		48		23		84		77		47		34		96		57		91		19		27		69		94		64		36		31		52		47		55		48		82		84		85		40		78		82		39		10		69		33		37		56		44		51		0		28		62		55		36		74		10		42		28		49		66		25		10		67		37		18		13		87		34		91		32		48		27		26		33		94		33		73		12		40		73
76		42		35		19		127		27		35		41		58		70		54		79		30		11		61		68		51		64		105		75		14		124		85		71		47		55		67		74		78		36		51		80		67		83		46		70		64		113		68		72		110		11		32		97		53		9		50		16		23		28		0		90		83		64		102		34		14		48		45		46		51		36		79		13		46		23		67		56		71		60		50		31		54		13		122		5		101		36		12		101
14		50		65		71		37		63		81		49		70		78		56		11		66		85		97		44		39		100		43		15		86		38		51		107		43		35		85		110		80		54		65		20		37		7		64		98		100		23		22		94		46		101		58		17		41		99		72		106		113		62		90		0		7		26		48		56		104		64		65		82		39		54		83		99		44		75		103		50		107		30		64		59		36		91		32		95		25		54		102		65
7		43		58		64		44		62		74		42		71		79		49		4		59		78		98		37		32		101		44		8		79		41		52		108		36		28		86		111		81		53		58		21		30		6		65		99		101		30		17		95		47		94		51		18		34		92		73		99		106		55		83		7		0		27		49		49		97		57		66		83		32		47		84		92		37		68		104		51		108		23		65		52		35		84		39		88		26		47		95		66
24		32		39		45		63		37		55		23		44		52		44		29		40		59		71		58		31		74		41		27		60		60		25		81		17		11		59		84		54		28		41		16		57		33		38		72		74		49		10		68		46		75		32		33		43		73		46		80		87		36		64		26		27		0		38		30		78		38		39		56		35		28		57		73		18		49		77		24		81		36		38		33		10		65		58		69		37		28		76		39
46		62		77		83		25		75		93		61		44		32		68		51		78		97		53		80		53		52		5		49		98		22		17		59		55		47		37		62		32		66		77		28		79		55		56		50		56		29		34		46		8		113		70		31		65		111		52		118		125		74		102		48		49		38		0		68		116		76		57		80		57		66		35		111		56		87		61		46		59		58		52		71		48		103		22		107		23		66		114		17
42		32		25		15		93		35		25		7		44		52		44		45		20		29		71		58		31		74		71		41		30		90		51		81		13		21		59		84		54		26		41		46		57		49		38		72		74		79		34		68		76		45		20		63		43		43		46		50		57		10		34		56		49		30		68		0		48		38		39		56		35		20		57		43		12		19		77		24		81		36		38		17		20		35		88		39		67		2		46		67
90		54		39		33		141		41		39		55		72		84		58		93		38		19		63		72		65		78		119		89		18		138		99		67		61		69		81		70		92		50		55		94		71		97		60		84		60		127		82		86		124		3		46		111		63		5		64		8		9		42		14		104		97		78		116		48		0		52		59		42		65		50		93		9		60		29		63		70		67		74		64		45		68		13		136		9		115		50		14		115
50		14		13		39		101		73		17		31		82		90		8		53		18		37		109		20		25		112		79		49		62		98		63		119		33		29		97		122		92		64		3		54		27		57		76		110		112		87		42		106		84		49		18		71		23		57		84		44		49		28		48		64		57		38		76		38		52		0		77		94		25		18		95		61		32		25		115		62		119		34		76		55		46		61		96		53		75		40		38		77
63		71		64		38		82		18		64		46		13		25		83		68		59		40		32		97		70		35		60		66		41		79		40		42		44		50		22		45		33		13		80		45		96		72		1		33		35		68		49		29		65		56		59		52		82		54		7		61		68		49		45		65		66		39		57		39		59		77		0		23		74		59		34		54		45		52		38		15		42		75		5		22		31		46		77		50		56		37		57		56
80		88		81		55		105		21		81		63		36		48		100		85		76		57		27		114		87		42		83		83		32		102		63		31		61		67		45		28		56		30		97		62		113		89		24		48		24		91		66		50		88		45		76		75		99		37		28		50		47		66		46		82		83		56		80		56		42		94		23		0		91		76		57		33		62		69		21		34		29		92		28		39		48		33		100		41		79		54		56		79
25		11		26		36		76		70		42		28		79		87		17		28		27		46		106		23		4		109		54		24		59		73		60		116		30		24		94		119		89		61		26		29		22		32		73		107		109		62		25		103		59		62		19		46		8		60		81		67		74		25		51		39		32		35		57		35		65		25		74		91		0		15		92		60		29		36		112		59		116		9		73		52		43		58		71		56		50		37		63		74
40		12		11		21		91		55		27		13		64		72		24		43		12		31		91		38		15		94		69		39		44		88		49		101		15		19		79		104		74		46		21		44		37		47		58		92		94		77		32		88		74		47		4		61		23		45		66		52		59		10		36		54		47		28		66		20		50		18		59		76		15		0		77		45		14		21		97		44		101		24		58		37		28		43		86		41		65		22		48		65
81		89		82		60		50		52		82		64		21		9		101		86		77		74		30		115		88		17		40		84		75		45		32		26		62		68		12		31		3		43		98		63		114		90		33		15		33		64		67		11		37		90		77		66		100		88		29		95		102		67		79		83		84		57		35		57		93		95		34		57		92		77		0		88		63		70		38		33		28		93		29		48		49		80		57		84		58		55		91		22
85		55		48		28		136		36		48		50		67		79		67		88		43		24		58		81		60		73		114		84		13		133		94		62		56		64		76		61		87		45		64		89		80		92		55		79		55		122		77		81		119		12		43		106		66		4		59		17		14		37		13		99		92		73		111		43		9		61		54		33		60		45		88		0		55		36		54		65		60		69		59		40		63		8		131		8		110		45		23		110
30		26		21		27		81		41		37		5		50		58		38		33		22		41		77		52		25		80		59		29		42		78		39		87		1		9		65		90		60		32		35		34		51		37		44		78		80		67		22		74		64		57		14		51		37		55		52		62		69		18		46		44		37		18		56		12		60		32		45		62		29		14		63		55		0		31		83		30		87		30		44		23		14		47		76		51		55		10		58		55
61		25		12		14		112		48		12		26		57		65		31		64		9		12		84		45		36		87		90		60		37		109		70		94		32		40		72		97		67		39		28		65		44		68		51		85		87		98		53		81		95		26		17		82		34		32		59		31		38		13		23		75		68		49		87		19		29		25		52		69		36		21		70		36		31		0		90		41		94		45		51		30		39		36		107		28		86		21		27		86
101		109		102		76		86		42		102		84		33		29		121		106		97		78		8		135		108		23		64		104		53		83		52		12		82		88		26		7		37		51		118		83		134		110		39		29		5		84		87		31		69		66		97		86		120		58		31		71		68		87		67		103		104		77		61		77		63		115		38		21		112		97		38		54		83		90		0		53		10		113		39		60		69		54		81		62		78		75		77		60
48		56		49		37		71		29		49		31		20		28		68		53		44		51		47		82		55		50		49		51		52		68		29		57		29		35		35		60		30		20		65		30		81		57		14		48		50		57		34		44		54		67		44		41		67		65		22		72		79		34		56		50		51		24		46		24		70		62		15		34		59		44		33		65		30		41		53		0		57		60		14		25		16		57		66		61		45		22		68		45
105		113		106		80		76		46		106		88		37		29		125		110		101		82		10		139		112		13		64		108		57		73		56		2		86		92		22		3		27		55		122		87		138		114		43		19		7		88		91		21		61		70		101		90		124		62		35		75		74		91		71		107		108		81		59		81		67		119		42		29		116		101		28		60		87		94		10		57		0		117		43		64		73		58		81		66		82		79		81		50
16		20		35		41		67		71		51		29		80		88		26		19		36		55		107		22		9		110		53		15		60		64		61		117		31		25		95		120		90		62		35		30		21		23		74		108		110		53		26		104		56		71		28		37		11		69		82		76		83		32		60		30		23		36		58		36		74		34		75		92		9		24		93		69		30		45		113		60		117		0		74		53		44		61		62		65		41		38		72		75
62		70		63		37		77		23		63		45		8		20		82		67		58		45		33		96		69		36		55		65		46		74		35		43		43		49		21		46		28		14		79		44		95		71		4		34		36		63		48		30		60		61		58		47		81		59		8		66		73		48		50		64		65		38		52		38		64		76		5		28		73		58		29		59		44		51		39		14		43		74		0		21		30		51		72		55		51		36		62		51
45		49		42		16		96		18		42		24		27		39		61		48		37		26		54		75		48		57		74		44		27		93		54		64		22		28		42		67		47		9		58		49		74		52		21		55		57		82		37		51		79		42		37		66		60		40		29		47		54		27		31		59		52		33		71		17		45		55		22		39		52		37		48		40		23		30		60		25		64		53		21		0		23		32		91		36		70		15		43		70
32		40		33		35		73		27		45		15		36		44		52		37		30		49		63		66		39		66		51		35		50		70		31		73		13		19		51		76		46		18		49		26		65		41		30		64		66		59		18		60		56		65		28		43		51		63		38		70		77		26		54		36		35		10		48		20		68		46		31		48		43		28		49		63		14		39		69		16		73		44		30		23		0		55		68		59		47		18		66		47
77		55		48		22		128		28		48		42		59		71		67		80		43		24		50		81		54		65		106		76		5		125		86		58		48		56		68		61		79		37		64		81		80		84		47		71		51		114		69		73		111		12		43		98		66		8		51		17		22		33		13		91		84		65		103		35		13		61		46		33		58		43		80		8		47		36		54		57		58		61		51		32		55		0		123		8		102		37		23		102
46		82		97		103		7		95		113		81		64		52		88		43		98		117		73		76		71		74		17		47		118		12		37		81		75		67		59		84		54		86		97		42		69		39		76		72		76		9		54		68		20		133		90		25		73		131		72		138		145		94		122		32		39		58		22		88		136		96		77		100		71		86		57		131		76		107		81		66		81		62		72		91		68		123		0		127		21		86		134		39
81		47		40		24		132		32		40		46		63		75		59		84		35		16		56		73		56		69		110		80		9		129		90		66		52		60		72		69		83		41		56		85		72		88		51		75		59		118		73		77		115		6		37		102		58		4		55		11		18		33		5		95		88		69		107		39		9		53		50		41		56		41		84		8		51		28		62		61		66		65		55		36		59		8		127		0		106		41		15		106
25		61		76		82		26		74		92		60		45		53		67		28		77		96		72		57		50		75		18		26		97		23		26		82		54		46		60		85		55		65		76		21		56		32		55		73		75		12		33		69		21		112		69		8		52		110		51		117		124		73		101		25		26		37		23		67		115		75		56		79		50		65		58		110		55		86		78		45		82		41		51		70		47		102		21		106		0		65		113		40
40		34		27		17		91		33		27		9		42		50		46		43		22		31		69		60		33		72		69		39		32		88		49		79		11		19		57		82		52		24		43		44		59		47		36		70		72		77		32		66		74		47		22		61		45		45		44		52		59		12		36		54		47		28		66		2		50		40		37		54		37		22		55		45		10		21		75		22		79		38		36		15		18		37		86		41		65		0		48		65
88		52		37		31		139		39		25		53		70		82		46		91		36		17		71		58		63		76		117		87		24		136		97		81		59		67		79		84		90		48		41		92		65		95		58		82		74		125		80		84		122		11		44		109		61		19		62		6		11		40		12		102		95		76		114		46		14		38		57		56		63		48		91		23		58		27		77		68		81		72		62		43		66		23		134		15		113		48		0		113
63		71		76		82		32		74		92		60		43		31		83		68		77		96		52		97		70		37		22		66		97		27		16		48		54		50		34		53		23		65		80		45		96		72		55		33		55		46		49		29		19		112		69		48		82		110		51		117		124		73		101		65		66		39		17		67		115		77		56		79		74		65		22		110		55		86		60		45		50		75		51		70		47		102		39		106		40		65		113		0
