N = 100
FROM solution: 0 40 5 61 91 59 79 41 18 28 43 63 31 84 32 15 9 53 23 10 33 21 60 16 88 35 24 55 64 29 37 42 82 45 2 39 70 19 38 13 1 17 81 90 78 75 34 66 6 85 50 51 12 57 54 7 65 67 11 69 92 8 58 62 97 30 46 96 93 27 25 44 72 73 26 95 76 77 74 68 80 94 22 83 47 87 4 71 48 89 86 14 20 36 56 52 49 3 98 99 0 (value : 7214)
TO   solution: 0 43 91 33 12 65 27 76 70 75 9 35 42 60 90 4 66 28 39 8 20 58 95 2 82 74 34 11 1 72 51 84 62 13 69 38 40 79 54 26 41 52 98 81 31 68 6 18 16 36 73 32 99 89 3 88 5 30 55 23 50 61 44 22 96 29 71 17 45 59 83 53 94 92 80 63 87 25 56 10 47 64 85 14 37 93 78 49 24 21 57 77 86 7 48 97 19 15 46 67 0 (value : 976)
in 0.003903 seconds (chrono time)
FROM solution: 0 1 34 72 77 28 3 51 91 40 68 26 12 6 14 19 65 5 46 9 4 21 22 89 24 36 97 27 13 7 2 41 63 84 78 43 23 37 70 60 33 47 38 50 44 94 64 82 25 30 35 81 52 53 93 18 56 99 92 31 66 88 42 95 54 48 20 73 59 80 39 71 16 17 74 45 96 98 29 11 69 62 32 83 49 10 79 58 61 86 90 85 87 75 15 55 76 8 67 57 0 (value : 7304)
TO   solution: 0 95 27 55 73 12 96 45 30 64 8 39 97 87 77 62 31 82 80 61 34 92 79 32 44 88 84 56 72 9 24 19 1 67 53 22 58 49 75 29 25 16 91 90 42 7 93 41 14 26 35 37 3 69 4 21 11 74 94 38 51 60 59 99 63 47 71 89 13 54 36 40 98 23 2 86 46 17 57 76 66 78 52 28 65 5 6 10 18 85 68 43 70 83 81 50 33 48 20 15 0 (value : 1030)
in 0.003871 seconds (chrono time)
FROM solution: 0 55 77 86 43 5 10 38 8 9 14 62 35 54 79 90 7 2 95 74 94 52 56 23 27 93 51 37 3 64 49 99 21 28 34 32 15 75 82 61 47 67 88 73 44 98 46 96 48 97 50 26 39 63 71 22 87 57 58 42 6 1 80 17 59 65 89 45 31 20 70 29 13 18 19 84 30 11 72 41 16 60 81 68 78 53 36 69 4 66 25 83 92 91 85 33 12 76 40 24 0 (value : 7296)
TO   solution: 0 64 80 93 59 23 8 45 29 99 41 36 84 96 87 13 4 68 33 17 88 61 74 69 57 53 86 77 2 79 72 20 9 56 81 95 21 11 24 14 34 98 38 15 94 71 82 25 60 1 91 83 37 90 65 52 75 47 5 51 46 30 55 7 12 32 39 27 49 19 63 31 43 97 67 76 58 85 44 73 10 28 66 6 70 50 89 18 22 48 92 42 3 78 40 62 54 16 26 35 0 (value : 966)
in 0.003894 seconds (chrono time)
FROM solution: 0 20 81 32 87 62 80 70 85 82 91 2 42 53 21 34 16 98 36 19 13 39 1 76 24 25 95 94 31 29 33 5 10 12 22 74 79 84 38 69 75 41 78 73 99 6 66 88 97 61 50 37 67 15 18 7 56 11 51 90 9 8 47 26 64 65 49 86 68 3 40 35 72 59 4 63 57 89 52 45 92 83 54 23 96 60 71 46 55 48 58 30 43 77 14 17 27 28 93 44 0 (value : 6668)
TO   solution: 0 72 85 3 39 56 30 17 95 59 46 32 70 47 92 12 96 93 10 81 83 54 87 60 94 66 28 98 33 75 61 16 5 31 37 99 71 53 9 48 20 19 52 63 65 49 23 35 25 86 80 51 22 73 62 6 36 8 58 40 27 67 2 91 64 57 69 42 41 79 4 78 24 74 68 15 11 88 1 89 7 45 97 34 29 18 21 77 44 38 26 76 43 50 84 90 82 13 14 55 0 (value : 1058)
in 0.003924 seconds (chrono time)
FROM solution: 0 7 92 3 4 91 67 48 14 97 15 89 12 86 99 83 55 87 18 69 66 26 22 20 24 1 85 74 32 60 11 52 64 2 31 38 27 96 43 73 94 88 77 46 61 33 68 80 19 6 50 34 78 49 16 37 39 44 84 59 41 63 62 42 5 81 75 53 13 93 51 35 72 65 76 79 10 90 54 30 82 56 45 25 58 29 9 36 28 57 47 71 23 70 17 95 40 21 98 8 0 (value : 6562)
TO   solution: 0 73 34 5 60 28 70 16 46 22 87 43 77 61 40 10 82 13 91 93 84 95 52 44 86 20 57 76 32 37 55 24 12 78 85 17 1 65 6 79 47 83 38 27 97 62 39 64 72 68 67 90 14 89 71 35 66 54 25 96 51 42 48 58 74 3 2 18 36 94 23 41 19 59 53 98 4 11 81 88 8 7 9 33 21 50 56 63 45 31 30 75 29 92 26 99 69 15 80 49 0 (value : 976)
in 0.003901 seconds (chrono time)
FROM solution: 0 35 44 7 19 88 40 8 74 46 41 24 54 67 14 62 18 95 36 68 25 99 73 47 11 12 26 27 28 77 72 33 32 31 6 45 69 87 2 61 84 37 66 70 52 79 64 20 48 16 21 76 80 38 98 55 56 23 91 49 29 39 59 63 51 86 5 9 10 92 58 71 3 90 89 75 60 53 96 50 1 81 57 83 13 42 30 78 65 82 97 34 4 17 94 85 93 22 15 43 0 (value : 6886)
TO   solution: 0 27 20 14 29 21 49 44 1 12 59 93 71 64 39 45 96 62 95 24 75 26 2 17 92 50 38 90 42 4 97 8 22 82 98 6 18 79 80 74 84 33 41 61 23 46 3 37 47 32 10 19 55 73 57 51 69 78 65 87 35 63 52 43 25 53 77 54 30 36 89 70 31 5 48 34 94 91 66 11 88 15 85 28 99 9 40 83 60 16 56 58 81 68 86 72 76 67 13 7 0 (value : 1050)
in 0.003727 seconds (chrono time)
FROM solution: 0 40 69 84 83 16 17 7 30 79 97 89 71 22 14 5 52 24 42 6 36 21 43 12 77 34 23 74 4 58 94 31 15 37 55 99 1 19 80 39 57 38 18 20 78 76 87 96 13 45 44 64 48 35 62 49 56 91 60 59 46 73 93 63 98 65 66 32 68 70 2 90 9 61 41 75 28 27 72 3 53 81 82 95 26 85 92 67 88 54 11 33 25 8 51 29 50 10 47 86 0 (value : 6346)
TO   solution: 0 7 17 8 71 75 82 26 22 79 73 6 25 88 97 34 31 10 29 99 50 49 23 4 80 16 40 64 47 12 96 58 54 20 39 63 30 37 70 21 93 41 46 66 19 1 74 98 45 76 35 38 85 59 94 14 36 78 60 72 95 67 27 62 89 52 2 11 3 84 9 90 77 28 33 5 18 53 81 68 65 55 86 43 48 56 91 44 61 32 92 51 42 87 69 13 15 83 24 57 0 (value : 990)
in 0.003808 seconds (chrono time)
FROM solution: 0 82 2 23 4 5 83 54 8 95 18 42 91 13 27 12 50 86 68 19 58 44 62 3 46 60 67 98 17 59 37 9 32 33 34 35 39 65 71 66 7 31 89 48 1 45 56 84 41 49 14 15 61 55 93 10 36 11 79 29 25 76 85 63 43 16 40 53 22 90 70 77 30 52 74 94 87 97 78 57 51 72 99 28 64 26 6 96 88 73 69 20 38 92 24 21 81 47 80 75 0 (value : 5906)
TO   solution: 0 38 1 18 63 20 30 61 2 91 95 64 3 93 26 98 53 6 71 40 34 10 58 51 70 13 12 5 68 90 27 43 49 57 60 97 65 46 47 23 83 85 22 21 11 24 36 77 88 29 37 72 19 80 48 62 92 50 67 78 84 7 69 75 99 17 31 74 86 41 45 81 35 9 39 56 54 32 96 4 59 76 25 33 73 44 94 87 66 79 55 82 89 16 42 52 15 28 14 8 0 (value : 1044)
in 0.00388 seconds (chrono time)
FROM solution: 0 1 65 68 97 14 72 62 59 8 91 27 37 13 12 15 48 46 43 55 20 40 75 23 86 25 30 9 28 47 33 35 80 31 4 36 24 52 76 39 38 51 96 26 44 81 61 29 79 98 10 5 21 64 42 93 16 88 22 32 60 7 34 63 2 53 58 19 50 69 70 71 49 73 74 66 67 85 77 18 99 92 82 56 84 54 87 41 3 89 90 83 94 17 11 95 57 45 6 78 0 (value : 6464)
TO   solution: 0 64 96 10 43 6 44 22 15 99 40 26 78 37 33 8 13 97 55 30 36 77 39 47 57 24 68 59 11 53 76 16 71 90 84 31 93 2 9 63 29 5 70 89 20 46 32 73 48 83 58 69 41 34 81 86 65 27 38 51 66 49 88 72 91 80 67 74 28 94 7 60 3 92 42 21 35 14 25 45 17 82 75 62 12 1 23 56 85 87 19 52 79 4 18 54 98 61 95 50 0 (value : 1132)
in 0.00393 seconds (chrono time)
FROM solution: 0 90 55 3 62 5 47 19 21 80 36 68 12 27 14 34 15 54 87 66 93 69 53 83 64 75 51 1 26 29 48 31 82 56 39 35 67 95 42 78 85 97 18 43 24 98 44 81 28 23 96 9 52 77 13 99 59 57 17 94 60 61 58 76 38 46 30 20 2 32 37 22 91 73 10 4 63 49 41 86 88 6 79 16 84 65 33 7 92 8 25 72 50 11 70 89 40 74 45 71 0 (value : 6632)
TO   solution: 0 74 22 21 1 91 51 37 89 38 2 67 66 13 72 54 48 79 18 76 44 4 70 7 49 35 17 99 96 42 8 95 61 78 97 75 55 23 87 12 60 94 98 9 29 90 47 10 83 20 50 62 68 39 81 30 33 63 45 64 34 40 19 6 71 58 11 3 56 52 16 31 24 93 26 25 85 5 15 27 69 14 84 86 80 92 57 28 59 53 41 43 65 46 82 88 36 32 73 77 0 (value : 1022)
in 0.003728 seconds (chrono time)
