N = 90
FROM solution: 0 38 2 18 32 76 41 70 8 67 56 11 40 55 59 6 53 16 34 20 50 54 65 68 46 25 12 24 87 61 27 60 29 5 4 57 22 37 79 23 83 58 72 52 88 71 15 36 48 42 13 69 31 17 89 14 78 84 39 30 43 66 1 63 26 9 80 33 64 51 21 45 44 73 7 75 19 62 81 74 3 10 28 77 35 85 86 82 49 47 0 (value : 5302)
TO   solution: 0 9 74 12 60 22 73 63 77 56 49 71 14 40 25 38 41 83 61 55 66 39 27 53 34 35 70 13 28 10 64 80 44 32 36 65 79 24 23 72 20 50 33 51 85 78 17 68 6 47 26 67 30 37 59 7 69 19 21 62 75 76 87 57 84 31 18 16 54 89 8 81 2 11 48 4 45 29 43 3 86 1 5 82 58 88 52 42 15 46 0 (value : 836)
in 0.00342 seconds (chrono time)
FROM solution: 0 1 61 29 33 67 5 7 53 11 24 14 80 63 87 89 16 3 85 19 20 70 22 72 8 25 26 73 59 38 46 21 55 75 28 71 51 37 36 35 40 65 42 2 44 34 88 47 39 58 18 4 52 15 82 79 30 23 83 31 60 76 62 27 66 10 45 41 49 84 69 57 64 54 56 43 68 77 78 9 12 81 17 74 6 32 86 13 50 48 0 (value : 5408)
TO   solution: 0 7 37 4 84 65 21 38 28 1 72 79 27 50 29 85 62 26 10 64 23 87 5 59 2 69 53 20 83 14 77 68 67 81 19 41 44 80 40 73 70 30 11 22 25 18 12 86 82 43 35 57 46 55 33 75 47 31 42 45 71 51 88 39 6 66 34 48 61 56 60 74 17 32 16 76 3 8 15 54 63 49 9 13 78 24 36 89 52 58 0 (value : 896)
in 0.002914 seconds (chrono time)
FROM solution: 0 1 85 72 78 71 22 49 57 23 29 45 25 11 46 2 74 17 10 19 41 80 56 20 24 84 69 86 83 18 7 53 88 33 13 62 31 38 64 39 60 35 61 43 44 58 8 6 75 15 51 9 70 3 65 79 67 82 32 59 73 27 87 89 26 30 68 36 21 54 77 12 37 14 16 48 66 52 76 42 47 81 4 28 40 5 34 55 50 63 0 (value : 5340)
TO   solution: 0 37 17 84 31 68 59 6 32 80 45 5 25 72 64 51 87 11 3 70 88 65 42 4 10 63 56 81 38 52 60 49 74 54 62 61 34 13 36 46 75 26 30 82 83 39 1 12 9 78 22 85 48 53 28 50 44 77 35 76 86 14 41 8 15 58 16 19 43 71 89 29 40 2 67 7 27 33 24 23 21 73 66 69 57 47 18 20 79 55 0 (value : 884)
in 0.003334 seconds (chrono time)
FROM solution: 0 62 72 33 15 24 16 21 87 82 10 42 12 8 49 31 83 17 86 50 3 18 22 63 9 5 77 38 35 59 19 46 54 79 56 28 55 58 11 85 14 2 20 76 26 45 66 4 48 40 39 57 52 74 47 70 64 27 36 7 68 75 37 73 41 65 84 30 29 69 1 71 13 34 53 61 6 25 60 67 80 23 32 44 81 51 89 43 88 78 0 (value : 5892)
TO   solution: 0 47 20 72 25 13 17 67 36 41 30 19 28 53 77 50 33 34 84 74 76 48 4 43 18 60 63 27 37 38 6 52 81 2 29 46 85 70 3 39 42 59 79 78 24 57 86 31 8 12 58 26 51 68 73 22 83 5 7 1 21 35 14 54 87 64 45 56 44 61 10 89 88 71 9 62 15 40 16 65 80 69 32 23 75 66 55 49 82 11 0 (value : 912)
in 0.00286 seconds (chrono time)
FROM solution: 0 56 3 11 63 18 14 76 8 70 62 29 17 53 52 75 77 35 41 43 73 21 45 25 49 72 85 32 34 46 47 87 1 2 28 69 9 82 31 54 40 20 88 84 79 24 19 38 48 33 6 51 39 13 50 55 65 58 22 67 30 61 86 4 37 10 57 42 5 83 16 81 68 12 59 23 36 66 78 44 64 71 26 27 15 80 7 60 74 89 0 (value : 5544)
TO   solution: 0 47 72 67 28 27 4 44 74 24 5 40 38 43 82 16 30 6 76 26 19 7 18 8 45 78 58 73 80 33 71 41 79 52 36 85 31 3 88 57 61 53 42 14 69 68 2 12 13 62 70 23 65 15 60 32 50 17 63 34 29 10 56 20 87 66 83 37 9 25 86 49 22 48 89 1 11 81 77 54 51 39 64 84 55 21 59 35 46 75 0 (value : 882)
in 0.005832 seconds (chrono time)
FROM solution: 0 87 37 22 53 19 61 13 80 14 10 30 17 34 26 50 69 52 60 44 16 83 57 89 79 74 1 9 25 6 38 42 35 33 81 32 36 78 48 18 12 29 72 46 64 28 68 39 85 40 2 75 66 20 54 77 56 82 58 41 15 59 62 84 51 5 73 67 31 63 70 7 21 8 3 55 76 43 4 45 11 65 49 71 23 47 86 24 88 27 0 (value : 5812)
TO   solution: 0 53 1 32 26 30 28 68 45 82 83 59 69 7 12 44 70 86 39 56 78 31 76 89 13 55 40 58 16 15 10 46 64 50 21 72 71 34 8 79 52 2 51 80 35 18 65 47 84 29 14 41 3 24 38 62 6 66 61 85 11 22 75 4 67 49 42 54 63 87 74 27 37 25 19 73 33 57 9 60 5 81 20 36 43 17 77 88 23 48 0 (value : 880)
in 0.002892 seconds (chrono time)
FROM solution: 0 86 78 52 51 5 36 67 1 11 10 74 89 58 88 16 15 80 47 26 87 70 60 19 30 25 63 38 28 29 49 75 56 32 33 84 40 68 22 81 21 59 39 43 23 20 31 53 48 24 50 34 46 12 54 27 7 85 13 57 8 14 62 55 64 4 72 65 37 17 6 71 66 35 77 44 76 41 61 9 18 73 82 83 42 3 2 45 79 69 0 (value : 5176)
TO   solution: 0 15 62 89 24 42 12 87 43 10 69 19 29 7 78 59 71 32 74 56 1 51 8 36 2 75 38 39 3 70 14 60 85 21 20 27 18 84 9 45 57 77 30 46 16 5 6 83 11 55 47 52 76 79 22 61 4 68 26 17 35 13 49 66 34 81 86 82 37 48 58 41 50 64 88 53 73 33 63 67 25 65 31 40 23 72 28 44 80 54 0 (value : 864)
in 0.002892 seconds (chrono time)
FROM solution: 0 66 2 3 84 11 37 61 21 9 30 83 45 13 40 51 10 80 22 43 88 73 57 32 24 67 78 42 31 56 71 75 55 86 74 53 70 39 60 54 68 69 12 62 44 64 33 28 82 49 50 15 17 65 19 1 4 89 7 14 6 77 8 63 35 48 5 81 52 47 59 46 72 34 18 16 76 87 25 58 41 26 27 79 36 85 38 29 20 23 0 (value : 5818)
TO   solution: 0 34 61 32 20 60 63 42 16 25 85 4 74 14 2 67 45 51 81 3 65 48 71 1 7 5 11 52 40 39 9 15 80 87 53 43 79 57 76 21 47 10 26 58 62 89 19 49 28 33 66 55 41 86 17 64 84 31 83 8 70 24 37 82 59 36 35 29 77 68 18 69 56 50 54 88 23 73 38 75 46 22 44 6 27 13 72 78 12 30 0 (value : 898)
in 0.00285 seconds (chrono time)
FROM solution: 0 57 68 23 4 5 19 7 35 47 61 3 59 73 6 48 25 18 56 14 20 36 55 16 84 41 87 45 32 27 2 31 76 22 71 11 24 42 38 39 83 75 53 43 58 54 15 30 46 33 74 88 82 62 26 77 67 60 44 66 1 12 17 51 72 70 49 9 8 13 37 78 64 69 52 65 40 21 63 79 50 81 89 10 29 85 86 28 80 34 0 (value : 5648)
TO   solution: 0 86 42 30 33 71 43 74 15 84 47 7 44 32 58 39 46 34 63 38 85 66 1 20 67 41 27 13 16 10 59 88 5 26 25 3 87 76 56 54 4 52 2 17 70 51 89 28 45 6 24 35 64 36 68 21 19 77 57 65 78 73 40 62 48 72 11 80 50 75 8 55 23 49 60 81 14 61 79 31 69 22 37 18 83 9 53 29 82 12 0 (value : 902)
in 0.002823 seconds (chrono time)
FROM solution: 0 32 41 3 77 89 1 15 38 35 84 9 25 49 43 50 30 63 70 5 33 29 64 23 47 12 40 2 22 67 65 85 6 20 34 80 82 61 8 39 42 17 31 13 79 53 44 83 66 4 18 51 62 46 76 24 74 36 58 56 86 81 57 26 37 45 88 14 10 11 59 75 72 87 28 48 78 60 16 54 55 69 52 7 71 21 19 73 27 68 0 (value : 5206)
TO   solution: 0 76 80 13 89 83 55 42 53 27 82 21 67 57 20 28 17 26 73 75 40 33 44 15 7 23 46 1 30 77 66 62 86 72 59 22 32 37 5 64 68 65 41 34 79 4 3 39 85 10 48 2 38 8 60 84 9 11 18 88 51 31 19 58 24 50 29 69 36 52 49 56 87 12 74 78 61 47 54 35 43 45 25 14 81 16 70 63 71 6 0 (value : 884)
in 0.005412 seconds (chrono time)
