N = 60
FROM solution: 0 15 1 23 41 25 35 55 9 54 43 6 10 58 42 36 52 21 13 29 16 19 59 11 24 5 48 4 20 53 30 3 18 37 34 51 14 33 32 31 38 50 8 17 44 12 46 56 7 49 22 27 28 2 26 45 40 47 57 39 0 (value : 2810)
TO   solution: 0 1 19 55 28 47 34 35 49 58 29 52 46 45 51 22 38 23 39 26 18 6 8 20 7 31 27 36 32 48 13 37 24 44 50 9 10 59 53 16 42 3 43 21 5 11 4 56 33 17 40 2 30 15 57 25 54 12 41 14 0 (value : 508)
in 0.000988 seconds (chrono time)
FROM solution: 0 3 36 6 35 25 43 7 13 18 19 11 15 58 42 38 54 4 53 24 28 21 12 23 46 47 44 32 20 48 2 16 57 9 34 55 1 37 50 45 52 39 17 22 8 29 26 27 49 31 10 14 41 51 56 30 5 40 33 59 0 (value : 2336)
TO   solution: 0 58 28 44 26 15 46 20 57 51 53 34 4 36 5 40 3 41 14 9 2 6 19 17 43 37 45 12 8 42 39 47 10 21 13 22 55 23 32 7 35 1 52 11 33 27 48 54 30 50 25 16 18 49 56 24 38 29 59 31 0 (value : 458)
in 0.001761 seconds (chrono time)
FROM solution: 0 36 10 3 47 8 23 49 28 4 54 11 57 59 14 24 16 32 18 37 40 20 22 12 27 6 50 43 15 5 17 7 31 41 33 21 29 9 30 45 56 34 1 39 44 35 2 55 46 58 13 51 52 53 48 26 42 19 25 38 0 (value : 2460)
TO   solution: 0 57 16 58 14 26 28 45 38 31 13 33 23 9 15 2 50 4 47 54 5 3 22 36 44 43 18 24 56 42 10 35 37 20 19 53 32 17 11 25 6 12 21 39 41 51 59 49 46 40 55 29 34 30 27 1 8 7 48 52 0 (value : 518)
in 0.00097 seconds (chrono time)
FROM solution: 0 43 24 58 35 36 11 53 8 7 10 48 39 1 37 38 33 9 5 59 27 12 49 23 2 14 26 16 47 55 45 15 17 42 19 22 18 51 28 31 40 41 29 6 13 44 4 25 56 34 54 50 30 21 20 32 52 46 3 57 0 (value : 2398)
TO   solution: 0 3 47 39 2 58 23 22 40 57 10 1 20 25 17 44 28 34 7 51 24 32 53 5 59 52 19 36 30 46 21 49 31 8 45 27 33 56 14 43 35 48 11 13 50 54 16 9 29 38 4 15 41 37 6 42 12 18 26 55 0 (value : 470)
in 0.00097 seconds (chrono time)
FROM solution: 0 4 28 24 12 55 7 20 32 39 10 53 21 42 40 25 22 46 41 38 51 1 49 6 18 33 26 16 54 45 36 50 23 57 5 35 30 37 29 3 19 15 2 17 14 11 13 27 43 52 34 44 8 48 47 9 56 31 58 59 0 (value : 2396)
TO   solution: 0 9 23 26 10 49 48 35 30 25 46 36 41 2 33 37 6 31 59 38 7 39 21 20 24 8 17 3 51 18 19 54 43 4 45 44 50 57 27 52 16 56 32 55 34 15 5 58 47 12 1 42 29 28 13 11 14 22 53 40 0 (value : 472)
in 0.000976 seconds (chrono time)
FROM solution: 0 56 26 58 6 39 47 43 8 9 57 41 42 7 54 30 38 16 52 15 20 12 18 21 31 25 34 33 49 51 19 27 14 28 37 24 2 29 23 32 17 40 36 48 44 35 53 45 3 5 4 22 11 46 50 55 13 10 1 59 0 (value : 2232)
TO   solution: 0 40 39 46 3 55 28 45 53 8 4 5 48 37 32 20 11 15 57 51 10 6 16 27 35 22 2 23 26 21 52 14 18 44 29 31 9 30 17 36 13 19 24 59 25 42 7 58 41 54 1 50 38 56 34 47 43 49 12 33 0 (value : 478)
in 0.000983 seconds (chrono time)
FROM solution: 0 31 16 55 4 19 37 30 38 25 41 11 7 3 10 46 48 17 27 29 14 1 42 35 24 21 32 33 59 23 18 8 40 53 34 5 58 36 22 51 43 20 52 56 15 44 54 26 47 13 6 57 45 50 12 28 49 2 39 9 0 (value : 2348)
TO   solution: 0 1 59 9 54 6 55 4 38 40 25 43 45 52 12 14 10 30 3 16 42 7 17 27 37 34 18 48 35 20 33 49 56 39 11 19 2 46 24 57 53 47 51 44 8 22 5 32 23 13 41 50 28 26 15 58 21 31 29 36 0 (value : 492)
in 0.000963 seconds (chrono time)
FROM solution: 0 1 9 5 59 18 20 45 14 13 43 53 29 28 32 15 35 4 39 56 48 25 57 42 24 33 40 30 44 26 27 6 12 50 58 46 36 37 8 51 17 41 55 16 2 52 10 47 34 49 19 22 54 3 21 31 23 38 7 11 0 (value : 2568)
TO   solution: 0 13 57 51 47 41 20 29 10 24 9 43 32 22 59 27 23 50 34 38 11 58 19 33 26 1 8 25 16 30 48 54 37 17 4 3 18 12 28 7 53 21 35 46 40 5 44 42 39 2 49 52 36 15 31 55 6 45 56 14 0 (value : 488)
in 0.000951 seconds (chrono time)
FROM solution: 0 53 49 56 32 10 45 1 34 5 4 2 50 27 26 23 46 31 13 47 58 44 21 48 24 11 14 15 42 29 30 16 36 33 57 35 7 28 9 41 22 20 37 51 39 18 40 55 19 12 43 17 25 8 54 38 3 6 52 59 0 (value : 2264)
TO   solution: 0 21 46 38 36 18 25 27 3 54 22 44 42 13 41 6 7 29 31 28 59 53 2 4 52 23 11 45 17 12 49 40 14 37 51 15 10 58 35 9 20 24 8 19 57 26 33 16 30 56 48 1 50 43 5 34 47 55 39 32 0 (value : 512)
in 0.000922 seconds (chrono time)
FROM solution: 0 54 13 59 14 39 58 24 37 20 34 27 33 15 31 11 28 49 8 30 38 9 35 18 57 50 25 17 29 19 4 10 36 21 3 12 41 56 53 22 40 45 42 43 16 23 46 47 48 7 26 51 52 44 32 55 2 1 5 6 0 (value : 2328)
TO   solution: 0 54 24 41 52 35 12 7 46 56 17 3 31 45 50 40 38 10 57 33 20 37 11 28 6 44 8 16 30 55 53 49 59 1 23 39 47 32 34 19 26 36 43 4 42 27 21 48 5 22 15 25 2 51 14 29 9 13 18 58 0 (value : 490)
in 0.000933 seconds (chrono time)
FROM solution: 0 42 2 41 17 5 59 49 3 44 57 8 12 22 11 13 20 9 23 50 25 6 15 14 28 55 29 18 26 30 37 31 19 33 38 51 56 35 34 39 40 58 32 24 7 45 53 54 48 52 43 21 1 47 10 46 36 4 16 27 0 (value : 2578)
TO   solution: 0 31 37 48 16 47 17 21 19 26 58 2 13 4 43 30 24 32 54 23 42 27 11 36 5 35 41 28 52 45 8 7 15 29 57 3 38 40 51 53 9 10 22 14 1 20 25 49 18 46 56 39 50 59 55 34 12 44 6 33 0 (value : 504)
in 0.000847 seconds (chrono time)
FROM solution: 0 49 38 23 47 55 37 36 8 44 10 43 12 48 32 52 40 17 20 46 50 54 18 5 28 22 42 57 33 21 9 6 34 4 2 3 31 15 7 35 24 41 26 13 25 51 1 14 45 16 30 27 19 53 29 11 56 39 58 59 0 (value : 2292)
TO   solution: 0 1 17 31 34 54 56 28 27 23 45 44 12 41 19 5 10 35 57 16 21 32 58 53 39 47 30 42 18 38 6 43 33 40 9 26 52 24 22 2 13 59 51 11 37 36 55 25 29 46 48 20 50 49 14 3 7 8 15 4 0 (value : 454)
in 0.000872 seconds (chrono time)
FROM solution: 0 6 18 59 40 43 8 21 23 9 32 25 12 42 41 45 10 54 33 34 14 15 31 53 1 27 38 3 28 19 47 29 16 17 7 35 24 26 46 44 51 22 13 11 50 20 55 30 48 57 39 58 52 56 5 2 49 36 37 4 0 (value : 2382)
TO   solution: 0 57 9 8 30 27 4 47 10 52 38 39 49 11 24 45 2 23 18 59 31 7 21 3 36 43 6 46 32 22 50 20 19 51 35 25 28 34 58 29 42 14 13 26 5 33 16 44 55 15 12 53 41 54 1 17 56 48 37 40 0 (value : 442)
in 0.002434 seconds (chrono time)
FROM solution: 0 1 4 25 36 6 5 53 56 51 48 43 11 17 30 15 14 40 39 59 18 26 52 22 24 35 7 54 28 37 57 31 47 2 34 41 32 29 44 10 16 8 19 58 27 45 55 12 46 21 23 38 3 20 9 49 42 33 13 50 0 (value : 2362)
TO   solution: 0 59 30 28 10 32 13 14 44 46 55 2 22 3 57 36 29 34 45 50 39 47 48 18 4 53 54 24 26 42 52 8 51 6 17 20 1 11 12 31 43 21 41 56 58 5 7 15 37 38 23 49 35 27 9 25 16 33 40 19 0 (value : 466)
in 0.002005 seconds (chrono time)
FROM solution: 0 16 38 47 59 54 30 7 26 40 10 23 13 2 53 33 21 55 42 45 58 18 4 31 24 32 22 8 28 20 9 37 19 15 11 35 51 46 29 39 12 41 17 14 44 6 43 25 36 48 56 57 52 5 1 27 34 50 49 3 0 (value : 2674)
TO   solution: 0 58 53 24 12 7 6 20 28 49 18 30 17 48 45 50 44 52 55 51 25 2 41 57 36 23 54 31 39 5 19 14 32 22 21 26 46 10 35 37 27 9 38 13 42 59 11 29 8 1 16 33 3 34 4 47 40 43 15 56 0 (value : 486)
in 0.001509 seconds (chrono time)
FROM solution: 0 26 31 46 51 33 6 7 15 9 10 11 58 23 20 27 45 12 16 50 5 42 19 54 34 25 52 29 40 39 30 59 57 47 41 35 37 36 38 24 18 14 28 1 21 48 3 44 17 49 22 43 2 13 53 8 56 32 55 4 0 (value : 2376)
TO   solution: 0 55 34 11 25 1 10 17 43 18 33 6 38 16 13 47 27 21 8 35 12 15 54 36 7 53 24 4 52 46 22 48 59 58 31 9 29 40 42 3 19 2 23 56 37 57 49 20 44 45 41 28 5 39 51 30 14 32 50 26 0 (value : 498)
in 0.00083 seconds (chrono time)
FROM solution: 0 36 47 1 52 7 15 46 18 24 11 12 32 26 14 55 54 44 8 50 51 21 22 17 4 39 20 33 13 31 25 38 30 28 34 43 41 37 42 9 40 3 23 56 45 59 29 16 57 27 19 49 48 6 5 35 10 53 58 2 0 (value : 2216)
TO   solution: 0 55 53 47 27 34 8 56 48 17 36 16 26 20 25 42 7 29 46 10 21 24 3 54 5 13 31 44 30 15 32 12 4 38 57 45 6 35 39 41 51 28 50 9 43 18 37 33 2 59 23 11 49 22 58 40 14 19 52 1 0 (value : 456)
in 0.001891 seconds (chrono time)
FROM solution: 0 1 38 30 17 16 8 7 28 50 59 44 40 13 14 6 4 22 32 45 3 37 58 20 34 35 39 9 21 25 11 41 42 33 46 2 36 10 23 31 47 27 29 53 5 55 26 15 56 49 51 18 52 57 43 12 48 24 19 54 0 (value : 2548)
TO   solution: 0 26 3 1 24 38 29 47 45 25 50 43 57 15 30 12 51 6 21 9 33 49 36 22 20 46 28 55 44 42 54 37 14 27 48 31 41 52 23 35 17 10 39 53 56 11 7 8 5 4 2 34 58 59 40 18 19 32 13 16 0 (value : 514)
in 0.002704 seconds (chrono time)
FROM solution: 0 12 11 59 25 41 6 7 16 10 26 44 57 23 47 34 2 51 28 19 54 38 50 15 8 3 56 52 55 9 49 43 32 30 33 4 36 45 35 29 27 37 42 1 48 22 46 24 20 39 14 13 21 31 17 5 53 40 58 18 0 (value : 2390)
TO   solution: 0 11 44 33 1 53 57 23 9 31 45 26 28 25 29 48 22 56 58 54 16 36 21 51 20 55 7 27 41 42 15 52 8 40 12 37 38 24 14 10 3 30 50 17 39 2 34 32 13 5 35 47 46 59 49 19 43 6 4 18 0 (value : 510)
in 0.000941 seconds (chrono time)
FROM solution: 0 59 43 3 4 18 19 15 30 42 29 21 9 2 23 41 44 17 39 27 16 48 22 49 38 7 53 57 34 5 24 50 52 33 12 10 47 37 45 40 32 58 28 13 20 35 6 36 56 46 14 31 8 11 55 54 51 25 1 26 0 (value : 2336)
TO   solution: 0 29 42 5 23 11 56 39 31 46 27 17 32 8 40 12 21 14 58 52 4 57 28 59 24 13 7 22 25 49 20 36 48 43 3 33 41 2 44 16 55 53 6 54 45 47 1 30 50 18 9 10 37 51 26 35 19 15 38 34 0 (value : 528)
in 0.00191 seconds (chrono time)
FROM solution: 0 40 29 7 27 5 17 14 37 34 6 11 4 32 45 19 41 12 13 47 20 8 58 33 56 15 28 50 22 18 21 54 46 2 43 26 36 49 38 39 3 16 23 9 44 30 51 10 57 35 42 52 48 53 1 55 59 24 25 31 0 (value : 2540)
TO   solution: 0 41 47 43 58 11 2 36 40 50 23 44 7 4 1 5 49 12 10 37 3 6 21 26 39 30 57 38 54 28 35 14 45 29 20 31 55 42 22 9 56 48 24 59 27 33 53 8 19 46 16 25 17 51 32 18 52 13 34 15 0 (value : 498)
in 0.001976 seconds (chrono time)
FROM solution: 0 6 2 42 14 44 45 33 9 58 7 59 49 19 5 30 25 54 3 47 20 21 26 38 11 16 56 8 52 4 51 34 32 10 31 57 36 1 50 39 35 41 18 55 48 40 22 37 53 17 43 46 24 12 29 27 28 23 13 15 0 (value : 2392)
TO   solution: 0 1 6 24 45 38 17 36 44 13 57 15 47 34 43 58 21 48 51 30 39 11 2 31 59 19 40 26 27 56 16 12 9 41 28 54 33 53 5 49 3 35 32 37 14 22 46 42 52 23 8 20 18 25 7 10 29 55 4 50 0 (value : 496)
in 0.000852 seconds (chrono time)
FROM solution: 0 1 29 7 19 32 38 35 57 10 48 12 17 30 21 20 58 49 33 34 52 2 22 11 27 26 47 8 3 42 16 39 5 59 53 46 4 31 55 25 40 45 24 43 37 23 6 54 44 28 50 51 13 36 56 9 15 18 14 41 0 (value : 2586)
TO   solution: 0 49 34 51 20 48 13 54 37 40 23 26 2 56 58 42 3 1 24 38 47 52 50 10 55 39 6 44 41 32 35 43 21 19 9 46 59 25 53 7 36 33 18 8 57 28 29 14 16 11 30 12 4 5 15 31 27 22 17 45 0 (value : 488)
in 0.002929 seconds (chrono time)
FROM solution: 0 45 2 17 32 48 55 15 33 43 4 6 40 8 59 23 42 49 18 26 12 31 1 16 10 25 19 41 21 29 28 27 3 44 34 20 35 54 38 39 57 11 36 9 7 13 46 47 50 24 37 52 22 53 14 56 5 51 58 30 0 (value : 2366)
TO   solution: 0 25 11 4 50 56 18 45 9 51 17 8 43 7 53 49 22 1 15 55 39 37 23 36 32 52 28 12 58 16 35 31 40 44 38 30 26 2 34 20 46 3 10 33 21 47 59 42 57 29 27 14 48 13 6 41 5 19 24 54 0 (value : 468)
in 0.002167 seconds (chrono time)
FROM solution: 0 49 31 51 39 42 43 27 8 34 19 11 36 10 44 15 7 47 45 24 6 41 22 52 26 46 3 33 2 18 32 1 40 20 4 29 25 53 5 9 16 57 50 13 48 12 23 58 17 14 28 35 59 30 54 55 38 21 37 56 0 (value : 2456)
TO   solution: 0 14 36 41 26 9 28 27 39 31 5 52 40 12 59 21 42 30 32 16 45 51 55 6 56 38 49 53 50 8 47 2 25 17 46 10 20 23 19 33 35 48 15 29 24 11 4 18 34 57 22 37 54 13 44 3 58 1 43 7 0 (value : 456)
in 0.002087 seconds (chrono time)
FROM solution: 0 1 11 3 46 51 30 7 9 56 41 27 40 39 26 12 53 57 21 6 20 55 28 23 52 25 37 8 59 49 29 48 32 2 5 50 36 18 34 13 47 58 22 44 45 31 4 15 35 33 43 16 42 14 54 24 10 17 38 19 0 (value : 2728)
TO   solution: 0 32 24 45 41 50 55 18 59 38 7 43 31 30 27 56 29 17 26 21 39 57 42 3 46 5 2 33 34 25 22 15 4 19 6 37 48 11 14 51 58 52 1 40 20 28 23 9 53 13 54 12 49 8 10 44 36 16 47 35 0 (value : 518)
in 0.001981 seconds (chrono time)
FROM solution: 0 41 26 55 1 51 4 39 57 50 34 36 56 44 18 15 8 46 37 19 59 30 22 16 7 25 12 38 21 5 29 20 32 33 53 28 23 2 10 3 40 9 47 35 43 45 17 52 48 49 27 54 11 42 13 6 24 14 58 31 0 (value : 2264)
TO   solution: 0 51 26 46 33 16 27 55 59 1 5 52 37 4 11 23 13 47 18 31 56 22 30 32 15 40 24 12 28 50 42 14 7 34 29 49 17 53 57 58 45 43 19 39 44 48 6 9 20 38 54 2 10 41 3 8 25 21 35 36 0 (value : 448)
in 0.002084 seconds (chrono time)
FROM solution: 0 53 43 23 28 7 19 56 52 9 25 47 26 59 4 27 5 46 45 21 35 24 22 40 44 48 8 34 54 57 1 3 32 18 38 58 31 41 10 29 14 37 42 39 12 15 11 13 33 20 50 6 49 16 51 17 55 36 2 30 0 (value : 2428)
TO   solution: 0 10 32 5 59 33 28 31 14 6 26 52 7 47 55 48 29 54 40 20 50 45 58 57 37 8 17 30 16 36 11 38 23 13 42 2 25 21 46 1 53 9 56 4 43 35 19 18 41 12 24 3 15 44 51 39 22 49 27 34 0 (value : 482)
in 0.001944 seconds (chrono time)
FROM solution: 0 35 14 11 28 51 25 7 8 33 13 52 47 58 46 27 39 17 18 54 10 21 3 38 36 5 1 53 20 29 30 31 32 9 59 15 57 26 45 19 4 41 42 49 55 37 16 48 6 43 50 24 34 40 23 44 56 2 12 22 0 (value : 2302)
TO   solution: 0 11 58 55 14 31 15 19 25 10 18 8 37 17 21 28 29 39 12 3 24 57 44 4 22 56 40 1 30 53 54 27 48 2 46 47 45 7 49 42 26 33 16 5 43 9 32 59 6 34 41 52 50 20 36 38 13 23 35 51 0 (value : 466)
in 0.001946 seconds (chrono time)
FROM solution: 0 20 33 32 53 54 6 51 13 39 30 3 48 16 37 15 12 17 18 10 24 7 22 34 38 31 8 43 58 57 52 25 14 2 9 29 45 11 19 26 46 41 35 49 23 44 27 42 36 47 50 21 1 4 59 55 56 5 28 40 0 (value : 2490)
TO   solution: 0 25 12 59 37 7 52 51 9 32 16 29 34 46 22 49 26 24 4 43 23 30 19 28 13 15 6 42 53 41 18 14 45 57 36 10 21 3 56 47 35 20 5 48 17 55 39 50 33 8 40 54 44 27 1 38 58 31 11 2 0 (value : 438)
in 0.001813 seconds (chrono time)
