N = 70
FROM solution: 0 38 66 32 49 33 12 61 31 44 64 35 3 56 14 15 40 11 53 5 9 36 1 37 24 50 46 34 41 29 6 65 7 19 47 42 17 18 30 52 20 39 48 68 22 45 2 60 25 58 63 21 8 26 69 23 16 57 4 27 51 43 10 28 59 13 62 67 55 54 0 (value : 3344)
TO   solution: 0 35 34 21 52 56 23 49 69 33 43 8 37 29 30 60 50 48 65 7 13 61 9 62 18 58 20 67 11 39 57 10 54 59 14 25 12 31 27 24 40 55 45 46 68 42 2 66 15 36 63 53 19 41 6 4 26 64 44 5 3 51 47 1 17 32 28 16 22 38 0 (value : 592)
in 0.002707 seconds (chrono time)
FROM solution: 0 59 15 13 32 52 3 44 8 19 11 10 4 40 31 12 43 34 30 61 37 58 26 57 24 45 36 16 54 69 29 14 38 33 6 35 22 42 63 50 48 41 67 20 17 68 7 21 39 49 25 2 18 47 53 55 56 51 28 1 62 27 9 23 64 65 66 60 5 46 0 (value : 3208)
TO   solution: 0 13 15 31 57 6 64 18 4 35 60 40 41 54 47 55 12 37 16 58 49 21 30 67 39 10 22 5 44 43 52 27 32 29 19 8 20 59 65 61 24 63 62 42 2 50 38 36 53 56 1 17 34 23 7 28 45 66 51 11 9 14 25 26 69 33 46 48 68 3 0 (value : 622)
in 0.00187 seconds (chrono time)
FROM solution: 0 1 2 30 41 51 6 7 24 18 26 4 57 13 14 3 19 55 46 47 64 28 22 32 65 60 25 42 8 69 5 43 53 21 39 29 11 49 48 63 31 12 17 40 44 45 56 59 54 37 15 66 33 58 62 50 38 10 27 16 35 61 36 20 34 52 9 67 68 23 0 (value : 3200)
TO   solution: 0 5 46 32 60 6 26 7 12 50 52 17 49 34 65 14 9 54 13 27 35 16 18 43 45 68 63 36 11 20 3 30 66 47 69 19 21 42 56 29 48 2 4 22 38 10 40 44 24 28 8 33 58 31 55 57 41 62 1 25 39 53 59 61 23 51 64 37 15 67 0 (value : 596)
in 0.002673 seconds (chrono time)
FROM solution: 0 56 28 43 37 25 65 13 48 5 9 27 42 51 24 18 1 30 15 11 26 49 50 33 38 29 31 58 8 36 2 21 32 54 34 35 12 66 14 23 40 10 17 3 53 46 45 41 19 4 44 60 55 7 22 6 57 62 59 67 64 61 16 63 47 52 69 39 68 20 0 (value : 3460)
TO   solution: 0 44 15 29 7 21 46 30 1 49 57 39 52 3 67 10 51 35 13 8 50 9 14 65 66 28 54 34 27 60 22 61 12 2 20 48 37 19 63 36 43 16 33 24 47 45 62 56 11 41 69 31 32 18 40 6 64 58 68 59 26 53 5 23 4 55 38 17 25 42 0 (value : 606)
in 0.002895 seconds (chrono time)
FROM solution: 0 30 56 2 4 16 62 11 60 57 10 38 37 13 48 69 7 34 20 45 49 22 46 9 14 43 27 8 23 55 1 31 19 59 26 35 40 28 24 39 18 6 53 33 42 32 52 66 47 50 54 51 68 58 21 5 29 67 3 36 17 12 41 63 64 65 61 44 25 15 0 (value : 2786)
TO   solution: 0 57 54 18 62 11 21 45 26 9 7 19 48 27 37 20 29 49 24 4 13 40 41 44 60 1 67 63 25 55 52 12 39 64 35 3 68 65 2 51 61 32 30 31 50 22 56 23 34 66 38 36 8 59 33 5 28 43 14 6 17 69 47 53 15 58 42 16 10 46 0 (value : 616)
in 0.002029 seconds (chrono time)
FROM solution: 0 40 10 14 4 16 6 7 13 52 34 44 51 60 30 58 8 2 55 19 33 67 22 64 23 41 21 27 1 29 15 59 12 11 57 53 54 62 17 37 49 38 42 43 46 45 69 31 48 61 66 39 18 24 35 3 56 47 20 63 9 32 50 28 26 65 36 5 68 25 0 (value : 3286)
TO   solution: 0 59 31 35 51 18 49 24 52 26 67 28 46 64 2 39 60 29 58 48 45 32 20 10 15 3 22 44 21 63 7 50 55 16 4 47 17 25 38 13 34 65 69 11 14 5 37 9 68 56 36 30 8 61 66 57 54 53 27 23 42 6 12 62 33 1 19 41 40 43 0 (value : 666)
in 0.002664 seconds (chrono time)
FROM solution: 0 64 55 5 57 44 39 7 24 47 3 31 35 6 65 15 12 30 2 59 33 40 48 36 17 46 56 58 42 43 41 53 16 9 23 50 28 37 10 34 14 27 60 29 22 67 66 4 69 49 52 25 63 32 54 13 26 62 1 8 21 61 51 18 19 38 11 20 68 45 0 (value : 3044)
TO   solution: 0 12 6 28 26 21 33 10 23 38 67 32 8 18 3 48 56 4 64 20 68 66 36 49 57 37 19 35 46 13 45 25 31 9 5 55 40 11 17 27 7 65 53 1 22 58 29 60 62 34 44 14 39 30 42 41 2 61 24 15 51 54 63 59 52 47 69 50 16 43 0 (value : 592)
in 0.002558 seconds (chrono time)
FROM solution: 0 31 44 58 35 21 6 23 22 9 10 39 15 5 14 42 63 43 61 2 67 46 11 52 24 20 28 64 34 37 65 69 13 12 4 27 57 48 38 18 60 53 40 47 33 45 8 25 17 59 50 51 56 16 36 32 19 1 3 49 7 66 55 30 62 29 41 68 26 54 0 (value : 2978)
TO   solution: 0 10 60 69 55 34 30 61 41 25 22 48 15 47 62 13 54 35 51 52 3 40 1 31 53 9 11 43 6 67 27 56 4 32 16 49 14 38 63 33 20 2 68 65 44 58 50 23 19 21 26 18 37 42 24 29 5 45 28 17 39 8 12 59 64 66 7 36 46 57 0 (value : 590)
in 0.002641 seconds (chrono time)
FROM solution: 0 65 64 32 14 15 6 55 41 38 40 69 27 52 59 47 66 17 50 2 56 26 8 29 42 25 10 16 18 35 30 24 57 4 11 61 53 49 36 31 13 44 48 34 33 43 46 39 62 1 12 23 19 54 20 5 51 22 58 37 9 60 7 63 21 3 45 67 68 28 0 (value : 3542)
TO   solution: 0 14 17 23 15 11 20 8 21 49 29 56 22 44 28 10 3 12 45 63 39 43 41 7 66 35 48 32 47 55 2 30 38 69 54 65 34 9 33 57 18 37 27 19 5 13 24 53 60 68 46 61 64 26 42 25 36 6 67 62 16 40 1 59 50 31 51 52 4 58 0 (value : 652)
in 0.002558 seconds (chrono time)
FROM solution: 0 29 3 33 4 5 52 10 63 24 17 43 69 36 46 9 59 19 32 62 20 21 8 51 67 25 11 37 47 2 40 55 35 68 1 22 64 23 38 66 42 58 16 34 44 31 54 12 48 49 60 28 39 53 6 14 56 57 50 45 26 61 30 7 41 65 13 15 18 27 0 (value : 3042)
TO   solution: 0 23 54 40 32 57 8 44 47 2 33 46 59 24 11 49 63 3 60 43 42 35 31 65 19 29 67 41 1 10 14 17 15 51 68 58 26 62 52 50 28 22 6 69 5 21 45 4 36 48 20 9 7 53 34 18 13 55 30 16 27 39 25 61 64 56 12 38 37 66 0 (value : 570)
in 0.003108 seconds (chrono time)
FROM solution: 0 40 2 12 68 10 34 7 49 9 39 41 46 22 59 27 61 18 57 14 53 8 43 23 13 25 24 15 62 42 21 69 32 33 47 63 36 37 4 3 52 19 50 26 11 30 44 65 48 29 16 51 35 20 67 56 55 6 28 58 66 31 17 45 64 5 38 1 60 54 0 (value : 3094)
TO   solution: 0 17 58 13 48 39 31 36 21 35 18 10 7 45 29 12 15 27 34 32 33 55 2 26 60 64 47 68 61 14 41 11 46 63 38 23 28 42 49 53 56 44 1 5 9 30 59 19 50 51 16 66 57 24 67 3 4 25 40 37 6 20 65 43 52 8 22 54 62 69 0 (value : 648)
in 0.002767 seconds (chrono time)
FROM solution: 0 1 33 19 4 68 38 48 46 62 41 11 9 13 45 53 43 21 27 3 20 10 26 7 50 34 56 67 15 12 23 47 28 24 2 35 36 8 18 66 40 14 16 29 32 30 17 55 54 58 6 51 64 25 37 52 42 39 57 65 60 61 22 59 63 44 49 31 5 69 0 (value : 3136)
TO   solution: 0 21 51 64 42 50 2 37 48 44 10 33 35 58 12 61 56 11 20 53 13 25 29 36 16 30 22 27 65 41 55 68 49 23 60 8 52 47 7 38 57 63 5 4 9 59 19 45 43 66 28 26 17 31 18 6 40 62 1 54 46 32 34 39 69 15 67 14 24 3 0 (value : 572)
in 0.00269 seconds (chrono time)
FROM solution: 0 47 30 7 53 21 61 42 17 6 63 57 31 46 22 15 45 60 18 19 58 33 27 23 28 14 13 68 51 69 67 12 54 65 40 29 36 10 43 50 48 44 3 38 4 41 62 32 20 49 56 35 37 26 9 59 25 55 24 52 39 34 8 16 11 2 66 64 5 1 0 (value : 2894)
TO   solution: 0 26 57 43 37 34 15 53 63 27 18 23 54 8 46 58 47 67 11 28 55 5 24 64 50 6 38 30 33 56 49 35 19 44 69 16 1 62 10 20 61 14 4 3 13 7 48 32 68 51 65 21 25 17 42 29 2 36 59 60 22 66 41 40 39 31 45 52 9 12 0 (value : 612)
in 0.002617 seconds (chrono time)
FROM solution: 0 69 60 10 25 18 65 8 7 29 31 49 30 43 46 44 66 53 32 62 20 52 22 45 54 37 27 26 24 56 67 4 38 51 34 3 39 12 1 15 40 6 42 35 47 58 57 64 61 11 21 2 23 5 19 55 16 68 13 59 33 36 14 63 17 50 28 9 48 41 0 (value : 3130)
TO   solution: 0 65 40 36 28 63 17 39 46 33 56 24 21 15 35 25 34 60 59 69 12 42 64 37 27 2 50 52 43 45 4 20 38 32 16 11 31 48 29 26 67 18 14 9 58 57 23 41 7 51 1 5 30 22 66 8 44 3 54 19 6 61 68 53 49 62 55 47 10 13 0 (value : 618)
in 0.003177 seconds (chrono time)
FROM solution: 0 1 38 37 11 59 44 8 7 4 34 9 52 36 14 55 15 62 57 26 20 66 27 42 69 50 3 68 24 18 39 12 51 29 25 47 16 49 46 56 28 6 63 30 41 13 64 2 48 58 17 5 21 53 43 23 40 35 32 45 19 61 54 60 31 65 22 67 10 33 0 (value : 3426)
TO   solution: 0 10 33 31 12 19 50 69 7 3 32 21 14 39 25 62 55 13 59 35 60 49 5 37 54 43 15 34 52 38 26 2 4 51 24 1 42 17 29 28 16 18 23 40 11 8 56 41 30 48 27 63 65 20 67 47 58 44 9 36 66 61 45 64 46 6 53 57 22 68 0 (value : 594)
in 0.017627 seconds (chrono time)
FROM solution: 0 56 25 63 1 16 6 59 43 13 34 30 28 5 14 48 9 58 64 52 3 22 19 21 24 31 17 15 11 67 65 36 27 4 2 18 38 42 61 33 40 62 8 54 53 45 57 47 44 26 29 66 37 12 23 39 49 60 51 32 7 46 50 35 55 41 10 20 68 69 0 (value : 3720)
TO   solution: 0 20 39 65 7 68 5 22 50 4 36 13 38 54 18 52 14 42 25 26 11 59 51 45 40 16 21 12 69 41 53 31 58 48 61 43 28 27 63 37 55 33 46 24 56 30 32 66 64 49 15 17 57 9 6 2 34 8 10 23 60 19 67 1 62 44 47 35 29 3 0 (value : 654)
in 0.001343 seconds (chrono time)
FROM solution: 0 36 7 68 69 52 12 18 54 25 10 66 67 13 14 64 28 11 55 3 23 4 8 24 41 31 9 5 62 35 2 38 6 30 43 29 1 22 59 39 17 51 47 46 56 33 32 42 48 34 21 57 40 53 27 58 44 37 20 49 60 63 16 26 15 50 19 61 45 65 0 (value : 3094)
TO   solution: 0 10 67 41 53 51 55 33 26 35 65 58 25 1 9 24 27 36 46 63 48 59 56 32 34 38 45 20 39 42 18 3 28 69 19 13 54 61 17 12 6 60 11 16 15 64 37 31 23 49 29 2 68 22 5 7 62 52 66 40 43 4 8 50 57 21 47 14 44 30 0 (value : 576)
in 0.001316 seconds (chrono time)
FROM solution: 0 1 40 55 41 32 19 25 4 64 8 63 29 46 20 43 16 22 3 67 11 21 50 7 14 10 26 9 51 12 18 47 54 35 34 39 36 5 56 15 38 45 59 27 44 68 53 31 60 52 23 66 37 2 48 24 49 42 17 6 28 61 62 57 65 33 13 58 30 69 0 (value : 3194)
TO   solution: 0 57 56 13 22 27 9 5 21 37 20 30 40 63 34 29 50 11 24 61 48 31 44 23 35 2 15 38 54 8 66 36 33 62 64 69 1 43 55 45 65 19 12 10 4 47 51 49 46 52 67 6 18 32 41 42 25 17 14 39 58 16 59 28 60 53 68 7 3 26 0 (value : 634)
in 0.001455 seconds (chrono time)
FROM solution: 0 54 57 21 49 5 32 67 2 44 41 46 28 66 40 38 16 43 48 68 50 20 8 56 24 64 26 27 37 14 9 51 22 3 23 69 36 60 59 52 29 30 31 15 42 62 7 47 18 13 11 1 6 17 61 55 34 25 58 12 45 19 33 63 10 35 53 39 65 4 0 (value : 3320)
TO   solution: 0 11 65 4 40 53 3 33 18 13 49 28 48 64 45 50 69 60 56 42 43 63 20 51 37 41 7 67 2 52 38 15 29 21 19 27 35 32 57 39 26 17 23 30 31 16 46 47 58 12 59 24 55 25 34 6 9 14 5 1 68 62 36 61 66 22 44 54 10 8 0 (value : 612)
in 0.003091 seconds (chrono time)
FROM solution: 0 1 59 40 64 11 46 25 10 9 39 14 30 62 57 5 18 23 58 19 47 21 65 3 69 36 31 16 28 49 12 17 42 6 4 33 52 50 43 2 41 68 32 8 61 45 51 34 27 48 7 38 22 35 67 55 56 29 53 37 44 26 66 63 15 60 24 54 13 20 0 (value : 3114)
TO   solution: 0 51 44 30 65 28 12 49 11 52 50 38 45 54 16 56 34 60 19 47 67 42 7 15 21 63 24 62 37 58 20 5 9 61 53 4 57 3 48 2 1 8 40 55 26 64 13 23 59 36 41 46 27 43 32 31 10 68 29 35 14 25 66 6 22 18 69 17 33 39 0 (value : 624)
in 0.001371 seconds (chrono time)
FROM solution: 0 51 62 5 33 42 46 22 2 9 59 12 56 60 61 50 23 17 40 19 1 29 20 37 6 7 53 27 35 14 8 31 16 30 48 39 4 45 25 68 54 41 34 3 69 38 52 43 32 18 15 26 44 67 10 55 63 57 21 11 13 66 65 49 64 47 28 58 36 24 0 (value : 3338)
TO   solution: 0 38 13 45 23 2 55 52 22 57 20 33 19 46 69 5 18 67 21 27 15 24 39 59 40 36 41 66 50 4 7 34 26 58 6 1 11 49 61 32 30 10 17 51 63 54 65 48 28 42 31 8 68 62 16 47 64 14 60 43 35 37 25 9 53 29 12 56 3 44 0 (value : 596)
in 0.00137 seconds (chrono time)
FROM solution: 0 41 35 68 66 21 60 13 8 64 61 43 31 63 27 15 9 67 26 10 37 42 6 47 24 45 34 17 38 46 28 14 32 20 54 58 36 59 29 62 40 23 25 30 57 4 16 51 39 49 48 22 52 50 44 55 56 18 2 7 12 11 5 33 19 69 53 3 1 65 0 (value : 3584)
TO   solution: 0 27 55 33 1 26 7 54 53 56 18 46 31 15 34 47 69 5 22 37 59 61 23 20 16 19 28 63 50 49 51 6 9 25 41 3 4 66 36 65 29 35 2 68 45 67 30 43 32 21 40 8 44 62 12 11 14 48 57 60 52 13 10 38 58 17 42 24 64 39 0 (value : 608)
in 0.00137 seconds (chrono time)
FROM solution: 0 61 52 15 4 19 6 39 1 65 10 11 66 31 38 46 16 17 5 29 62 2 22 67 54 21 26 35 7 49 25 51 59 33 55 47 37 36 24 20 56 34 40 53 13 12 45 18 42 50 69 64 9 30 3 57 32 27 58 43 60 68 63 23 14 28 41 48 8 44 0 (value : 3088)
TO   solution: 0 10 6 18 30 37 24 4 26 49 47 46 16 27 31 52 58 59 8 7 35 48 50 3 15 14 57 34 51 60 64 68 1 23 21 66 36 38 13 32 63 62 54 40 53 44 19 11 22 65 9 2 39 41 56 17 29 12 28 20 42 55 33 5 43 25 45 69 67 61 0 (value : 674)
in 0.001509 seconds (chrono time)
FROM solution: 0 3 33 28 4 5 51 48 42 60 66 14 54 39 61 57 41 35 12 34 53 62 22 25 38 45 18 27 44 29 67 59 20 6 19 64 63 43 26 10 2 16 21 40 23 13 46 37 11 49 31 55 69 15 24 9 56 7 17 32 58 36 50 47 1 65 8 30 68 52 0 (value : 3086)
TO   solution: 0 28 13 53 25 6 62 48 11 9 16 40 18 21 1 59 2 32 50 26 63 7 3 31 23 5 38 68 36 42 10 58 45 69 22 55 35 56 27 49 60 39 52 64 19 4 20 34 47 30 46 29 8 65 14 37 15 33 61 44 12 66 51 41 43 67 57 24 54 17 0 (value : 668)
in 0.001377 seconds (chrono time)
FROM solution: 0 67 36 23 68 45 22 34 58 6 59 2 12 8 17 60 51 14 16 69 46 28 9 41 13 25 35 1 53 29 49 64 66 47 52 24 37 20 10 15 40 30 42 3 44 19 38 56 7 5 50 65 31 32 27 54 18 57 11 39 43 61 62 63 55 48 21 33 4 26 0 (value : 3026)
TO   solution: 0 47 68 8 9 5 60 54 42 2 15 53 55 10 25 32 30 61 67 64 24 12 1 6 48 4 44 28 41 26 11 3 23 57 36 33 20 17 38 45 62 49 21 34 18 27 43 19 22 65 59 46 69 13 56 31 40 37 52 66 35 16 63 29 50 51 58 39 7 14 0 (value : 602)
in 0.00134 seconds (chrono time)
FROM solution: 0 57 2 27 31 7 6 24 28 18 10 63 34 17 14 55 33 56 64 38 32 52 13 23 4 45 40 46 8 15 30 3 9 41 22 43 36 54 39 61 1 12 42 16 11 68 26 51 48 49 69 21 53 44 25 19 20 37 5 60 35 59 50 29 58 62 66 67 47 65 0 (value : 3144)
TO   solution: 0 56 50 69 11 57 40 44 9 32 31 16 61 47 25 23 49 35 64 10 52 46 30 33 27 1 68 66 6 58 3 19 65 24 36 21 41 7 29 54 53 15 17 48 28 51 5 67 12 13 38 55 22 42 18 14 45 8 26 60 37 20 34 39 43 63 2 4 59 62 0 (value : 610)
in 0.001399 seconds (chrono time)
FROM solution: 0 63 2 46 42 68 10 1 61 22 37 11 6 13 17 15 60 56 4 49 20 12 19 23 24 5 45 54 57 58 62 21 52 33 38 35 53 25 18 30 7 51 31 43 26 8 3 47 34 36 50 14 39 29 55 16 44 9 41 59 67 48 69 27 40 65 32 66 64 28 0 (value : 3358)
TO   solution: 0 34 6 57 32 5 46 56 30 14 29 31 17 16 40 55 10 13 39 67 15 26 43 45 50 69 23 12 25 61 1 24 52 37 42 4 66 47 27 65 64 8 21 59 3 51 7 11 48 33 54 20 35 44 68 36 63 9 22 58 28 49 53 19 60 62 18 2 41 38 0 (value : 616)
in 0.001452 seconds (chrono time)
FROM solution: 0 8 19 33 32 18 39 26 41 46 10 11 52 13 14 49 64 21 69 34 56 53 58 9 25 24 47 12 60 1 62 28 6 61 27 36 17 48 23 43 40 37 59 30 66 16 5 45 35 57 50 51 42 4 2 31 20 55 65 7 54 22 63 67 15 38 44 3 68 29 0 (value : 3156)
TO   solution: 0 53 30 56 37 51 43 17 42 23 16 61 7 69 19 6 59 33 52 55 15 35 2 46 21 13 63 29 57 48 41 32 65 12 67 20 60 40 11 68 44 49 27 28 5 31 39 50 18 22 3 36 25 8 64 54 38 1 10 62 45 47 24 9 14 58 66 34 26 4 0 (value : 566)
in 0.002219 seconds (chrono time)
FROM solution: 0 13 6 27 41 23 2 7 68 28 58 69 49 14 19 12 20 17 32 35 57 46 22 40 55 62 65 37 63 51 66 67 42 33 44 15 24 39 38 43 16 34 30 18 11 52 48 47 3 1 50 26 36 21 54 45 29 53 4 59 60 61 25 5 64 9 31 8 56 10 0 (value : 3282)
TO   solution: 0 31 30 61 65 53 43 28 22 26 3 40 4 25 33 69 29 19 2 48 67 62 60 59 54 9 18 52 21 68 13 7 24 57 8 63 32 46 12 44 50 58 38 10 11 35 6 66 17 56 15 55 37 39 64 51 23 45 42 14 34 41 5 36 47 20 1 16 49 27 0 (value : 598)
in 0.001306 seconds (chrono time)
FROM solution: 0 13 5 56 30 28 57 14 11 44 34 51 17 9 48 18 2 63 41 1 20 58 22 26 40 67 19 27 50 64 62 16 7 31 68 59 53 15 36 35 54 38 42 8 29 45 32 49 10 47 39 37 60 66 46 55 3 24 21 23 52 61 4 69 43 65 25 6 12 33 0 (value : 3560)
TO   solution: 0 45 54 11 5 28 2 59 61 24 49 56 48 67 14 52 57 19 55 26 60 8 16 1 53 3 4 21 37 36 64 27 17 20 33 9 15 50 7 32 63 35 31 34 29 40 6 23 66 30 38 44 68 65 69 58 22 25 62 51 43 18 39 46 13 42 12 10 47 41 0 (value : 586)
in 0.001349 seconds (chrono time)
