N = 40
FROM solution: 0 28 13 12 36 1 32 7 29 37 38 22 31 26 14 15 23 33 24 5 19 6 35 9 17 3 21 27 11 4 30 25 16 18 20 39 8 2 10 34 0 (value : 942)
TO   solution: 0 11 18 14 39 12 13 28 27 17 5 22 8 38 26 23 30 6 31 9 37 25 1 35 4 7 19 15 2 36 10 21 32 3 16 29 24 33 34 20 0 (value : 256)
in 0.000333 seconds (chrono time)
FROM solution: 0 27 7 24 4 17 6 34 26 9 10 5 1 11 36 14 18 13 31 19 32 28 22 15 30 16 8 20 33 2 3 21 39 35 38 23 25 37 29 12 0 (value : 1050)
TO   solution: 0 7 9 12 25 26 1 32 28 8 2 14 38 16 36 5 34 29 15 24 11 21 20 18 6 10 27 3 35 37 4 13 39 30 23 31 19 33 22 17 0 (value : 258)
in 0.000329 seconds (chrono time)
FROM solution: 0 26 5 25 17 22 6 18 14 19 28 4 36 3 38 27 16 15 2 24 20 34 11 23 8 39 1 9 10 30 33 37 13 21 29 35 12 7 32 31 0 (value : 984)
TO   solution: 0 22 15 21 12 26 18 8 23 27 2 34 19 6 36 3 14 9 38 29 17 32 39 11 30 28 31 1 24 25 4 7 16 33 10 13 35 20 5 37 0 (value : 242)
in 0.000332 seconds (chrono time)
FROM solution: 0 32 35 34 9 24 6 15 18 4 36 31 14 33 16 12 8 37 7 22 30 13 23 10 5 25 28 27 26 29 11 1 39 21 17 2 19 3 38 20 0 (value : 1074)
TO   solution: 0 1 29 31 11 4 33 38 26 37 8 9 10 13 7 12 20 30 21 27 3 39 19 34 14 16 23 36 25 22 35 24 17 32 2 28 6 5 15 18 0 (value : 276)
in 0.000349 seconds (chrono time)
FROM solution: 0 10 36 31 28 12 38 7 8 34 15 35 11 13 1 14 33 26 2 39 20 37 21 23 16 5 22 25 17 29 6 3 30 24 9 18 27 4 32 19 0 (value : 1058)
TO   solution: 0 31 21 35 7 15 4 17 9 18 22 32 39 1 11 2 34 29 10 36 12 37 20 25 27 3 19 24 28 30 5 38 16 33 14 6 8 23 13 26 0 (value : 260)
in 0.000336 seconds (chrono time)
FROM solution: 0 33 9 3 4 29 25 7 20 31 10 11 8 6 21 13 39 28 15 26 27 1 30 2 5 38 18 24 35 34 23 19 12 37 14 16 17 22 32 36 0 (value : 1004)
TO   solution: 0 33 2 1 21 35 27 4 29 23 17 37 30 6 24 28 9 32 3 34 38 16 5 14 11 22 10 18 15 26 36 7 39 31 19 20 12 13 8 25 0 (value : 244)
in 0.000358 seconds (chrono time)
FROM solution: 0 1 32 24 38 18 22 11 8 23 14 30 3 2 19 12 7 21 34 15 9 5 20 29 37 25 26 33 36 17 35 28 4 10 13 16 27 39 31 6 0 (value : 1016)
TO   solution: 0 27 6 15 2 21 19 30 31 36 13 10 7 3 24 14 4 17 33 5 26 29 23 39 8 32 22 11 16 20 25 12 18 1 9 38 37 28 34 35 0 (value : 272)
in 0.00031 seconds (chrono time)
FROM solution: 0 1 26 28 34 15 10 35 9 11 31 6 7 3 23 5 36 32 13 19 17 39 33 14 20 4 24 21 29 37 27 30 22 8 16 38 12 25 18 2 0 (value : 1086)
TO   solution: 0 34 29 30 13 21 39 37 31 35 2 27 15 14 32 33 8 6 7 23 19 18 9 1 17 26 12 20 22 36 5 3 38 4 11 28 16 25 24 10 0 (value : 264)
in 0.000353 seconds (chrono time)
FROM solution: 0 9 14 3 4 10 28 26 21 13 5 16 39 31 6 33 25 7 18 12 22 19 29 23 24 37 20 36 34 15 30 8 32 2 11 38 35 17 27 1 0 (value : 1130)
TO   solution: 0 30 3 37 33 22 38 39 27 34 26 2 5 4 23 10 17 19 8 21 1 29 12 16 6 25 32 36 14 13 28 11 18 35 15 31 9 7 20 24 0 (value : 252)
in 0.000316 seconds (chrono time)
FROM solution: 0 11 5 36 33 2 34 35 39 9 17 6 15 16 38 32 37 18 20 26 14 8 12 23 31 25 28 27 1 7 29 19 13 21 4 24 10 22 30 3 0 (value : 1086)
TO   solution: 0 7 3 15 19 27 1 32 38 8 11 21 6 29 22 37 28 10 34 14 33 25 35 18 16 30 23 5 17 13 24 4 9 12 2 26 36 31 20 39 0 (value : 260)
in 0.000308 seconds (chrono time)
FROM solution: 0 27 10 37 21 6 20 5 18 2 4 22 16 9 17 7 25 38 23 19 33 31 13 8 34 32 26 12 28 29 30 3 11 35 24 14 36 1 15 39 0 (value : 1200)
TO   solution: 0 13 26 34 3 28 11 2 36 23 39 18 16 31 19 25 17 10 24 30 5 37 22 32 1 38 7 27 21 33 29 14 35 15 20 4 8 12 6 9 0 (value : 232)
in 0.00031 seconds (chrono time)
FROM solution: 0 23 2 15 37 14 5 36 16 9 1 25 12 13 24 19 30 7 18 32 27 21 35 26 39 20 8 4 28 34 6 31 10 33 17 22 38 29 3 11 0 (value : 948)
TO   solution: 0 5 23 6 10 34 28 13 30 12 25 14 29 20 8 36 24 3 27 26 33 4 15 17 11 31 16 22 1 2 21 18 7 39 19 35 32 37 9 38 0 (value : 232)
in 0.000318 seconds (chrono time)
FROM solution: 0 1 6 30 18 22 33 7 14 8 25 11 38 9 36 39 16 34 15 37 20 21 24 23 29 2 13 12 4 3 31 17 32 27 28 5 19 10 26 35 0 (value : 922)
TO   solution: 0 35 39 19 25 34 11 1 13 10 20 9 5 38 22 15 36 29 28 12 8 23 6 33 21 30 3 18 7 14 24 2 26 4 31 16 17 32 27 37 0 (value : 244)
in 0.000337 seconds (chrono time)
FROM solution: 0 17 22 2 7 39 27 6 9 15 10 11 38 4 3 34 25 29 8 19 20 12 31 23 35 18 26 5 1 28 30 16 21 33 24 32 36 37 14 13 0 (value : 966)
TO   solution: 0 6 3 38 8 1 29 19 39 14 7 23 15 11 26 35 34 4 18 22 20 5 12 21 16 30 33 28 10 37 13 17 31 27 2 32 25 24 36 9 0 (value : 246)
in 0.000343 seconds (chrono time)
FROM solution: 0 8 10 13 39 1 11 7 15 24 25 29 18 6 5 14 31 20 28 3 27 32 33 26 16 12 4 23 21 37 30 17 19 38 34 35 9 22 36 2 0 (value : 1052)
TO   solution: 0 37 20 38 19 5 28 10 31 18 25 3 27 33 30 34 21 15 6 7 22 39 29 24 2 12 26 35 4 8 32 23 1 17 16 11 36 14 13 9 0 (value : 262)
in 0.000321 seconds (chrono time)
FROM solution: 0 2 9 22 1 38 19 7 6 21 10 39 4 35 16 15 28 14 23 25 11 20 17 3 8 18 26 27 34 13 36 29 32 5 30 12 24 31 33 37 0 (value : 1016)
TO   solution: 0 30 19 25 22 10 17 20 39 1 35 16 36 23 33 5 12 29 14 11 26 21 3 8 18 37 15 4 6 32 34 27 9 28 24 13 7 38 31 2 0 (value : 260)
in 0.000334 seconds (chrono time)
FROM solution: 0 20 25 19 4 8 36 35 28 16 26 33 5 23 32 21 12 7 24 30 13 15 22 38 39 2 10 1 18 29 17 31 9 11 34 14 3 6 27 37 0 (value : 1104)
TO   solution: 0 36 11 31 18 15 6 28 20 3 1 9 23 27 33 8 29 35 14 16 13 4 24 32 21 7 25 12 10 2 22 30 38 26 17 39 19 5 34 37 0 (value : 224)
in 0.000349 seconds (chrono time)
FROM solution: 0 13 5 1 4 2 9 7 8 33 11 32 29 17 14 15 19 39 37 16 36 21 22 10 24 25 3 38 28 18 12 27 23 30 34 20 6 35 26 31 0 (value : 914)
TO   solution: 0 8 28 7 6 36 31 35 24 2 15 11 22 4 10 29 32 34 19 17 5 9 1 13 26 33 37 38 14 39 21 3 12 20 16 18 30 27 23 25 0 (value : 246)
in 0.000335 seconds (chrono time)
FROM solution: 0 14 26 21 30 2 7 25 39 8 20 3 24 22 16 13 15 17 18 35 6 5 4 12 31 1 19 27 32 34 10 28 29 23 36 9 11 37 38 33 0 (value : 1050)
TO   solution: 0 33 36 3 26 19 12 1 15 34 6 9 30 2 14 24 20 8 11 25 35 28 29 37 23 4 38 16 7 31 13 39 17 21 32 27 18 5 22 10 0 (value : 260)
in 0.000318 seconds (chrono time)
FROM solution: 0 15 2 12 4 5 6 25 8 24 20 3 28 29 33 35 36 17 31 19 23 27 26 7 10 16 1 11 13 9 30 14 21 22 34 18 32 39 37 38 0 (value : 1206)
TO   solution: 0 13 9 8 36 37 29 31 2 10 23 24 12 6 38 22 28 33 27 1 26 35 17 15 11 5 4 14 25 39 19 7 3 34 18 30 20 16 21 32 0 (value : 268)
in 0.000323 seconds (chrono time)
FROM solution: 0 30 1 3 37 20 4 11 8 12 10 33 39 2 22 18 5 27 17 38 6 13 14 21 16 25 36 28 23 26 9 24 32 35 34 19 31 15 29 7 0 (value : 1086)
TO   solution: 0 28 33 7 3 4 31 30 15 17 36 34 10 8 38 32 39 25 29 13 16 18 37 21 14 35 22 5 24 19 23 12 11 26 9 6 2 1 27 20 0 (value : 232)
in 0.000319 seconds (chrono time)
FROM solution: 0 3 2 30 32 31 27 12 23 6 36 19 10 13 7 8 16 15 18 37 26 14 22 38 39 1 25 5 17 29 33 21 20 4 34 35 24 11 9 28 0 (value : 1044)
TO   solution: 0 27 16 28 17 26 24 19 29 34 14 35 31 22 38 18 6 21 1 12 39 8 36 11 3 2 10 37 5 4 9 15 13 25 7 30 23 32 33 20 0 (value : 254)
in 0.000331 seconds (chrono time)
FROM solution: 0 38 13 7 6 18 2 30 35 37 3 20 1 11 31 15 16 33 26 28 10 21 12 23 4 25 36 5 24 29 34 39 32 14 9 17 19 8 27 22 0 (value : 1126)
TO   solution: 0 28 9 10 1 29 8 4 5 13 19 33 20 17 6 26 18 35 2 16 34 21 27 22 11 14 3 37 39 23 30 31 24 38 7 25 36 12 15 32 0 (value : 230)
in 0.000327 seconds (chrono time)
FROM solution: 0 27 8 14 25 1 15 7 10 22 31 9 34 4 24 18 16 33 29 19 6 38 3 21 17 23 26 28 35 20 30 13 37 11 5 12 36 32 2 39 0 (value : 932)
TO   solution: 0 2 15 32 11 18 27 37 20 29 35 8 6 9 19 22 38 17 34 7 12 14 33 26 10 16 13 25 21 28 30 3 39 4 1 31 23 36 24 5 0 (value : 254)
in 0.000373 seconds (chrono time)
FROM solution: 0 7 11 5 33 2 8 6 28 23 29 1 12 35 17 15 38 24 16 37 20 21 27 30 3 31 14 10 36 22 26 34 25 13 18 4 39 19 9 32 0 (value : 1216)
TO   solution: 0 39 3 26 23 14 6 35 24 20 31 18 1 22 38 12 19 5 16 32 21 2 28 25 4 37 30 34 8 13 27 29 33 9 10 17 15 7 36 11 0 (value : 244)
in 0.000408 seconds (chrono time)
FROM solution: 0 22 3 35 29 18 13 19 8 30 24 11 31 6 14 2 12 37 26 32 10 20 23 38 36 16 1 7 25 4 21 28 34 33 15 9 27 17 5 39 0 (value : 1092)
TO   solution: 0 26 22 27 35 7 13 12 30 39 17 1 28 5 19 11 38 36 24 32 6 4 16 20 9 21 18 37 34 3 10 33 25 23 31 2 29 8 15 14 0 (value : 260)
in 0.000339 seconds (chrono time)
FROM solution: 0 17 10 18 31 32 14 12 21 36 2 15 27 13 39 20 22 1 26 35 29 23 30 4 16 25 24 5 28 34 6 3 8 19 9 33 37 7 38 11 0 (value : 922)
TO   solution: 0 28 22 15 39 24 27 34 13 8 33 17 1 4 3 14 29 37 2 36 20 6 25 16 32 11 9 30 21 12 10 26 23 35 19 7 38 31 5 18 0 (value : 250)
in 0.000332 seconds (chrono time)
FROM solution: 0 11 23 3 27 13 6 7 17 33 37 39 18 28 25 26 30 8 1 32 20 2 22 12 21 24 34 19 38 35 9 14 15 10 31 4 5 36 29 16 0 (value : 870)
TO   solution: 0 2 6 17 7 19 9 13 20 37 38 36 25 35 32 21 28 16 30 24 26 34 33 4 8 29 11 27 15 18 1 31 5 10 12 39 22 3 23 14 0 (value : 250)
in 0.000327 seconds (chrono time)
FROM solution: 0 2 33 18 14 35 30 11 32 9 13 26 28 7 16 15 34 6 4 1 20 19 27 24 3 29 22 12 21 37 5 10 8 31 17 38 36 23 39 25 0 (value : 1166)
TO   solution: 0 9 33 27 28 25 35 1 26 22 36 30 34 14 11 15 3 37 16 24 10 7 29 17 13 2 32 31 18 19 20 5 38 12 23 21 6 4 8 39 0 (value : 262)
in 0.000323 seconds (chrono time)
FROM solution: 0 12 10 38 29 5 4 14 32 19 17 30 6 28 37 27 16 8 31 15 18 1 22 20 13 35 9 33 21 26 34 39 7 36 11 23 3 24 25 2 0 (value : 984)
TO   solution: 0 3 10 29 18 24 19 2 8 13 32 6 5 14 28 21 23 11 31 38 7 27 16 1 34 17 35 37 22 30 25 39 36 26 12 9 33 20 15 4 0 (value : 244)
in 0.000327 seconds (chrono time)
