N = 30
FROM solution: 0 23 18 21 1 22 15 28 2 5 3 4 6 11 16 29 12 13 24 25 9 7 14 27 8 19 17 20 26 10 0 (value : 202)
TO   solution: 0 18 21 22 15 28 2 5 3 4 10 6 20 17 26 19 8 27 14 7 12 13 24 25 9 29 11 16 1 23 0 (value : 168)
in 0.00036 seconds (chrono time)
FROM solution: 0 10 3 2 21 27 25 1 24 12 16 23 22 19 5 28 20 26 9 4 18 8 13 7 17 29 11 14 15 6 0 (value : 216)
TO   solution: 0 15 25 1 24 16 12 23 22 6 19 5 28 20 26 9 18 4 8 13 7 17 11 29 14 21 27 2 3 10 0 (value : 160)
in 0.000546 seconds (chrono time)
FROM solution: 0 9 29 28 22 7 2 13 14 27 16 17 20 26 4 25 1 24 15 18 21 19 23 10 8 12 5 3 6 11 0 (value : 200)
TO   solution: 0 19 9 29 28 22 7 2 18 15 24 1 21 25 4 26 14 13 27 20 16 17 11 6 3 5 12 10 8 23 0 (value : 160)
in 0.00035 seconds (chrono time)
FROM solution: 0 22 5 13 6 26 3 24 17 4 27 25 9 12 8 1 10 28 11 23 2 21 7 19 20 15 16 18 29 14 0 (value : 214)
TO   solution: 0 15 20 19 7 21 2 14 29 1 10 28 11 23 16 18 26 3 24 17 8 9 12 25 27 4 6 13 5 22 0 (value : 162)
in 0.000376 seconds (chrono time)
FROM solution: 0 6 10 9 24 17 15 28 27 20 25 4 2 11 7 23 14 26 13 3 12 29 22 19 16 8 18 1 21 5 0 (value : 192)
TO   solution: 0 9 10 24 15 17 28 27 20 2 11 7 23 4 25 5 21 1 18 8 16 19 12 29 22 13 26 14 3 6 0 (value : 154)
in 0.000394 seconds (chrono time)
FROM solution: 0 21 13 22 19 9 20 1 3 15 12 16 11 23 8 2 29 5 7 17 24 27 25 28 26 6 10 18 4 14 0 (value : 206)
TO   solution: 0 21 10 18 4 28 25 6 27 26 7 17 24 5 29 2 8 23 11 16 12 15 3 1 20 9 14 22 19 13 0 (value : 166)
in 0.000383 seconds (chrono time)
FROM solution: 0 20 18 1 7 29 25 5 10 16 23 28 15 26 3 11 8 4 2 6 27 17 19 24 13 21 22 14 12 9 0 (value : 190)
TO   solution: 0 20 18 1 7 29 25 16 10 5 23 26 15 28 6 2 4 8 11 3 21 13 27 17 19 24 9 12 14 22 0 (value : 152)
in 0.00037 seconds (chrono time)
FROM solution: 0 25 19 3 23 14 2 18 27 4 13 10 15 1 20 9 11 21 7 22 12 5 16 28 24 26 17 6 29 8 0 (value : 208)
TO   solution: 0 6 17 26 24 28 16 5 12 7 22 9 20 1 15 10 13 8 4 21 11 29 27 18 23 14 2 19 3 25 0 (value : 172)
in 0.00035 seconds (chrono time)
FROM solution: 0 25 20 21 18 24 27 7 10 29 22 1 16 17 5 2 13 26 28 9 15 6 23 12 19 4 14 11 3 8 0 (value : 194)
TO   solution: 0 25 20 21 18 24 27 7 10 13 2 5 17 16 1 22 29 8 3 15 6 4 19 12 23 14 11 9 28 26 0 (value : 160)
in 0.00037 seconds (chrono time)
FROM solution: 0 28 7 27 25 4 20 26 3 10 2 16 6 29 18 8 19 14 1 12 5 23 9 15 21 22 11 24 17 13 0 (value : 202)
TO   solution: 0 5 13 12 1 28 7 27 15 26 20 4 25 21 22 11 24 17 3 10 2 16 6 29 18 14 19 8 9 23 0 (value : 164)
in 0.000394 seconds (chrono time)
FROM solution: 0 29 11 22 16 19 14 23 28 8 12 6 24 20 15 21 17 1 13 25 18 5 26 10 27 4 3 9 7 2 0 (value : 194)
TO   solution: 0 29 2 7 9 14 23 28 8 12 6 24 20 15 21 17 3 1 13 25 4 27 10 26 5 18 19 16 22 11 0 (value : 164)
in 0.000329 seconds (chrono time)
FROM solution: 0 28 12 25 13 1 7 4 17 8 19 11 26 3 21 9 15 24 20 5 2 16 23 14 10 18 29 27 22 6 0 (value : 184)
TO   solution: 0 12 25 13 1 6 29 18 27 22 10 14 23 16 2 5 20 24 15 9 21 3 17 8 19 11 26 4 7 28 0 (value : 164)
in 0.000359 seconds (chrono time)
FROM solution: 0 23 8 6 26 12 25 19 10 7 24 3 11 20 13 17 22 21 1 18 4 16 5 14 15 2 9 29 28 27 0 (value : 186)
TO   solution: 0 27 28 29 9 15 2 4 18 21 1 16 5 14 17 22 13 20 11 3 24 7 19 10 25 12 26 6 8 23 0 (value : 176)
in 0.000344 seconds (chrono time)
FROM solution: 0 6 1 15 11 7 3 22 10 28 25 12 18 9 8 4 14 24 17 29 5 20 26 23 19 13 21 16 2 27 0 (value : 232)
TO   solution: 0 6 1 15 11 7 2 3 22 10 28 25 12 18 27 4 8 9 16 21 13 24 14 5 29 17 20 19 23 26 0 (value : 170)
in 0.00038 seconds (chrono time)
FROM solution: 0 24 1 17 6 5 14 16 29 19 21 22 13 20 12 10 27 4 2 9 15 3 26 18 28 7 11 23 8 25 0 (value : 212)
TO   solution: 0 2 12 10 27 4 9 15 25 8 11 23 28 7 18 26 3 20 13 22 21 19 29 16 14 17 24 1 6 5 0 (value : 176)
in 0.000433 seconds (chrono time)
FROM solution: 0 16 17 18 3 2 29 11 1 24 20 6 26 27 19 21 9 22 14 15 4 5 13 25 7 28 10 23 8 12 0 (value : 162)
TO   solution: 0 16 17 6 26 27 19 21 9 22 14 15 4 5 13 25 7 28 10 23 8 12 18 3 2 29 11 1 24 20 0 (value : 146)
in 0.000378 seconds (chrono time)
FROM solution: 0 18 4 7 9 5 25 19 22 3 2 6 11 1 28 15 16 26 27 14 10 29 13 17 20 21 12 23 8 24 0 (value : 184)
TO   solution: 0 15 1 28 16 26 27 14 10 29 13 20 17 21 12 24 23 8 9 7 4 18 5 25 19 22 3 11 6 2 0 (value : 160)
in 0.000437 seconds (chrono time)
FROM solution: 0 3 29 22 21 16 9 6 7 27 19 24 4 26 17 14 18 11 1 5 10 2 8 25 20 12 23 15 13 28 0 (value : 218)
TO   solution: 0 10 5 1 28 17 26 11 18 14 16 9 6 7 27 19 24 4 20 25 13 15 23 12 8 2 21 22 29 3 0 (value : 170)
in 0.000379 seconds (chrono time)
FROM solution: 0 23 10 27 5 11 17 22 7 8 9 29 16 26 18 12 6 28 15 20 19 1 21 13 24 3 4 2 14 25 0 (value : 202)
TO   solution: 0 18 12 6 28 15 20 19 1 13 21 3 4 24 14 2 17 25 11 22 7 9 8 29 16 26 5 27 10 23 0 (value : 166)
in 0.000391 seconds (chrono time)
FROM solution: 0 19 23 10 26 28 3 18 22 14 2 13 20 8 24 25 4 29 21 12 27 1 9 5 15 17 11 16 6 7 0 (value : 184)
TO   solution: 0 19 23 5 9 1 27 12 21 29 4 25 24 8 20 13 2 14 22 18 16 15 17 11 6 7 3 28 26 10 0 (value : 164)
in 0.000381 seconds (chrono time)
FROM solution: 0 21 19 11 13 15 24 14 28 25 23 20 18 10 26 2 27 3 8 9 29 4 7 16 22 6 12 1 17 5 0 (value : 160)
TO   solution: 0 17 5 11 13 15 24 14 28 25 23 18 20 2 10 26 8 3 27 9 29 7 4 16 22 6 12 1 19 21 0 (value : 148)
in 0.000458 seconds (chrono time)
FROM solution: 0 4 24 8 15 16 28 10 20 3 29 21 12 2 7 1 25 23 17 6 14 26 18 5 27 19 9 22 13 11 0 (value : 188)
TO   solution: 0 24 4 8 15 10 28 16 20 11 13 22 9 19 27 6 14 26 18 5 17 23 25 1 7 2 12 21 29 3 0 (value : 164)
in 0.000384 seconds (chrono time)
FROM solution: 0 2 20 11 13 18 15 12 22 5 6 23 17 7 8 26 28 4 3 19 29 24 1 21 14 25 10 9 16 27 0 (value : 194)
TO   solution: 0 2 24 14 21 1 25 4 10 9 27 16 28 3 19 29 7 26 8 17 23 6 5 22 12 15 18 13 11 20 0 (value : 160)
in 0.000365 seconds (chrono time)
FROM solution: 0 27 19 15 9 7 18 4 28 16 26 11 22 13 8 24 10 5 23 29 3 25 6 12 21 2 17 1 14 20 0 (value : 256)
TO   solution: 0 14 27 7 9 18 11 26 16 28 4 22 13 8 24 20 10 5 23 29 17 3 25 6 12 21 2 1 15 19 0 (value : 174)
in 0.000368 seconds (chrono time)
FROM solution: 0 2 22 5 29 8 16 3 19 7 11 17 20 15 6 28 10 26 1 21 13 9 4 12 18 27 25 23 24 14 0 (value : 234)
TO   solution: 0 24 23 25 10 28 6 15 13 9 4 21 26 1 27 18 12 14 20 17 16 3 19 7 11 8 29 5 22 2 0 (value : 164)
in 0.000346 seconds (chrono time)
FROM solution: 0 2 28 27 7 6 1 23 19 5 10 14 16 25 24 8 11 15 18 20 29 22 9 13 4 21 26 3 12 17 0 (value : 168)
TO   solution: 0 2 28 26 21 4 13 9 18 15 20 29 22 11 8 24 25 16 14 10 5 19 23 1 6 7 3 12 17 27 0 (value : 162)
in 0.000427 seconds (chrono time)
FROM solution: 0 23 25 21 22 27 19 10 4 17 14 28 29 16 26 8 6 20 12 13 15 24 18 2 7 1 9 5 11 3 0 (value : 172)
TO   solution: 0 23 3 11 5 9 1 7 2 18 24 12 13 15 20 6 8 26 16 29 14 28 17 4 10 19 27 22 21 25 0 (value : 162)
in 0.000411 seconds (chrono time)
FROM solution: 0 19 6 27 5 11 2 22 26 10 25 9 21 7 4 14 3 18 15 20 24 28 1 16 13 8 17 12 23 29 0 (value : 200)
TO   solution: 0 19 6 27 5 11 29 23 12 17 8 25 10 9 21 7 4 3 14 18 15 20 13 16 1 28 24 26 22 2 0 (value : 160)
in 0.00033 seconds (chrono time)
FROM solution: 0 28 17 12 27 1 5 26 22 7 29 18 6 20 3 25 9 10 24 13 16 2 15 4 23 11 21 8 19 14 0 (value : 160)
TO   solution: 0 28 17 12 27 1 5 26 22 7 29 18 6 20 3 25 9 10 24 13 16 2 15 4 23 11 21 8 19 14 0 (value : 160)
in 0.000437 seconds (chrono time)
FROM solution: 0 23 2 9 29 11 4 13 14 8 10 12 15 1 5 24 25 16 18 28 21 7 27 22 3 20 26 19 6 17 0 (value : 212)
TO   solution: 0 16 18 28 21 7 27 6 17 22 3 20 26 19 1 15 5 24 25 10 8 14 13 12 4 11 29 9 2 23 0 (value : 164)
in 0.000494 seconds (chrono time)
