N = 30
FROM solution: 0 5 8 29 1 3 4 7 2 11 10 12 28 22 17 23 25 24 18 27 14 20 21 19 16 6 26 13 9 15 0 (value : 556)
TO   solution: 0 23 9 25 24 13 12 29 7 14 19 8 27 26 17 20 11 16 6 10 4 3 5 2 28 15 22 1 21 18 0 (value : 158)
in 0.000304 seconds (chrono time)
FROM solution: 0 1 22 3 7 14 6 16 2 26 10 13 12 18 4 11 28 8 20 17 21 19 27 29 24 23 25 5 9 15 0 (value : 586)
TO   solution: 0 7 13 8 18 4 9 26 20 28 5 19 6 22 23 12 16 17 29 11 24 1 25 27 14 21 2 3 10 15 0 (value : 160)
in 0.000305 seconds (chrono time)
FROM solution: 0 4 17 2 1 22 19 25 28 9 3 14 12 8 26 16 15 10 5 7 6 21 23 29 13 27 18 20 24 11 0 (value : 608)
TO   solution: 0 23 8 10 12 5 3 6 11 17 16 20 27 14 26 4 25 21 1 24 15 18 7 2 13 22 28 29 9 19 0 (value : 158)
in 0.000314 seconds (chrono time)
FROM solution: 0 21 14 24 9 15 3 1 5 27 25 26 13 11 29 12 2 7 6 19 8 16 22 10 23 17 20 4 28 18 0 (value : 604)
TO   solution: 0 15 20 19 7 21 2 14 29 23 11 28 10 1 8 12 9 25 27 4 17 24 3 26 18 16 22 5 6 13 0 (value : 160)
in 0.000332 seconds (chrono time)
FROM solution: 0 1 28 19 16 13 7 3 2 18 5 20 9 17 10 24 25 27 12 4 8 21 22 23 14 15 26 6 11 29 0 (value : 526)
TO   solution: 0 6 3 13 26 14 10 9 24 15 17 28 22 29 12 19 16 1 21 5 18 8 27 20 25 4 2 11 7 23 0 (value : 146)
in 0.000306 seconds (chrono time)
FROM solution: 0 15 2 3 13 24 5 7 29 9 27 14 12 8 25 18 16 10 23 26 20 4 11 22 28 1 6 17 19 21 0 (value : 556)
TO   solution: 0 13 19 22 14 9 20 1 3 15 12 8 2 29 16 11 23 5 24 17 7 26 25 6 27 28 4 18 10 21 0 (value : 166)
in 0.000426 seconds (chrono time)
FROM solution: 0 6 20 9 22 10 5 7 24 21 14 25 26 29 28 2 1 19 23 17 15 16 4 27 18 3 11 8 13 12 0 (value : 490)
TO   solution: 0 22 14 12 9 24 19 13 17 27 5 16 10 25 23 28 15 26 21 3 11 8 4 2 6 29 7 1 18 20 0 (value : 154)
in 0.000308 seconds (chrono time)
FROM solution: 0 1 28 9 20 10 6 19 15 18 21 22 12 23 14 29 26 11 13 5 16 17 8 3 7 24 25 27 2 4 0 (value : 578)
TO   solution: 0 25 3 19 2 14 23 18 27 8 13 10 15 4 21 29 11 9 1 20 22 7 12 5 16 28 24 26 17 6 0 (value : 178)
in 0.000423 seconds (chrono time)
FROM solution: 0 2 18 21 7 5 29 17 16 8 9 19 1 15 14 6 10 3 12 23 26 11 22 25 27 4 13 28 20 24 0 (value : 448)
TO   solution: 0 25 13 7 10 29 2 5 17 16 1 22 8 3 15 6 19 4 12 23 14 11 9 24 18 27 21 20 28 26 0 (value : 154)
in 0.000307 seconds (chrono time)
FROM solution: 0 16 6 23 4 5 29 27 1 11 10 12 22 13 26 15 21 17 19 20 9 3 14 7 18 24 8 25 28 2 0 (value : 528)
TO   solution: 0 23 9 15 27 7 28 14 19 8 18 29 6 16 2 10 3 17 24 11 26 20 4 25 21 22 13 5 12 1 0 (value : 166)
in 0.000238 seconds (chrono time)
FROM solution: 0 1 19 3 18 29 7 2 21 10 6 25 15 14 8 26 23 17 4 16 20 5 22 27 24 12 9 11 13 28 0 (value : 598)
TO   solution: 0 11 22 27 10 26 4 25 18 5 19 16 21 20 15 17 13 1 3 24 6 12 8 28 23 14 9 7 2 29 0 (value : 174)
in 0.000352 seconds (chrono time)
FROM solution: 0 14 22 20 16 5 6 11 17 9 10 1 23 18 3 15 7 28 4 26 2 21 12 13 27 25 24 19 8 29 0 (value : 568)
TO   solution: 0 12 25 13 6 1 7 4 17 14 23 10 18 29 27 22 16 2 5 20 24 15 9 21 3 8 19 11 26 28 0 (value : 174)
in 0.000357 seconds (chrono time)
FROM solution: 0 1 24 3 7 5 9 27 29 13 11 22 25 2 4 15 23 14 6 20 19 8 28 12 17 21 26 10 16 18 0 (value : 572)
TO   solution: 0 23 8 3 24 7 19 25 10 1 21 18 17 22 11 20 13 14 5 16 4 2 15 9 29 27 28 12 26 6 0 (value : 186)
in 0.000323 seconds (chrono time)
FROM solution: 0 7 9 10 8 5 21 6 2 24 27 3 12 20 1 28 11 23 18 19 17 14 25 13 22 15 26 4 16 29 0 (value : 590)
TO   solution: 0 26 23 19 20 24 14 17 29 5 4 8 27 18 28 25 12 9 16 2 3 22 10 7 11 15 21 13 1 6 0 (value : 174)
in 0.000165 seconds (chrono time)
FROM solution: 0 28 9 5 13 20 3 17 23 29 19 11 12 4 8 25 14 27 18 10 16 21 15 7 22 6 2 24 26 1 0 (value : 538)
TO   solution: 0 13 20 3 9 15 25 27 4 10 12 2 5 6 14 16 29 18 7 28 11 23 8 26 21 19 22 17 24 1 0 (value : 178)
in 0.000161 seconds (chrono time)
FROM solution: 0 19 2 3 9 24 16 1 18 21 10 17 25 5 14 4 6 20 15 11 8 23 28 29 26 12 7 22 27 13 0 (value : 530)
TO   solution: 0 16 17 6 26 27 19 21 9 4 15 22 14 10 23 8 12 18 3 2 5 25 13 7 28 29 11 1 24 20 0 (value : 150)
in 0.000158 seconds (chrono time)
FROM solution: 0 21 18 14 4 2 6 7 27 9 1 11 8 5 17 26 19 3 22 25 28 10 20 24 13 23 12 15 16 29 0 (value : 510)
TO   solution: 0 15 1 28 16 26 27 14 20 17 21 10 29 13 7 9 12 24 23 8 5 25 19 22 3 11 6 2 18 4 0 (value : 172)
in 0.000152 seconds (chrono time)
FROM solution: 0 19 6 3 16 23 18 4 8 15 17 11 29 7 25 9 1 20 2 14 28 21 10 22 24 12 27 5 26 13 0 (value : 618)
TO   solution: 0 3 29 22 21 2 8 13 15 23 12 25 20 19 24 4 27 7 6 9 16 14 18 11 17 26 28 1 5 10 0 (value : 170)
in 0.000166 seconds (chrono time)
FROM solution: 0 28 16 13 14 18 22 24 8 21 4 12 29 10 6 11 9 2 25 19 17 3 5 23 20 15 26 7 27 1 0 (value : 562)
TO   solution: 0 18 12 6 28 15 20 19 1 13 21 3 4 2 24 14 8 9 16 26 29 7 22 11 17 25 5 27 10 23 0 (value : 166)
in 0.000158 seconds (chrono time)
FROM solution: 0 19 18 24 4 16 6 13 29 9 10 11 25 20 14 7 15 12 21 22 23 26 5 3 2 1 8 27 28 17 0 (value : 434)
TO   solution: 0 19 23 10 26 28 3 7 6 11 17 16 15 18 14 22 4 25 24 29 27 12 21 1 8 20 9 5 13 2 0 (value : 162)
in 0.000181 seconds (chrono time)
FROM solution: 0 22 2 6 20 5 23 4 12 9 21 7 3 13 8 15 10 29 24 19 17 14 16 25 11 18 1 27 28 26 0 (value : 656)
TO   solution: 0 17 5 11 13 15 24 14 28 25 23 18 20 2 10 26 8 3 27 9 29 7 4 16 6 22 12 1 19 21 0 (value : 148)
in 0.000159 seconds (chrono time)
FROM solution: 0 6 2 3 20 24 26 12 28 14 11 9 22 13 4 19 25 27 10 17 18 8 23 29 7 16 5 15 1 21 0 (value : 638)
TO   solution: 0 21 12 2 7 1 25 23 17 5 18 6 14 26 22 13 11 9 27 19 29 3 20 28 16 10 15 8 4 24 0 (value : 166)
in 0.000165 seconds (chrono time)
FROM solution: 0 21 1 2 11 9 14 12 23 26 16 18 10 25 28 24 5 17 4 19 29 15 22 3 8 27 6 20 7 13 0 (value : 542)
TO   solution: 0 2 18 29 19 3 24 14 21 1 25 4 10 9 27 16 28 26 7 8 17 23 6 5 22 12 15 13 11 20 0 (value : 160)
in 0.000167 seconds (chrono time)
FROM solution: 0 7 25 28 23 5 9 26 24 15 22 16 12 13 20 19 11 18 2 6 3 17 14 1 8 4 10 27 21 29 0 (value : 598)
TO   solution: 0 27 19 9 7 18 11 26 16 28 4 22 13 8 24 20 10 5 23 29 17 2 3 25 6 12 21 1 15 14 0 (value : 174)
in 0.000161 seconds (chrono time)
FROM solution: 0 16 15 21 9 5 3 8 27 14 25 18 2 13 4 1 26 17 7 19 10 20 6 23 24 11 22 28 12 29 0 (value : 496)
TO   solution: 0 24 23 25 10 28 6 15 13 9 4 21 26 1 27 18 12 14 20 17 16 3 19 7 11 8 29 5 22 2 0 (value : 164)
in 0.000162 seconds (chrono time)
FROM solution: 0 20 19 28 11 5 12 29 26 13 9 22 6 17 23 27 7 21 25 2 1 10 16 24 8 18 4 15 3 14 0 (value : 590)
TO   solution: 0 2 28 26 21 7 6 1 5 19 23 4 13 9 18 15 20 29 22 11 8 24 25 16 14 10 3 12 17 27 0 (value : 160)
in 0.000161 seconds (chrono time)
FROM solution: 0 9 2 27 11 23 6 4 7 22 8 20 17 16 3 29 5 12 10 19 1 21 15 13 28 24 25 14 18 26 0 (value : 542)
TO   solution: 0 23 3 11 5 1 7 2 24 18 9 21 25 22 27 19 10 12 13 15 20 8 6 16 29 26 4 17 14 28 0 (value : 164)
in 0.000152 seconds (chrono time)
FROM solution: 0 1 25 16 20 5 7 24 19 9 2 14 22 3 4 27 10 17 18 8 15 21 28 23 13 6 26 29 11 12 0 (value : 624)
TO   solution: 0 19 5 6 27 1 16 13 20 15 24 7 4 3 14 18 21 9 10 26 28 2 22 25 8 17 12 23 29 11 0 (value : 160)
in 0.000165 seconds (chrono time)
FROM solution: 0 11 3 16 7 24 27 10 17 26 4 25 1 13 29 8 15 12 5 2 20 21 22 23 6 19 14 18 28 9 0 (value : 660)
TO   solution: 0 28 17 12 27 1 26 22 7 5 29 18 6 20 3 25 9 10 24 16 13 15 2 4 23 11 21 8 19 14 0 (value : 160)
in 0.000158 seconds (chrono time)
FROM solution: 0 24 1 3 17 4 15 22 20 12 8 26 14 16 18 2 19 9 10 28 13 21 5 6 23 29 11 27 7 25 0 (value : 516)
TO   solution: 0 18 16 8 10 25 24 5 15 1 19 26 20 22 3 6 17 27 7 21 28 2 23 9 29 11 4 12 13 14 0 (value : 164)
in 0.000152 seconds (chrono time)
