N = 50
FROM solution: 0 37 39 24 27 5 9 16 7 30 10 29 26 38 34 43 17 19 28 40 36 21 4 1 8 49 12 23 31 35 22 42 14 32 13 33 11 46 47 20 41 2 18 15 44 45 25 6 48 3 0 (value : 1522)
TO   solution: 0 20 16 28 40 31 26 42 32 18 23 24 4 14 1 38 5 8 15 17 3 34 19 21 25 30 44 46 6 33 13 11 49 36 37 9 22 27 7 47 45 41 35 2 10 43 29 39 12 48 0 (value : 352)
in 0.002013 seconds (chrono time)
FROM solution: 0 45 2 23 6 38 21 48 34 49 20 28 33 15 14 8 16 17 27 22 42 7 11 40 24 25 5 36 35 46 9 1 32 4 29 13 19 41 39 18 10 26 3 47 44 37 43 31 30 12 0 (value : 1678)
TO   solution: 0 5 35 7 46 4 8 24 10 17 45 40 41 1 31 18 16 33 32 42 47 44 49 48 21 3 29 2 11 19 39 22 25 9 20 15 34 28 30 23 26 27 37 38 36 6 43 14 12 13 0 (value : 340)
in 0.000618 seconds (chrono time)
FROM solution: 0 4 7 38 44 33 17 15 19 25 34 13 12 16 22 2 39 24 35 42 46 41 36 31 14 20 30 23 11 26 40 10 32 43 6 29 45 37 1 47 3 49 28 5 8 9 18 21 48 27 0 (value : 1678)
TO   solution: 0 27 46 26 6 47 10 33 25 31 36 44 41 34 45 40 17 23 12 48 28 37 16 21 2 5 11 8 49 20 30 39 35 9 32 13 29 38 43 7 42 14 1 19 18 3 22 15 24 4 0 (value : 358)
in 0.000618 seconds (chrono time)
FROM solution: 0 1 2 37 46 44 36 24 13 17 34 19 43 6 40 35 31 33 18 10 3 48 23 16 4 25 29 27 12 30 45 28 42 9 8 7 11 21 38 39 14 20 32 26 22 15 5 47 49 41 0 (value : 1554)
TO   solution: 0 17 44 16 47 27 29 41 5 31 4 3 46 14 15 19 35 26 38 30 22 36 21 34 7 39 28 25 49 40 8 18 24 11 43 37 12 32 6 45 33 10 20 23 48 13 1 2 42 9 0 (value : 364)
in 0.000559 seconds (chrono time)
FROM solution: 0 7 4 23 30 9 41 29 37 10 35 13 12 21 14 33 36 17 48 19 8 25 22 16 39 47 31 27 5 1 46 26 34 6 2 15 44 32 38 3 40 18 49 20 28 45 42 11 24 43 0 (value : 1712)
TO   solution: 0 37 16 38 22 40 47 20 21 4 41 19 25 17 10 48 7 31 30 44 49 9 13 39 6 27 2 8 3 12 34 42 32 29 14 45 36 35 15 26 18 43 23 11 1 5 24 33 28 46 0 (value : 366)
in 0.000793 seconds (chrono time)
FROM solution: 0 7 44 3 32 36 47 20 25 41 6 43 13 17 2 42 5 9 16 19 40 21 22 15 23 18 39 26 30 29 14 31 46 24 27 11 35 33 1 28 38 34 4 37 10 49 8 45 48 12 0 (value : 1728)
TO   solution: 0 31 38 30 22 13 1 25 8 41 17 16 47 2 33 26 20 27 21 43 32 48 12 37 9 42 18 35 3 23 19 45 34 14 29 4 7 46 39 40 36 49 10 15 44 5 6 28 11 24 0 (value : 370)
in 0.000608 seconds (chrono time)
FROM solution: 0 40 8 44 4 1 18 7 42 11 15 24 25 13 23 21 16 39 22 5 19 29 27 14 6 28 43 2 36 32 45 38 46 31 34 35 30 20 10 26 17 3 12 41 33 37 9 47 48 49 0 (value : 1622)
TO   solution: 0 22 36 37 34 33 1 14 45 2 31 15 11 19 29 6 32 12 20 8 49 9 23 42 46 5 16 28 17 41 39 26 25 7 43 30 10 40 21 4 48 44 47 27 38 3 13 18 24 35 0 (value : 350)
in 0.000586 seconds (chrono time)
FROM solution: 0 3 4 9 41 38 44 7 45 1 5 30 17 32 25 26 16 49 47 2 24 14 39 37 20 31 18 27 34 29 11 13 12 33 19 35 42 22 15 46 8 10 48 43 28 40 21 23 36 6 0 (value : 1674)
TO   solution: 0 35 36 42 26 31 4 12 24 21 46 23 1 32 33 5 48 44 18 41 30 9 2 39 22 6 34 3 16 47 10 40 15 28 38 17 43 29 27 49 14 13 7 20 11 8 45 37 25 19 0 (value : 338)
in 0.000673 seconds (chrono time)
FROM solution: 0 6 2 17 19 31 35 39 8 9 27 5 26 12 32 15 10 25 37 21 22 7 42 3 48 38 41 11 28 49 30 36 46 18 24 40 29 1 43 23 45 13 33 14 44 20 34 47 16 4 0 (value : 1604)
TO   solution: 0 29 24 47 19 33 15 12 5 6 44 26 28 46 31 4 36 7 40 21 48 30 1 32 38 39 41 22 14 42 20 34 8 13 37 35 49 17 3 45 18 2 10 23 25 9 43 27 11 16 0 (value : 374)
in 0.000573 seconds (chrono time)
FROM solution: 0 47 26 29 44 4 2 12 40 32 5 11 7 48 14 6 21 27 30 23 20 31 3 45 42 24 37 36 34 8 22 17 41 33 28 35 49 16 19 9 15 18 25 43 39 1 46 38 13 10 0 (value : 1688)
TO   solution: 0 37 46 23 4 36 16 34 27 1 39 48 18 42 25 29 21 14 26 9 17 49 38 47 28 22 3 30 5 33 20 10 12 35 11 13 40 8 45 19 44 24 32 7 31 2 6 43 41 15 0 (value : 334)
in 0.000627 seconds (chrono time)
FROM solution: 0 1 35 22 34 33 4 14 13 9 46 36 12 32 21 25 24 27 6 38 29 15 31 23 39 7 17 47 28 18 30 48 11 26 45 42 19 37 49 44 40 16 2 43 10 8 5 41 3 20 0 (value : 1592)
TO   solution: 0 34 25 40 9 41 43 4 33 30 31 10 1 44 37 14 2 19 18 48 12 36 11 35 49 20 15 21 38 46 24 23 3 27 28 17 5 6 39 8 22 42 29 47 13 26 32 16 45 7 0 (value : 370)
in 0.000622 seconds (chrono time)
FROM solution: 0 9 23 49 39 11 1 7 38 8 37 47 27 2 15 4 46 14 18 17 10 29 22 41 21 20 16 13 35 33 48 24 45 28 26 6 36 12 19 44 40 42 34 32 30 5 3 31 43 25 0 (value : 1584)
TO   solution: 0 41 46 21 8 38 29 48 18 12 10 28 11 23 45 24 22 34 15 37 16 1 32 33 36 49 31 35 43 3 26 25 17 39 6 9 14 44 27 7 2 5 42 4 20 47 19 40 30 13 0 (value : 354)
in 0.000606 seconds (chrono time)
FROM solution: 0 18 21 42 28 8 24 48 37 14 15 3 38 6 40 32 29 17 11 16 2 30 12 33 23 10 34 19 49 41 22 31 47 25 9 7 43 39 20 5 36 44 45 27 35 1 46 13 26 4 0 (value : 1622)
TO   solution: 0 3 2 32 46 20 45 25 11 7 22 41 44 24 39 48 14 28 36 18 42 49 35 29 9 15 34 40 38 13 37 8 31 47 17 6 23 19 4 1 10 27 33 16 30 12 5 26 21 43 0 (value : 340)
in 0.000724 seconds (chrono time)
FROM solution: 0 25 47 22 12 11 5 26 32 10 2 36 8 17 18 1 16 15 4 19 41 23 33 29 24 35 48 7 6 43 27 40 34 30 46 31 39 20 14 3 37 38 42 9 44 45 28 13 21 49 0 (value : 1500)
TO   solution: 0 2 47 6 25 10 27 45 8 49 30 29 1 23 3 42 40 21 48 18 31 39 16 17 14 36 32 26 13 46 22 38 37 20 5 33 11 24 19 41 34 35 9 12 15 4 44 28 43 7 0 (value : 358)
in 0.000623 seconds (chrono time)
FROM solution: 0 1 22 40 33 5 6 11 12 47 19 7 2 35 18 17 4 45 25 43 20 21 15 23 46 13 32 28 8 34 44 14 27 29 31 16 9 30 36 39 24 38 26 42 3 41 37 10 48 49 0 (value : 1570)
TO   solution: 0 48 22 27 16 37 41 24 3 11 5 39 47 33 13 44 7 40 6 34 9 1 42 31 28 45 32 21 19 4 15 43 38 17 12 49 14 25 26 18 36 2 29 35 10 20 46 8 23 30 0 (value : 354)
in 0.000613 seconds (chrono time)
FROM solution: 0 3 17 48 4 5 9 37 24 29 41 11 22 1 7 16 20 10 46 44 26 42 12 25 30 36 18 27 28 15 47 34 32 33 31 35 2 8 23 38 43 40 19 21 14 45 13 6 39 49 0 (value : 1582)
TO   solution: 0 41 17 47 23 10 8 27 48 20 14 24 9 45 37 7 15 26 36 22 33 38 49 5 13 4 40 3 30 6 28 43 42 39 29 12 25 34 2 32 44 21 18 31 19 1 35 46 11 16 0 (value : 316)
in 0.00061 seconds (chrono time)
FROM solution: 0 1 17 33 4 30 25 13 8 28 36 6 41 9 49 39 32 18 21 29 35 45 37 23 31 26 24 2 15 5 16 3 47 7 42 43 14 34 38 12 40 20 19 22 44 10 46 48 27 11 0 (value : 1780)
TO   solution: 0 33 34 7 43 30 12 39 8 2 32 49 23 5 20 40 29 38 31 48 11 25 36 27 35 16 19 3 13 37 47 45 44 14 6 1 22 46 26 41 28 10 18 42 21 15 17 9 24 4 0 (value : 386)
in 0.000606 seconds (chrono time)
FROM solution: 0 32 18 14 8 47 13 7 25 17 22 28 35 40 48 5 45 37 2 3 26 21 41 16 4 20 15 29 9 27 43 36 11 46 1 31 33 10 39 23 12 6 24 34 44 38 30 19 42 49 0 (value : 1496)
TO   solution: 0 37 19 29 27 14 30 13 40 24 3 47 38 48 15 7 31 11 20 46 32 12 17 6 41 8 42 4 2 35 5 10 33 28 18 16 39 23 45 36 49 1 34 26 44 43 21 25 22 9 0 (value : 348)
in 0.000569 seconds (chrono time)
FROM solution: 0 41 49 33 25 28 40 2 13 48 26 32 12 45 8 17 1 23 21 10 34 3 19 22 15 35 24 37 18 29 30 44 11 39 47 4 14 6 38 31 16 9 27 42 36 7 43 20 46 5 0 (value : 1660)
TO   solution: 0 30 9 3 25 6 49 35 32 40 26 22 11 45 33 1 42 8 24 5 46 2 4 15 18 39 20 12 36 7 10 14 13 38 43 21 48 29 41 34 31 47 28 44 17 23 37 19 16 27 0 (value : 366)
in 0.000558 seconds (chrono time)
FROM solution: 0 36 16 45 4 9 6 17 29 2 15 34 7 3 38 32 21 1 40 42 20 44 22 47 19 25 23 5 28 14 30 18 27 12 33 35 10 43 31 26 8 41 13 37 24 49 46 39 48 11 0 (value : 1256)
TO   solution: 0 15 20 42 13 19 40 4 25 39 24 44 48 47 11 33 45 1 8 26 49 35 46 12 16 41 3 17 21 7 10 23 29 22 2 32 9 18 5 28 27 14 38 30 6 37 43 36 31 34 0 (value : 330)
in 0.000607 seconds (chrono time)
FROM solution: 0 35 20 24 4 14 43 7 38 8 32 12 11 21 1 46 25 17 27 19 2 13 10 45 40 22 33 44 37 47 6 15 48 29 34 26 36 9 18 28 49 30 42 16 31 5 39 23 3 41 0 (value : 1358)
TO   solution: 0 16 9 11 36 17 42 7 47 41 38 40 15 8 49 25 28 30 5 43 3 21 10 26 13 12 31 44 39 35 2 27 19 23 32 1 29 22 45 46 48 34 4 24 14 18 37 6 33 20 0 (value : 358)
in 0.000662 seconds (chrono time)
FROM solution: 0 30 18 38 33 13 14 41 8 46 17 15 12 29 44 40 1 10 5 4 11 39 23 34 7 25 2 27 28 42 22 31 32 20 3 16 36 48 35 37 21 43 6 26 45 9 24 47 19 49 0 (value : 1634)
TO   solution: 0 45 20 4 26 37 35 41 10 38 12 29 22 9 16 30 21 5 25 48 44 32 11 3 14 15 18 46 47 7 39 17 1 23 2 33 36 40 28 19 49 13 42 27 6 8 43 31 34 24 0 (value : 340)
in 0.000612 seconds (chrono time)
FROM solution: 0 4 7 27 38 5 31 9 44 30 17 11 13 45 24 26 47 42 14 6 20 21 22 23 8 33 1 34 28 32 37 43 29 25 2 12 49 16 36 19 40 41 3 35 39 10 46 48 15 18 0 (value : 1718)
TO   solution: 0 15 26 9 4 40 48 1 38 31 8 17 20 41 24 28 43 49 33 47 13 11 14 3 5 6 34 42 44 29 35 2 30 21 25 36 12 46 16 23 32 37 10 18 27 7 19 45 22 39 0 (value : 360)
in 0.000585 seconds (chrono time)
FROM solution: 0 23 11 41 33 5 24 13 12 28 22 18 6 47 14 43 21 17 45 20 9 30 32 26 40 3 10 27 38 46 29 31 49 19 34 15 39 37 35 8 36 25 42 4 44 7 16 2 1 48 0 (value : 1562)
TO   solution: 0 46 47 30 2 4 45 40 36 48 16 5 23 17 11 32 7 38 42 28 41 31 15 33 1 22 9 39 20 14 29 35 26 44 3 21 19 37 24 12 34 6 25 10 8 43 13 18 27 49 0 (value : 350)
in 0.000621 seconds (chrono time)
FROM solution: 0 1 3 40 4 28 14 12 8 35 36 9 11 24 39 32 18 21 33 41 45 16 25 37 19 38 2 27 7 29 13 31 48 46 49 23 44 5 47 20 42 26 22 43 15 6 34 17 30 10 0 (value : 1704)
TO   solution: 0 47 40 2 11 21 27 14 19 33 37 30 46 7 18 35 3 38 31 25 49 44 43 48 8 6 22 39 41 42 34 16 10 45 28 12 4 29 9 32 13 23 24 1 17 36 5 15 26 20 0 (value : 346)
in 0.000667 seconds (chrono time)
FROM solution: 0 20 29 1 13 3 26 45 18 19 38 43 12 31 24 25 39 23 46 14 32 30 8 44 33 42 10 48 28 11 49 9 7 17 16 6 36 22 35 37 5 41 15 34 2 27 21 47 40 4 0 (value : 1708)
TO   solution: 0 5 39 3 37 2 32 16 23 33 30 7 41 40 49 36 34 6 15 20 18 21 35 22 17 4 47 42 9 31 25 45 43 10 28 26 27 38 1 14 12 11 8 46 24 29 44 19 13 48 0 (value : 348)
in 0.000615 seconds (chrono time)
FROM solution: 0 1 2 3 49 23 6 29 14 12 43 7 21 31 22 28 35 20 18 38 13 9 36 40 27 39 5 16 45 17 15 47 4 44 42 24 8 10 26 25 30 41 48 46 33 11 34 32 37 19 0 (value : 1480)
TO   solution: 0 18 21 37 30 45 17 8 41 15 36 29 49 2 39 33 23 3 10 38 4 44 28 46 42 6 48 22 24 47 9 40 1 19 13 26 35 11 7 27 25 12 43 16 34 20 31 32 5 14 0 (value : 336)
in 0.000625 seconds (chrono time)
FROM solution: 0 9 40 5 31 33 2 27 12 22 15 6 49 13 14 42 37 26 18 19 7 41 20 11 17 39 3 24 4 1 44 10 25 28 21 8 30 29 32 38 48 43 45 35 36 46 47 16 23 34 0 (value : 1796)
TO   solution: 0 28 17 13 10 32 44 3 25 35 18 20 15 23 16 22 2 24 11 47 4 45 42 26 19 14 5 1 41 31 6 27 9 12 37 8 43 49 29 39 48 38 36 33 46 21 34 30 7 40 0 (value : 370)
in 0.000604 seconds (chrono time)
FROM solution: 0 21 2 14 6 12 13 38 26 5 34 42 17 28 44 15 43 11 19 32 3 45 20 23 16 9 24 40 48 29 8 10 33 1 36 35 37 30 22 41 47 39 4 18 25 27 49 46 31 7 0 (value : 1608)
TO   solution: 0 45 49 36 31 6 29 39 21 27 37 28 24 2 26 12 8 19 32 5 46 16 15 30 10 43 47 22 38 35 42 3 34 23 11 1 41 17 14 9 4 18 44 40 13 48 33 20 25 7 0 (value : 350)
in 0.000617 seconds (chrono time)
FROM solution: 0 47 30 23 48 5 49 29 42 33 40 6 44 10 16 17 34 11 9 26 31 2 18 24 39 25 22 46 13 15 41 45 32 8 4 35 36 37 3 43 1 21 7 19 12 20 27 28 38 14 0 (value : 1460)
TO   solution: 0 25 42 7 4 19 45 1 10 22 36 23 29 38 9 27 14 28 15 13 41 12 49 43 48 16 37 26 3 5 33 31 11 8 32 34 47 39 6 46 17 18 2 30 24 20 44 35 40 21 0 (value : 362)
in 0.000607 seconds (chrono time)
