N = 100
FROM solution: 0 47 82 51 69 5 72 6 89 9 68 23 12 77 25 48 54 60 98 10 20 58 22 52 29 59 14 65 96 40 94 1 32 33 18 92 71 57 21 85 30 3 97 46 4 24 2 41 66 19 53 88 73 17 27 76 64 35 70 45 83 61 55 15 11 56 43 67 86 62 37 99 90 93 13 75 63 26 34 87 74 95 79 7 50 84 49 39 16 8 80 91 44 78 81 31 28 38 42 36 0 (value : 6338)
TO   solution: 0 38 8 57 31 79 44 85 9 73 10 33 23 15 66 98 17 19 76 78 67 3 94 58 7 27 61 60 97 87 41 70 42 83 45 95 72 89 63 74 25 4 90 88 77 22 36 29 14 32 46 48 84 92 80 56 99 91 16 47 30 64 81 5 13 54 40 65 59 39 62 12 43 96 1 2 69 20 26 6 50 93 11 34 24 37 51 49 68 86 35 53 52 55 18 71 75 21 28 82 0 (value : 1068)
in 0.003877 seconds (chrono time)
FROM solution: 0 89 25 26 45 5 20 93 70 9 83 11 33 37 44 7 78 75 76 27 28 35 71 30 66 8 51 6 80 19 59 63 57 95 29 31 61 38 68 23 40 50 56 15 85 81 39 53 13 3 22 88 74 16 54 55 96 10 64 46 92 47 67 2 79 73 84 32 21 69 41 34 72 17 58 99 49 77 91 36 42 52 65 4 48 97 1 87 62 86 90 94 12 43 60 82 24 14 98 18 0 (value : 6500)
TO   solution: 0 66 2 24 89 42 50 10 64 12 67 44 26 73 34 53 71 30 63 57 6 86 88 43 98 21 13 46 91 58 87 70 54 96 40 84 3 38 18 85 94 59 62 35 19 11 65 68 39 56 36 92 9 77 82 80 25 95 22 15 97 81 49 69 17 16 41 78 27 14 48 93 37 75 31 4 52 33 99 45 8 55 79 76 28 32 7 5 20 23 83 51 74 47 72 61 29 90 60 1 0 (value : 1002)
in 0.003807 seconds (chrono time)
FROM solution: 0 29 70 18 43 61 6 5 21 8 1 51 4 69 41 15 95 86 60 82 17 91 47 48 46 88 11 50 28 71 65 42 84 23 34 35 57 54 38 45 40 9 98 55 32 99 66 77 2 49 20 92 52 53 33 68 56 83 58 59 24 12 26 10 93 13 94 64 16 30 31 19 72 96 73 75 22 44 78 79 63 97 7 90 85 62 39 87 37 89 27 25 67 3 76 36 14 74 80 81 0 (value : 6046)
TO   solution: 0 16 27 54 86 49 80 10 72 5 63 11 82 1 84 70 42 77 20 2 81 26 36 50 48 69 79 58 47 7 83 87 23 19 66 37 9 34 43 98 4 88 22 15 76 56 65 44 14 92 21 35 85 25 71 24 32 57 74 12 51 78 68 62 6 73 45 90 30 46 89 39 38 55 75 96 53 99 52 91 18 33 67 3 59 94 13 8 95 64 93 60 29 97 17 61 28 41 40 31 0 (value : 1028)
in 0.003821 seconds (chrono time)
FROM solution: 0 71 14 3 86 56 25 7 20 41 13 73 99 89 26 48 59 17 75 23 62 52 39 31 90 30 1 5 93 11 2 34 78 33 60 88 24 22 38 69 72 63 42 21 44 77 46 47 36 57 8 37 45 12 61 43 76 79 95 55 15 53 32 6 64 40 35 98 28 85 84 97 9 50 74 68 70 66 29 19 80 81 65 27 92 67 10 87 4 49 83 91 18 54 94 58 82 51 16 96 0 (value : 6238)
TO   solution: 0 40 19 90 27 64 8 56 35 52 46 37 53 79 57 2 95 34 22 70 71 67 33 72 15 9 69 89 78 43 73 97 36 16 88 20 76 60 93 59 25 47 17 58 84 62 14 83 41 81 24 86 11 54 13 3 98 21 91 65 50 55 75 42 18 28 68 30 5 44 29 45 48 61 99 1 38 82 7 94 74 51 10 87 66 4 26 80 77 32 96 63 49 23 12 31 39 85 6 92 0 (value : 1000)
in 0.003945 seconds (chrono time)
FROM solution: 0 1 65 3 38 34 89 10 70 19 61 60 12 13 40 14 92 11 17 46 79 80 67 23 45 6 31 62 90 43 55 5 8 33 74 22 77 97 66 76 4 9 83 18 44 87 20 95 48 69 7 36 59 75 32 51 15 63 58 82 93 88 71 24 64 41 35 39 68 56 98 99 49 73 25 28 53 57 91 29 37 50 26 81 84 42 86 21 30 47 85 78 54 27 94 72 96 2 16 52 0 (value : 6836)
TO   solution: 0 66 1 71 22 97 86 79 76 33 29 20 77 24 80 26 23 5 47 61 55 54 56 36 6 90 46 53 31 73 58 45 67 39 68 13 83 7 34 42 62 4 87 44 64 27 96 84 12 30 63 51 65 57 60 17 95 35 69 99 81 91 14 49 85 59 50 82 70 9 40 98 21 52 28 72 48 16 43 8 2 94 37 93 11 18 78 75 25 19 41 74 38 32 88 3 15 92 89 10 0 (value : 966)
in 0.003725 seconds (chrono time)
FROM solution: 0 86 29 70 74 95 96 73 21 36 10 46 43 38 48 4 7 92 22 63 26 2 75 1 41 3 24 85 28 57 12 31 67 91 42 9 16 37 49 32 40 6 17 50 64 56 88 47 90 80 52 19 8 20 62 23 45 33 58 13 18 94 60 71 44 65 72 25 68 89 15 81 79 83 35 66 76 99 39 54 27 30 82 55 11 14 59 5 51 69 87 84 34 93 53 61 77 97 78 98 0 (value : 6698)
TO   solution: 0 53 35 93 49 20 42 27 68 82 84 69 70 67 88 5 86 7 25 33 61 52 65 97 58 79 62 36 47 57 28 89 92 74 17 90 30 3 4 46 8 51 72 38 23 13 83 29 14 59 26 32 56 71 73 22 15 80 24 63 81 76 98 48 99 19 9 66 39 16 10 77 78 44 31 12 60 75 2 55 1 96 21 64 18 41 91 87 94 85 6 45 37 43 50 40 34 11 95 54 0 (value : 1050)
in 0.003864 seconds (chrono time)
FROM solution: 0 96 49 36 31 41 33 78 64 48 10 91 47 90 39 62 98 46 67 19 92 93 5 11 21 24 88 14 28 63 22 8 51 6 27 16 74 68 95 84 75 12 69 79 80 34 42 83 9 3 50 38 86 56 60 76 55 59 18 57 53 54 15 61 17 32 66 30 65 29 70 37 94 13 43 7 99 1 87 89 45 81 82 26 4 72 52 20 71 2 77 85 44 58 73 23 25 97 35 40 0 (value : 7302)
TO   solution: 0 68 92 82 74 75 67 77 86 44 46 70 76 15 43 79 8 99 73 47 50 49 63 14 52 81 93 30 28 58 32 7 26 22 23 71 61 97 88 1 36 53 17 40 98 18 66 65 57 85 56 33 16 95 34 72 10 35 83 2 19 45 39 12 94 27 6 84 41 51 37 24 48 90 60 80 54 20 29 25 91 89 31 42 87 55 21 38 13 64 69 3 78 5 4 59 11 62 9 96 0 (value : 1084)
in 0.004014 seconds (chrono time)
FROM solution: 0 86 46 99 35 5 75 8 40 63 91 94 12 19 57 15 88 30 78 60 38 70 39 97 6 93 79 27 61 68 37 25 1 2 31 41 36 80 43 22 71 85 67 32 72 11 33 74 73 34 82 23 77 53 26 50 56 76 58 49 4 28 59 95 64 54 66 65 10 52 21 24 7 20 18 16 84 17 83 69 42 81 45 9 47 98 14 29 87 89 90 48 62 44 3 51 96 13 92 55 0 (value : 6140)
TO   solution: 0 55 43 94 38 52 1 70 67 36 74 33 93 77 17 31 27 62 11 51 19 85 83 44 82 26 68 20 7 40 41 8 48 24 76 37 30 53 92 23 22 14 5 66 63 64 95 88 97 57 89 56 54 2 80 90 35 99 71 9 73 59 78 72 12 45 58 86 46 50 6 25 10 39 96 81 28 65 4 15 18 42 75 84 69 79 47 98 91 32 13 60 29 34 21 87 3 16 61 49 0 (value : 1086)
in 0.003786 seconds (chrono time)
FROM solution: 0 1 62 51 48 74 84 7 8 64 20 95 23 24 81 31 92 54 6 46 83 50 47 28 17 39 26 36 30 77 33 70 49 68 97 89 76 19 38 27 43 41 87 93 52 15 5 99 11 90 4 56 21 53 73 78 32 60 35 82 37 40 79 12 14 65 94 22 61 16 44 58 55 59 91 29 10 25 72 45 80 71 34 67 42 85 98 57 88 69 3 63 75 9 18 66 96 2 86 13 0 (value : 6460)
TO   solution: 0 14 9 29 30 7 76 67 47 52 60 65 77 88 4 93 57 21 18 42 63 51 58 96 17 26 50 35 70 81 92 48 91 12 73 32 49 40 90 59 34 53 71 28 38 5 99 31 45 37 83 46 13 61 79 1 39 25 89 69 94 16 87 2 6 41 43 19 36 54 68 33 62 8 66 95 22 11 44 56 27 82 23 80 97 15 55 72 64 84 86 10 24 20 75 3 78 74 98 85 0 (value : 1018)
in 0.00394 seconds (chrono time)
FROM solution: 0 1 86 28 21 85 94 7 38 88 40 95 51 91 58 92 42 62 19 57 26 36 66 44 89 52 63 32 6 29 22 39 15 68 71 56 9 64 96 17 8 73 55 16 23 74 46 84 48 14 78 5 98 53 54 41 83 69 25 59 60 43 45 47 61 70 30 13 11 72 80 34 97 2 20 49 76 67 82 79 18 81 50 3 37 10 65 27 35 99 90 24 4 12 87 33 93 77 31 75 0 (value : 6408)
TO   solution: 0 1 53 58 70 97 73 26 27 65 84 48 11 14 8 78 69 49 98 68 37 63 23 6 29 13 42 95 54 90 43 28 24 39 92 41 38 85 31 35 93 18 17 7 94 55 22 19 75 83 32 15 81 62 51 20 74 5 4 2 16 61 57 52 99 21 34 44 50 33 67 40 45 64 10 87 72 9 12 76 88 60 86 25 82 79 77 96 47 36 91 3 66 71 56 59 80 30 46 89 0 (value : 1008)
in 0.003689 seconds (chrono time)
