N = 80
FROM solution: 0 48 43 28 71 23 59 40 47 55 77 16 66 32 36 15 1 17 6 18 64 69 75 39 57 37 70 45 76 44 5 25 29 63 2 35 14 46 9 41 74 50 21 26 72 31 38 68 78 49 8 51 67 42 33 61 53 3 58 34 60 30 62 7 27 65 20 52 22 4 56 11 12 73 13 54 10 24 19 79 0 (value : 3798)
TO   solution: 0 56 49 27 22 79 2 25 61 55 33 38 16 5 62 28 59 76 42 58 23 36 6 68 17 54 29 50 10 57 47 31 40 67 35 15 75 24 53 32 66 1 44 8 37 72 70 43 78 19 77 9 64 26 51 45 13 39 69 14 21 46 12 30 48 41 63 73 7 34 11 60 71 20 52 74 3 18 4 65 0 (value : 758)
in 0.00457 seconds (chrono time)
FROM solution: 0 13 45 32 66 20 16 7 46 41 78 27 12 70 57 25 34 54 51 53 26 21 44 23 36 29 37 69 35 55 71 43 62 10 17 63 42 15 38 9 2 39 18 74 56 73 65 76 48 8 50 11 28 52 68 75 19 77 58 59 61 40 33 64 30 72 1 24 4 22 60 14 79 49 67 5 47 6 3 31 0 (value : 4468)
TO   solution: 0 43 11 4 3 44 61 66 57 56 45 22 59 73 36 67 14 25 21 42 69 68 75 23 78 74 5 7 10 20 55 41 60 70 31 71 13 58 9 28 27 65 72 29 62 16 34 53 30 79 76 77 18 40 48 64 26 1 6 8 47 32 46 37 12 49 33 19 63 51 15 39 54 2 38 24 50 52 17 35 0 (value : 746)
in 0.004593 seconds (chrono time)
FROM solution: 0 1 60 69 57 62 3 4 45 75 10 48 9 66 5 15 55 37 13 54 20 41 26 23 32 25 11 47 21 6 30 59 2 64 31 43 36 46 72 18 44 67 63 79 68 19 42 73 61 14 50 39 52 51 53 24 71 34 78 58 49 8 38 35 12 65 74 17 76 22 29 56 70 28 7 16 27 77 33 40 0 (value : 3824)
TO   solution: 0 49 8 60 63 78 67 38 79 13 45 69 3 46 7 27 23 74 20 30 73 33 41 42 9 50 61 71 29 51 32 18 22 11 68 37 76 6 24 54 14 47 40 26 34 55 56 57 28 70 10 77 65 59 12 66 52 53 19 48 16 21 1 4 2 62 58 39 15 64 36 31 17 44 25 35 72 5 43 75 0 (value : 748)
in 0.004565 seconds (chrono time)
FROM solution: 0 64 19 28 4 51 74 18 54 32 38 26 11 52 14 57 23 17 76 48 77 39 6 69 45 59 43 9 75 29 27 47 33 44 34 55 66 37 46 60 70 41 36 25 68 40 12 21 15 31 67 50 13 20 49 79 63 53 30 24 72 22 73 56 42 35 58 2 1 16 8 71 65 62 3 61 7 5 10 78 0 (value : 3622)
TO   solution: 0 45 75 36 26 38 29 78 33 74 59 21 43 25 32 52 17 77 39 47 57 54 8 71 13 6 12 51 15 65 18 10 63 16 22 2 35 46 50 67 5 3 14 60 62 7 64 4 66 49 28 40 69 70 23 41 61 20 53 55 1 24 58 9 19 79 30 68 76 44 31 73 11 56 34 27 37 48 42 72 0 (value : 714)
in 0.003865 seconds (chrono time)
FROM solution: 0 16 5 67 78 7 47 72 60 41 79 11 28 70 71 68 61 36 64 49 48 6 39 76 50 46 19 27 1 59 30 31 26 25 34 35 65 77 38 13 53 56 14 17 3 32 20 66 8 55 24 51 52 37 54 23 42 33 2 29 40 43 10 62 58 22 75 74 15 69 12 18 21 45 73 57 63 9 4 44 0 (value : 4196)
TO   solution: 0 54 51 34 2 42 48 75 71 19 44 28 30 45 36 26 12 61 43 40 79 33 68 50 4 49 67 37 24 21 74 25 66 15 8 32 47 5 73 22 70 72 18 41 16 35 6 7 46 60 20 39 78 52 76 17 59 64 23 77 10 57 11 31 3 38 65 13 27 63 62 29 1 14 56 58 9 55 69 53 0 (value : 700)
in 0.004596 seconds (chrono time)
FROM solution: 0 54 44 60 73 37 6 59 74 43 2 55 16 13 62 69 77 58 25 14 38 49 63 31 36 71 50 27 64 39 3 33 76 24 65 22 11 79 4 28 66 41 17 48 42 45 18 23 53 32 56 67 19 10 78 34 12 8 30 7 70 47 72 9 57 46 40 21 68 20 35 5 61 15 26 75 52 1 29 51 0 (value : 3904)
TO   solution: 0 79 77 25 53 55 66 26 18 34 23 75 44 62 76 54 58 57 33 41 45 74 78 71 8 64 72 69 21 20 65 59 42 28 19 4 60 29 10 46 1 30 7 38 56 2 12 40 68 9 3 39 47 6 37 16 5 52 24 43 13 50 49 61 22 70 63 31 36 15 73 11 27 67 48 17 35 32 14 51 0 (value : 722)
in 0.004026 seconds (chrono time)
FROM solution: 0 20 58 44 70 5 52 33 12 2 21 3 54 72 10 48 42 40 74 16 1 73 67 56 15 57 24 11 22 29 43 31 32 9 59 79 37 30 36 39 41 51 35 25 55 45 62 17 27 7 65 47 38 53 8 19 66 28 34 77 61 75 46 63 14 4 26 49 13 69 50 71 68 60 64 23 76 18 78 6 0 (value : 4272)
TO   solution: 0 18 65 47 70 67 2 22 14 64 27 61 4 63 58 49 15 25 78 35 73 34 53 46 42 38 16 68 37 77 6 3 8 9 11 50 20 54 59 7 48 26 10 31 40 79 66 17 44 28 43 36 32 23 75 60 24 1 39 74 71 72 62 33 5 29 69 21 30 45 19 57 51 56 13 55 12 76 41 52 0 (value : 728)
in 0.004182 seconds (chrono time)
FROM solution: 0 46 2 42 72 32 48 7 31 63 13 49 60 43 14 15 68 20 16 65 17 70 22 73 44 53 30 66 9 29 56 5 75 71 51 34 55 61 38 11 69 59 12 26 24 18 28 19 41 78 50 58 67 45 1 6 52 57 3 36 33 8 4 40 21 10 76 35 62 77 74 64 37 39 79 25 27 54 23 47 0 (value : 4048)
TO   solution: 0 10 68 72 16 47 31 75 15 63 65 7 70 19 5 59 48 2 36 32 11 18 73 71 69 26 41 14 78 42 57 3 22 43 35 8 6 61 27 50 20 13 40 67 46 64 74 51 37 79 9 34 77 12 24 56 58 25 28 76 38 45 54 1 53 49 44 17 30 52 60 29 55 62 66 4 39 23 21 33 0 (value : 726)
in 0.003858 seconds (chrono time)
FROM solution: 0 16 60 48 26 42 57 13 17 77 6 54 24 61 76 69 56 72 18 19 45 21 36 5 43 25 14 10 1 34 51 46 28 59 67 40 8 78 50 70 35 75 44 53 71 47 31 4 52 2 9 27 3 58 7 11 12 22 30 41 20 33 62 63 65 55 66 64 32 38 79 37 68 73 74 29 49 15 23 39 0 (value : 4300)
TO   solution: 0 50 42 63 72 15 10 62 52 64 43 7 12 28 17 24 16 79 75 54 74 35 55 66 78 37 39 77 60 49 29 65 30 59 25 40 38 11 26 34 67 36 22 20 45 57 21 69 51 32 58 31 1 53 6 13 33 27 41 48 46 44 3 47 70 56 9 18 73 61 8 71 68 23 4 14 2 76 19 5 0 (value : 730)
in 0.004185 seconds (chrono time)
FROM solution: 0 45 54 33 50 76 42 46 75 37 40 67 12 13 14 63 47 35 8 43 60 22 18 23 20 44 52 5 28 36 69 48 64 6 34 30 29 10 3 24 9 41 31 55 73 49 16 77 4 65 61 51 2 7 74 1 56 38 26 79 21 66 15 62 70 59 68 39 19 78 58 25 72 27 71 11 32 53 57 17 0 (value : 4658)
TO   solution: 0 20 18 10 68 3 50 21 12 19 44 69 60 16 41 28 2 55 40 54 75 34 13 24 63 61 31 27 71 7 62 46 29 43 51 79 67 1 64 58 65 78 42 26 57 70 48 23 33 11 37 59 47 53 25 9 14 22 6 77 8 17 52 35 5 76 36 66 49 4 73 15 45 39 74 72 56 38 30 32 0 (value : 734)
in 0.00423 seconds (chrono time)
