N = 80
FROM solution: 0 10 2 6 51 55 58 67 12 34 54 47 50 33 14 78 45 19 36 27 37 9 22 60 4 25 59 57 28 24 30 53 15 13 65 35 62 73 44 72 79 29 16 43 74 46 26 38 18 49 11 23 32 42 21 1 56 41 63 20 64 39 52 77 76 70 17 31 68 66 5 71 69 48 40 8 75 3 61 7 0 (value : 4174)
TO   solution: 0 27 12 31 59 24 38 35 57 44 63 47 78 22 16 58 43 40 19 5 70 72 53 4 28 76 73 69 20 54 49 34 11 41 71 1 39 26 51 50 65 21 13 56 9 45 3 74 62 23 17 15 55 33 30 25 61 32 42 66 68 29 2 77 75 36 6 10 79 37 64 52 48 67 18 7 46 8 14 60 0 (value : 756)
in 0.004411 seconds (chrono time)
FROM solution: 0 74 7 2 38 58 65 61 46 70 10 1 12 31 32 15 21 16 63 76 53 11 69 39 78 25 26 13 27 59 49 68 75 33 34 17 9 44 29 20 47 62 56 64 23 45 22 37 71 48 50 51 52 43 14 5 18 6 40 28 54 41 60 30 36 67 73 79 19 55 57 77 72 3 4 42 66 35 24 8 0 (value : 4710)
TO   solution: 0 11 33 51 52 38 31 43 76 37 74 4 21 40 18 54 79 22 53 72 67 70 34 58 46 8 9 28 62 26 39 35 17 23 27 68 36 14 66 59 5 29 71 77 55 7 64 24 25 61 42 49 3 20 73 63 45 75 41 56 48 47 78 50 13 65 6 12 2 1 30 57 10 15 32 44 60 16 69 19 0 (value : 742)
in 0.00453 seconds (chrono time)
FROM solution: 0 37 47 13 41 5 6 3 24 23 4 14 19 15 30 71 8 2 18 52 21 65 35 43 70 27 33 26 29 11 57 31 73 64 7 51 45 61 40 62 39 36 42 9 44 28 53 76 56 55 20 72 34 17 16 77 49 67 12 79 63 1 48 38 60 22 66 32 68 69 50 74 10 58 25 46 54 75 78 59 0 (value : 4174)
TO   solution: 0 36 8 23 49 58 75 78 21 1 15 18 41 26 68 76 10 55 60 7 64 29 54 27 14 32 79 11 35 61 34 4 62 53 47 56 38 71 33 73 20 69 45 77 70 40 52 3 28 12 44 31 17 16 24 67 19 22 42 50 2 25 9 74 51 43 72 48 65 63 57 59 6 5 66 37 46 30 39 13 0 (value : 732)
in 0.004724 seconds (chrono time)
FROM solution: 0 62 52 3 13 32 6 35 8 9 69 25 63 17 14 15 70 74 21 64 78 68 7 23 67 60 29 11 28 31 51 61 36 33 18 48 47 72 46 39 79 41 42 4 38 26 75 34 57 58 49 19 55 30 10 44 56 54 12 50 65 37 59 16 22 76 20 2 43 27 24 5 40 73 1 71 66 77 45 53 0 (value : 4622)
TO   solution: 0 41 10 76 66 19 72 68 63 69 50 6 29 34 9 22 49 47 28 16 3 74 37 65 32 42 43 71 18 55 62 58 73 17 36 57 15 30 38 54 4 21 70 52 75 7 39 20 45 11 51 46 33 40 60 14 56 27 35 5 48 67 77 23 13 24 78 61 8 31 1 64 44 25 53 2 12 59 26 79 0 (value : 744)
in 0.004366 seconds (chrono time)
FROM solution: 0 1 47 36 77 45 4 10 67 19 59 63 79 14 9 68 53 43 31 51 49 22 54 64 13 8 39 27 69 72 30 76 32 3 12 57 18 33 48 29 26 74 41 46 58 5 21 2 65 25 50 7 52 15 55 20 56 6 42 40 28 61 23 70 11 35 66 24 38 37 60 78 34 73 17 75 44 16 71 62 0 (value : 4664)
TO   solution: 0 18 30 63 28 38 52 13 47 22 54 55 19 68 58 14 48 31 9 7 44 32 11 64 69 25 73 57 33 3 75 79 78 8 43 2 4 39 37 15 24 62 21 17 59 27 65 1 56 16 71 60 67 70 36 23 12 66 51 45 76 74 29 41 50 40 42 35 49 5 6 20 77 72 34 61 26 10 53 46 0 (value : 764)
in 0.004405 seconds (chrono time)
FROM solution: 0 52 57 66 9 25 69 7 28 41 54 47 12 35 30 33 53 71 13 68 20 63 17 23 19 26 77 74 43 29 15 67 21 4 72 78 36 37 5 39 48 75 49 65 27 50 10 31 40 2 59 51 34 6 55 16 79 42 58 44 60 61 24 14 11 3 56 18 8 22 45 32 70 62 1 64 76 38 73 46 0 (value : 4288)
TO   solution: 0 14 65 64 58 17 36 6 13 73 59 62 20 24 74 1 15 40 10 5 37 29 41 2 26 42 50 61 22 27 12 28 8 16 18 52 57 77 25 31 44 49 79 4 38 11 69 56 46 33 76 66 70 47 19 7 34 48 68 23 63 51 75 30 9 45 3 54 67 60 53 78 32 39 43 35 55 71 21 72 0 (value : 732)
in 0.004954 seconds (chrono time)
FROM solution: 0 59 58 64 37 44 6 75 23 9 73 61 29 18 19 17 16 8 24 42 20 35 40 22 32 30 26 47 51 4 56 55 12 63 53 31 38 48 70 69 43 25 62 65 10 5 46 27 54 49 68 66 52 2 34 14 41 67 15 78 60 79 39 7 28 33 11 21 45 1 13 71 72 36 57 3 50 77 76 74 0 (value : 4550)
TO   solution: 0 2 28 79 7 4 58 44 35 59 23 6 30 77 49 68 25 47 40 3 74 52 41 57 64 39 76 34 62 46 15 67 17 60 38 48 18 43 1 22 5 20 9 8 32 27 21 78 19 65 33 53 71 73 12 42 10 50 72 75 36 69 29 70 55 37 56 14 31 16 66 45 24 63 51 54 11 61 13 26 0 (value : 788)
in 0.004525 seconds (chrono time)
FROM solution: 0 52 57 17 7 38 74 29 62 35 50 11 12 26 14 32 66 5 51 19 63 9 69 77 15 58 40 27 44 78 30 60 41 79 6 18 36 10 76 8 67 49 73 31 33 37 46 64 56 22 70 47 24 13 45 43 65 16 28 59 39 72 20 21 4 55 2 48 25 61 54 71 75 53 34 3 1 42 23 68 0 (value : 4100)
TO   solution: 0 53 46 10 43 32 39 69 65 47 40 64 41 48 15 59 68 16 61 4 19 51 1 38 49 27 72 73 37 70 56 52 60 44 66 58 3 54 34 13 17 42 30 6 5 7 25 78 18 63 22 71 57 55 11 2 62 76 12 35 36 24 79 31 8 67 20 14 74 33 75 50 29 77 23 45 21 26 9 28 0 (value : 764)
in 0.004997 seconds (chrono time)
FROM solution: 0 7 76 64 18 5 29 70 28 9 61 10 22 36 67 42 38 62 47 72 11 32 21 79 68 25 78 35 13 12 77 26 41 33 44 31 37 65 46 59 14 66 71 43 6 52 39 57 48 49 50 60 45 53 69 55 56 73 8 3 23 74 4 63 27 30 20 54 16 1 15 51 2 34 40 75 19 58 17 24 0 (value : 4076)
TO   solution: 0 40 14 69 42 67 75 73 27 26 50 39 44 60 58 77 43 18 35 63 68 45 21 62 76 79 51 3 65 19 5 72 66 2 31 61 49 29 41 55 23 34 20 9 7 48 47 4 70 74 24 71 78 17 10 54 8 46 36 11 59 6 22 33 25 30 52 57 53 37 15 12 16 13 64 32 28 1 38 56 0 (value : 748)
in 0.002116 seconds (chrono time)
FROM solution: 0 59 53 36 4 2 7 52 8 74 17 76 12 41 31 15 77 24 14 65 49 58 56 6 21 43 67 10 28 70 30 33 44 55 13 48 5 37 19 71 20 78 42 25 3 40 11 34 22 27 29 72 18 66 32 26 62 69 23 1 54 9 64 63 75 51 38 35 46 39 57 16 79 73 45 60 47 68 61 50 0 (value : 4286)
TO   solution: 0 35 18 41 30 57 29 66 27 43 21 13 15 67 22 1 75 12 33 72 17 9 62 70 58 69 52 6 79 23 11 64 47 39 73 37 45 2 40 8 48 59 19 44 32 55 74 42 5 28 16 20 65 31 24 3 10 77 61 49 26 78 4 7 71 54 76 34 38 50 25 51 56 63 36 53 14 60 46 68 0 (value : 730)
in 0.004333 seconds (chrono time)
