50
0		26		16		51		31		14		48		34		22		13		15		16		6		36		39		32		22		10		20		40		11		10		27		49		43		16		22		41		24		23		34		15		35		12		7		11		23		29		18		29		34		34		35		35		8		41		18		31		53		36
26		0		42		49		47		22		46		44		24		39		41		30		30		24		65		30		48		16		24		40		19		22		53		47		17		10		36		67		4		49		32		41		41		16		31		31		49		55		44		55		36		34		43		9		22		39		8		29		51		52
16		42		0		49		29		20		46		32		24		15		9		18		12		52		23		48		6		26		18		38		23		20		11		47		59		32		20		25		40		7		32		13		33		26		11		13		7		13		4		25		36		32		33		51		20		39		34		29		51		34
51		49		49		0		24		65		3		21		73		64		40		67		45		33		42		29		53		53		31		17		40		61		54		10		40		43		29		44		53		56		17		36		18		63		44		62		52		50		53		32		85		17		20		48		43		10		51		20		4		29
31		47		29		24		0		45		21		3		53		44		20		47		25		57		18		53		33		33		23		9		28		41		34		18		64		37		11		20		45		36		15		16		6		43		24		42		32		30		33		8		65		13		4		56		25		20		39		30		28		5
14		22		20		65		45		0		62		48		8		17		25		8		20		40		43		46		26		12		34		54		25		4		31		63		39		22		36		45		20		27		48		29		49		6		21		9		27		33		22		41		20		48		49		31		22		55		14		45		67		50
48		46		46		3		21		62		0		18		70		61		37		64		42		36		39		32		50		50		28		14		37		58		51		7		43		40		26		41		50		53		14		33		15		60		41		59		49		47		50		29		82		14		17		45		40		7		48		17		7		26
34		44		32		21		3		48		18		0		56		47		23		50		28		54		21		50		36		36		20		6		25		44		37		15		61		34		12		23		42		39		12		19		3		46		27		45		35		33		36		11		68		10		1		53		26		17		36		27		25		8
22		24		24		73		53		8		70		56		0		17		33		8		28		48		43		54		26		20		42		62		33		12		31		71		39		30		44		45		20		27		56		37		57		10		29		11		27		33		22		49		12		56		57		31		30		63		22		53		75		58
13		39		15		64		44		17		61		47		17		0		24		9		19		49		26		45		11		23		33		53		24		17		14		62		56		29		35		32		37		10		47		28		48		23		20		8		12		16		11		40		21		47		48		48		21		54		31		44		66		49
15		41		9		40		20		25		37		23		33		24		0		27		11		51		24		47		13		25		17		29		22		21		14		38		58		31		11		26		39		16		23		4		24		25		10		22		12		14		13		16		45		23		24		50		19		30		33		24		42		25
16		30		18		67		47		8		64		50		8		9		27		0		22		42		35		48		18		14		36		56		27		8		23		65		47		24		38		37		28		19		50		31		51		14		23		5		19		25		14		43		18		50		51		39		24		57		22		47		69		52
6		30		12		45		25		20		42		28		28		19		11		22		0		40		35		36		18		14		14		34		11		16		23		43		47		20		16		37		28		19		28		11		29		18		1		17		19		25		14		25		40		28		29		39		8		35		22		25		47		30
36		24		52		33		57		40		36		54		48		49		51		42		40		0		75		6		58		28		34		50		29		36		63		43		13		20		46		77		28		59		42		51		51		38		41		41		59		65		54		65		60		44		53		23		32		37		26		27		29		62
39		65		23		42		18		43		39		21		43		26		24		35		35		75		0		71		17		49		41		27		46		43		16		36		82		55		29		6		63		18		33		24		24		49		34		34		16		12		21		14		47		31		22		74		43		38		57		48		46		23
32		30		48		29		53		46		32		50		54		45		47		48		36		6		71		0		54		34		30		46		25		42		59		39		19		24		42		73		34		55		38		47		47		44		37		43		55		61		50		61		66		40		49		29		28		33		32		23		25		58
22		48		6		53		33		26		50		36		26		11		13		18		18		58		17		54		0		32		24		42		29		26		5		51		65		38		24		21		46		3		36		17		37		32		17		17		1		7		4		29		32		36		37		57		26		43		40		33		55		38
10		16		26		53		33		12		50		36		20		23		25		14		14		28		49		34		32		0		22		42		13		8		37		51		33		10		24		51		14		33		36		25		37		10		15		15		33		39		28		39		32		36		37		25		10		43		8		33		55		38
20		24		18		31		23		34		28		20		42		33		17		36		14		34		41		30		24		22		0		20		9		30		29		29		41		14		12		43		22		25		14		17		17		32		13		31		25		31		22		31		54		14		19		33		12		21		20		11		33		28
40		40		38		17		9		54		14		6		62		53		29		56		34		50		27		46		42		42		20		0		29		50		43		9		57		32		18		27		42		45		8		25		5		52		33		51		41		39		42		15		74		6		5		49		32		13		40		23		21		12
11		19		23		40		28		25		37		25		33		24		22		27		11		29		46		25		29		13		9		29		0		21		34		38		36		9		17		48		17		30		23		22		24		23		12		22		30		36		25		36		45		23		24		28		3		30		11		20		42		33
10		22		20		61		41		4		58		44		12		17		21		8		16		36		43		42		26		8		30		50		21		0		31		59		39		18		32		45		20		27		44		25		45		6		17		9		27		33		22		37		24		44		45		31		18		51		14		41		63		46
27		53		11		54		34		31		51		37		31		14		14		23		23		63		16		59		5		37		29		43		34		31		0		52		70		43		25		22		51		4		37		18		38		37		22		22		4		4		9		30		31		37		38		62		31		44		45		36		56		39
49		47		47		10		18		63		7		15		71		62		38		65		43		43		36		39		51		51		29		9		38		59		52		0		50		41		27		34		51		54		15		34		14		61		42		60		50		48		51		22		83		15		14		46		41		8		49		18		14		19
43		17		59		40		64		39		43		61		39		56		58		47		47		13		82		19		65		33		41		57		36		39		70		50		0		27		53		84		19		66		49		58		58		33		48		48		66		72		61		72		47		51		60		10		39		44		25		34		40		69
16		10		32		43		37		22		40		34		30		29		31		24		20		20		55		24		38		10		14		32		9		18		43		41		27		0		26		57		10		39		26		31		31		20		21		21		39		45		34		45		42		26		33		19		12		33		8		23		45		42
22		36		20		29		11		36		26		12		44		35		11		38		16		46		29		42		24		24		12		18		17		32		25		27		53		26		0		31		34		27		12		7		13		34		15		33		23		21		24		19		56		12		13		45		14		19		28		19		31		16
41		67		25		44		20		45		41		23		45		32		26		37		37		77		6		73		21		51		43		27		48		45		22		34		84		57		31		0		65		24		35		26		26		51		36		36		20		18		23		12		53		33		24		76		45		40		59		50		48		17
24		4		40		53		45		20		50		42		20		37		39		28		28		28		63		34		46		14		22		42		17		20		51		51		19		10		34		65		0		47		36		39		39		14		29		29		47		53		42		53		32		36		41		11		20		43		6		33		55		50
23		49		7		56		36		27		53		39		27		10		16		19		19		59		18		55		3		33		25		45		30		27		4		54		66		39		27		24		47		0		39		20		40		33		18		18		4		6		5		32		29		39		40		58		27		46		41		36		58		41
34		32		32		17		15		48		14		12		56		47		23		50		28		42		33		38		36		36		14		8		23		44		37		15		49		26		12		35		36		39		0		19		9		46		27		45		35		33		36		23		68		2		11		41		26		7		34		15		19		20
15		41		13		36		16		29		33		19		37		28		4		31		11		51		24		47		17		25		17		25		22		25		18		34		58		31		7		26		39		20		19		0		20		27		10		26		16		14		17		14		49		19		20		50		19		26		33		24		38		21
35		41		33		18		6		49		15		3		57		48		24		51		29		51		24		47		37		37		17		5		24		45		38		14		58		31		13		26		39		40		9		20		0		47		28		46		36		34		37		14		69		7		2		50		27		14		35		24		22		11
12		16		26		63		43		6		60		46		10		23		25		14		18		38		49		44		32		10		32		52		23		6		37		61		33		20		34		51		14		33		46		27		47		0		19		15		33		39		28		39		22		46		47		25		20		53		12		43		65		48
7		31		11		44		24		21		41		27		29		20		10		23		1		41		34		37		17		15		13		33		12		17		22		42		48		21		15		36		29		18		27		10		28		19		0		18		18		24		13		24		41		27		28		40		9		34		23		24		46		29
11		31		13		62		42		9		59		45		11		8		22		5		17		41		34		43		17		15		31		51		22		9		22		60		48		21		33		36		29		18		45		26		46		15		18		0		18		24		13		38		23		45		46		40		19		52		23		42		64		47
23		49		7		52		32		27		49		35		27		12		12		19		19		59		16		55		1		33		25		41		30		27		4		50		66		39		23		20		47		4		35		16		36		33		18		18		0		6		5		28		33		35		36		58		27		42		41		32		54		37
29		55		13		50		30		33		47		33		33		16		14		25		25		65		12		61		7		39		31		39		36		33		4		48		72		45		21		18		53		6		33		14		34		39		24		24		6		0		11		26		35		33		34		64		33		40		47		38		52		35
18		44		4		53		33		22		50		36		22		11		13		14		14		54		21		50		4		28		22		42		25		22		9		51		61		34		24		23		42		5		36		17		37		28		13		13		5		11		0		29		32		36		37		53		22		43		36		33		55		38
29		55		25		32		8		41		29		11		49		40		16		43		25		65		14		61		29		39		31		15		36		37		30		22		72		45		19		12		53		32		23		14		14		39		24		38		28		26		29		0		61		21		12		64		33		28		47		38		36		9
34		36		36		85		65		20		82		68		12		21		45		18		40		60		47		66		32		32		54		74		45		24		31		83		47		42		56		53		32		29		68		49		69		22		41		23		33		35		32		61		0		68		69		37		42		75		34		65		87		70
34		34		32		17		13		48		14		10		56		47		23		50		28		44		31		40		36		36		14		6		23		44		37		15		51		26		12		33		36		39		2		19		7		46		27		45		35		33		36		21		68		0		9		43		26		7		34		17		19		18
35		43		33		20		4		49		17		1		57		48		24		51		29		53		22		49		37		37		19		5		24		45		38		14		60		33		13		24		41		40		11		20		2		47		28		46		36		34		37		12		69		9		0		52		27		16		35		26		24		9
35		9		51		48		56		31		45		53		31		48		50		39		39		23		74		29		57		25		33		49		28		31		62		46		10		19		45		76		11		58		41		50		50		25		40		40		58		64		53		64		37		43		52		0		31		38		17		28		50		61
8		22		20		43		25		22		40		26		30		21		19		24		8		32		43		28		26		10		12		32		3		18		31		41		39		12		14		45		20		27		26		19		27		20		9		19		27		33		22		33		42		26		27		31		0		33		14		23		45		30
41		39		39		10		20		55		7		17		63		54		30		57		35		37		38		33		43		43		21		13		30		51		44		8		44		33		19		40		43		46		7		26		14		53		34		52		42		40		43		28		75		7		16		38		33		0		41		10		12		25
18		8		34		51		39		14		48		36		22		31		33		22		22		26		57		32		40		8		20		40		11		14		45		49		25		8		28		59		6		41		34		33		35		12		23		23		41		47		36		47		34		34		35		17		14		41		0		31		53		44
31		29		29		20		30		45		17		27		53		44		24		47		25		27		48		23		33		33		11		23		20		41		36		18		34		23		19		50		33		36		15		24		24		43		24		42		32		38		33		38		65		17		26		28		23		10		31		0		22		35
53		51		51		4		28		67		7		25		75		66		42		69		47		29		46		25		55		55		33		21		42		63		56		14		40		45		31		48		55		58		19		38		22		65		46		64		54		52		55		36		87		19		24		50		45		12		53		22		0		33
36		52		34		29		5		50		26		8		58		49		25		52		30		62		23		58		38		38		28		12		33		46		39		19		69		42		16		17		50		41		20		21		11		48		29		47		37		35		38		9		70		18		9		61		30		25		44		35		33		0
