N = 90
FROM solution: 0 8 2 51 30 81 69 9 38 19 39 62 48 13 63 7 16 58 18 67 83 78 88 42 24 25 10 22 28 27 87 52 86 35 3 4 36 31 20 26 40 6 47 21 85 45 11 41 82 49 50 75 64 72 54 37 56 46 74 59 60 65 55 61 44 57 66 12 23 14 76 70 29 71 80 43 68 33 53 17 79 5 15 73 77 1 34 32 84 89 0 (value : 4424)
TO   solution: 0 81 29 57 70 4 19 9 44 25 6 75 30 68 37 63 64 15 74 5 45 82 52 35 84 85 28 51 39 87 58 59 36 40 18 86 65 34 3 41 60 56 77 1 26 20 83 69 71 14 12 33 23 31 49 80 2 11 32 67 21 73 48 88 72 43 61 27 47 53 54 66 16 89 10 78 55 62 8 50 42 22 24 38 46 7 17 79 76 13 0 (value : 850)
in 0.005218 seconds (chrono time)
FROM solution: 0 41 2 57 34 16 44 33 5 89 80 43 67 13 30 69 82 36 10 84 49 3 47 52 12 79 72 68 53 48 77 63 17 62 85 64 46 37 38 7 15 18 74 14 6 35 26 56 54 65 50 51 11 23 25 24 83 21 58 87 40 9 86 66 76 39 31 32 71 22 29 1 4 73 42 75 8 28 45 20 27 60 19 55 61 70 78 59 88 81 0 (value : 5466)
TO   solution: 0 26 56 39 45 23 61 53 73 69 20 70 38 29 79 18 35 30 71 9 58 37 55 74 88 33 13 80 51 32 24 62 46 14 25 11 87 60 40 2 21 43 10 52 27 19 72 6 12 81 84 85 67 36 1 5 76 77 50 4 82 41 44 42 59 86 16 3 83 64 54 57 75 28 17 47 65 78 48 31 15 66 89 68 63 7 8 34 22 49 0 (value : 884)
in 0.004859 seconds (chrono time)
FROM solution: 0 17 49 56 4 85 21 36 8 9 10 84 3 13 61 15 43 19 83 77 20 57 59 62 24 51 82 74 28 46 58 6 78 37 2 34 48 69 60 7 29 41 31 89 66 45 5 12 75 22 32 39 68 16 54 33 40 88 44 65 80 55 11 63 64 86 79 35 72 25 70 71 50 26 27 30 87 1 42 52 23 14 53 73 81 76 47 67 38 18 0 (value : 4810)
TO   solution: 0 87 38 18 47 52 32 12 49 29 89 14 4 77 7 23 8 76 16 25 69 59 57 36 9 84 42 10 15 21 31 35 5 72 66 78 45 60 17 24 27 51 74 63 30 11 48 22 33 40 41 65 2 53 56 43 54 73 58 34 44 70 39 26 67 55 83 75 71 86 62 68 64 13 81 3 46 88 61 37 85 19 79 80 6 50 1 20 82 28 0 (value : 864)
in 0.004418 seconds (chrono time)
FROM solution: 0 58 86 20 74 5 24 62 6 13 71 87 4 19 82 42 9 10 21 45 76 1 2 23 57 25 84 33 28 29 72 63 83 54 44 55 36 50 16 78 17 59 35 8 52 67 43 70 61 65 32 60 85 47 77 88 51 81 69 41 30 18 89 14 64 22 66 39 68 34 38 79 40 73 31 75 37 12 53 46 80 48 7 11 56 27 15 26 49 3 0 (value : 5066)
TO   solution: 0 11 32 1 23 53 28 37 30 74 68 21 60 33 85 77 82 36 88 65 34 52 5 84 38 41 78 15 69 62 67 83 87 13 25 81 89 6 51 63 10 55 50 58 31 8 40 27 14 79 4 86 44 72 71 59 35 49 46 20 66 76 7 64 42 56 43 9 48 12 45 19 70 57 2 17 18 61 75 39 73 22 80 47 26 3 54 16 29 24 0 (value : 848)
in 0.004455 seconds (chrono time)
FROM solution: 0 84 49 3 4 43 12 60 83 11 48 39 24 78 14 42 64 26 71 55 16 86 73 22 77 68 17 80 81 20 30 31 44 33 67 74 1 70 35 38 40 41 18 13 29 45 9 89 50 69 58 53 36 82 34 65 56 57 23 59 61 15 63 46 28 47 10 7 25 21 87 72 37 8 27 51 2 76 85 32 79 66 62 19 75 5 52 54 88 6 0 (value : 4732)
TO   solution: 0 4 83 78 75 35 82 76 11 16 85 73 30 63 66 87 31 74 34 59 70 29 40 2 88 62 28 36 45 53 27 41 55 32 86 24 42 72 13 71 21 6 51 79 58 77 64 46 54 50 81 22 18 9 67 19 52 65 56 26 10 47 7 61 12 43 14 44 23 68 37 69 17 80 89 33 20 39 57 38 49 1 5 84 8 25 60 15 3 48 0 (value : 848)
in 0.004674 seconds (chrono time)
FROM solution: 0 1 72 59 69 73 62 58 70 13 25 53 22 9 39 16 51 83 15 20 28 14 36 8 24 42 23 7 11 41 37 26 3 86 18 27 43 30 33 65 40 12 31 21 87 57 55 48 45 49 81 75 52 78 80 82 56 47 71 89 19 88 84 63 64 50 66 10 68 44 35 34 2 60 4 38 76 77 5 6 54 46 79 32 67 85 17 74 61 29 0 (value : 4928)
TO   solution: 0 40 21 22 60 24 2 25 26 17 33 3 30 16 50 57 86 53 19 12 4 47 71 70 64 37 27 36 84 23 8 6 41 65 18 34 74 61 55 20 76 49 78 45 38 39 14 32 62 54 7 10 66 77 51 15 63 5 72 80 28 59 35 88 44 87 82 31 13 79 43 29 69 58 56 73 9 11 46 67 48 42 85 89 68 83 52 75 1 81 0 (value : 896)
in 0.004642 seconds (chrono time)
FROM solution: 0 62 25 68 29 16 51 7 8 23 60 11 24 77 61 45 66 73 18 9 38 48 52 30 49 55 4 15 28 33 22 36 71 41 75 26 6 37 76 39 86 80 53 40 44 54 72 10 3 2 50 58 14 82 1 43 35 20 87 46 13 81 5 89 70 59 47 79 56 69 21 65 17 84 74 42 34 31 27 12 57 83 32 64 19 85 67 78 88 63 0 (value : 5266)
TO   solution: 0 58 34 86 56 52 65 24 12 28 3 53 32 83 30 39 79 70 87 16 76 43 23 67 9 8 25 36 18 63 38 35 31 29 77 68 61 80 19 26 46 55 73 50 7 44 41 66 82 37 5 11 21 60 17 59 14 45 4 15 85 51 1 72 84 48 40 47 22 20 42 88 81 6 49 62 74 57 10 75 54 89 69 27 64 78 2 13 33 71 0 (value : 886)
in 0.004503 seconds (chrono time)
FROM solution: 0 19 66 46 21 5 29 7 20 13 84 54 15 28 41 11 2 44 18 6 56 52 45 33 42 10 40 37 87 23 31 38 32 59 14 72 69 8 60 63 26 67 49 25 68 57 1 9 70 50 82 47 3 65 76 88 4 27 79 74 16 61 34 71 81 24 39 35 48 62 30 75 43 77 17 22 53 83 36 73 80 64 55 12 51 85 86 78 58 89 0 (value : 5114)
TO   solution: 0 57 45 16 3 65 84 63 37 62 75 89 24 47 18 49 41 27 8 80 1 60 2 53 52 15 43 81 31 64 50 73 79 21 34 51 66 76 71 55 32 11 61 20 38 86 35 68 87 39 44 28 23 78 10 13 48 14 26 19 88 12 29 9 40 4 85 82 72 70 58 69 5 42 56 54 77 25 67 22 17 83 59 36 33 74 46 30 7 6 0 (value : 838)
in 0.004734 seconds (chrono time)
FROM solution: 0 28 56 3 9 5 22 47 30 53 10 11 27 82 14 23 40 17 60 1 67 21 16 38 13 87 18 89 19 43 25 52 64 48 84 35 36 2 54 72 46 62 78 42 50 29 39 7 51 45 73 37 55 4 81 12 63 57 20 85 65 33 88 26 71 32 66 6 15 69 70 24 79 76 34 8 61 77 44 68 59 83 31 58 74 41 86 75 49 80 0 (value : 5612)
TO   solution: 0 39 89 81 48 80 37 14 72 61 43 49 63 31 6 33 27 47 26 44 4 83 57 30 29 58 56 1 82 18 22 34 77 74 36 51 60 12 45 68 50 55 35 32 52 70 85 15 40 11 53 28 76 2 10 84 66 46 23 20 42 64 24 25 73 69 75 59 87 5 65 9 41 3 38 71 7 79 8 13 17 67 78 88 19 54 21 16 86 62 0 (value : 890)
in 0.005798 seconds (chrono time)
FROM solution: 0 65 79 22 50 78 58 62 46 86 10 15 14 4 27 74 16 89 18 30 8 85 17 23 68 82 26 7 28 31 40 3 36 6 33 76 5 35 38 37 71 13 21 43 20 1 57 25 70 11 42 69 41 53 54 39 9 29 52 47 60 56 49 64 63 73 34 19 66 83 75 48 72 61 81 88 55 77 59 2 24 45 80 32 84 67 44 87 12 51 0 (value : 5128)
TO   solution: 0 56 34 51 63 16 73 35 10 84 8 6 86 80 11 79 64 1 27 78 69 58 32 60 89 28 38 87 40 59 33 42 22 85 24 48 74 76 55 77 44 81 52 71 15 25 39 70 83 88 31 19 47 68 45 53 43 37 23 65 12 57 4 36 72 5 2 67 46 82 21 75 3 17 7 14 20 50 30 49 66 54 41 29 62 9 13 18 61 26 0 (value : 858)
in 0.002831 seconds (chrono time)
