N = 30
FROM solution: 0 14 6 29 28 13 22 2 8 1 24 11 23 16 9 15 19 26 17 25 10 21 3 7 20 18 4 12 27 5 0 (value : 708)
TO   solution: 0 8 7 11 26 10 24 16 28 14 17 29 27 22 15 21 3 12 19 5 1 4 13 2 18 25 9 23 20 6 0 (value : 156)
in 0.000145 seconds (chrono time)
FROM solution: 0 23 1 16 15 2 5 13 26 22 10 27 8 28 20 4 6 17 7 14 9 11 3 18 24 19 21 12 25 29 0 (value : 536)
TO   solution: 0 24 9 26 20 15 23 2 12 3 18 4 14 5 13 21 8 19 7 16 11 25 29 28 27 1 22 6 17 10 0 (value : 162)
in 0.000297 seconds (chrono time)
FROM solution: 0 1 14 24 18 19 16 22 10 15 2 4 27 11 3 8 9 28 5 23 20 17 6 7 25 12 13 21 26 29 0 (value : 574)
TO   solution: 0 26 3 5 19 4 12 25 15 11 10 21 1 7 20 27 17 14 13 22 28 6 8 23 2 9 24 16 18 29 0 (value : 174)
in 0.000292 seconds (chrono time)
FROM solution: 0 1 4 24 6 7 19 11 5 3 2 25 9 13 12 15 10 22 18 17 20 29 21 23 26 8 16 27 28 14 0 (value : 594)
TO   solution: 0 5 23 25 19 4 13 9 16 10 1 21 17 28 29 3 14 20 24 26 8 12 7 15 27 6 2 11 22 18 0 (value : 172)
in 0.000365 seconds (chrono time)
FROM solution: 0 18 27 15 9 12 14 19 22 5 7 11 4 28 29 16 3 13 10 1 23 20 8 6 21 25 26 24 2 17 0 (value : 570)
TO   solution: 0 22 10 27 11 4 19 15 21 6 14 12 18 9 2 3 28 17 7 13 8 24 23 29 20 5 16 26 1 25 0 (value : 162)
in 0.000351 seconds (chrono time)
FROM solution: 0 6 16 1 14 27 28 13 8 15 25 2 12 7 26 17 20 24 18 29 9 4 22 23 10 3 5 11 19 21 0 (value : 630)
TO   solution: 0 22 9 27 10 17 6 23 15 14 12 16 5 19 4 2 3 20 29 24 11 18 7 21 26 8 25 28 13 1 0 (value : 174)
in 0.00053 seconds (chrono time)
FROM solution: 0 9 2 28 1 19 27 29 20 15 3 5 12 22 26 8 10 4 14 23 13 21 7 18 16 17 11 25 6 24 0 (value : 584)
TO   solution: 0 16 25 21 7 20 5 23 1 22 26 4 8 2 13 10 11 14 28 6 9 12 27 15 19 29 17 18 24 3 0 (value : 162)
in 0.000334 seconds (chrono time)
FROM solution: 0 19 8 28 20 2 3 7 4 11 18 24 16 13 15 5 6 17 1 10 14 9 26 22 21 25 12 27 29 23 0 (value : 638)
TO   solution: 0 25 18 3 11 2 27 17 6 15 9 23 16 7 12 22 28 19 8 4 13 5 10 20 29 1 21 14 26 24 0 (value : 152)
in 0.000318 seconds (chrono time)
FROM solution: 0 10 2 14 5 13 6 16 8 9 18 1 28 22 26 15 7 24 11 29 20 27 25 23 12 21 17 3 4 19 0 (value : 620)
TO   solution: 0 17 28 1 29 12 24 11 13 9 26 3 6 21 27 14 7 2 4 16 20 25 15 5 22 23 8 18 19 10 0 (value : 192)
in 0.000518 seconds (chrono time)
FROM solution: 0 1 25 12 29 9 18 6 15 2 10 11 24 8 14 7 13 23 4 17 20 22 16 21 3 28 5 19 27 26 0 (value : 606)
TO   solution: 0 19 3 8 14 1 23 11 6 25 18 10 20 2 5 9 16 21 7 26 24 17 4 15 22 29 13 12 28 27 0 (value : 176)
in 0.000602 seconds (chrono time)
FROM solution: 0 2 7 27 1 24 8 19 29 12 11 13 22 25 20 15 6 18 10 3 4 14 23 17 9 21 26 5 28 16 0 (value : 560)
TO   solution: 0 23 17 1 27 11 9 19 8 25 20 3 13 14 6 2 18 28 22 15 21 4 29 7 10 12 24 16 26 5 0 (value : 166)
in 0.000181 seconds (chrono time)
FROM solution: 0 25 20 28 21 10 6 27 8 12 3 15 7 4 24 17 16 22 26 1 13 5 2 23 29 18 9 14 11 19 0 (value : 556)
TO   solution: 0 12 19 21 10 4 23 1 25 14 11 18 27 8 24 7 13 15 29 16 28 17 5 3 9 22 6 20 26 2 0 (value : 164)
in 0.000236 seconds (chrono time)
FROM solution: 0 27 24 1 9 5 22 29 8 7 20 11 12 28 6 2 21 4 10 3 26 25 19 23 13 16 18 14 17 15 0 (value : 656)
TO   solution: 0 9 7 18 5 14 28 20 21 29 2 10 27 13 26 16 17 11 23 6 25 4 12 15 8 1 22 3 19 24 0 (value : 162)
in 0.000165 seconds (chrono time)
FROM solution: 0 5 2 7 4 1 3 17 27 21 26 19 12 24 20 29 16 18 6 11 25 13 22 23 15 8 14 28 10 9 0 (value : 542)
TO   solution: 0 4 27 28 23 16 1 18 17 5 19 6 11 20 21 14 15 12 24 13 2 10 22 7 29 3 8 26 25 9 0 (value : 174)
in 0.000176 seconds (chrono time)
FROM solution: 0 12 9 3 17 16 19 11 25 15 20 28 22 24 6 29 7 4 2 14 5 1 21 23 18 8 10 13 27 26 0 (value : 640)
TO   solution: 0 11 23 28 12 16 6 26 3 8 24 27 13 14 15 5 17 21 10 7 29 4 20 1 9 18 22 19 2 25 0 (value : 166)
in 0.000166 seconds (chrono time)
FROM solution: 0 1 2 28 16 5 14 7 19 17 24 13 12 20 25 29 9 11 4 8 23 21 18 15 22 27 26 3 10 6 0 (value : 624)
TO   solution: 0 22 5 26 25 18 21 4 16 27 11 15 28 23 9 7 10 1 24 2 17 8 3 6 29 13 19 12 14 20 0 (value : 162)
in 0.000166 seconds (chrono time)
FROM solution: 0 4 22 28 27 18 6 23 3 9 24 11 14 15 7 20 5 29 2 8 13 17 16 25 19 26 1 10 12 21 0 (value : 674)
TO   solution: 0 10 3 21 2 9 26 12 15 6 7 11 25 27 17 1 4 8 20 5 29 23 14 19 24 18 16 22 28 13 0 (value : 176)
in 0.00016 seconds (chrono time)
FROM solution: 0 16 3 25 2 5 11 15 21 27 10 1 12 20 4 28 22 17 14 19 18 7 13 8 6 23 26 9 24 29 0 (value : 570)
TO   solution: 0 25 13 12 9 18 15 26 7 27 11 6 8 1 17 14 28 10 22 3 21 29 2 20 16 19 4 5 24 23 0 (value : 192)
in 0.000158 seconds (chrono time)
FROM solution: 0 5 2 20 12 28 3 15 14 9 29 4 11 1 22 8 24 16 21 23 13 17 25 18 10 26 27 19 6 7 0 (value : 676)
TO   solution: 0 13 15 4 3 17 6 27 14 5 9 7 23 28 16 8 18 19 29 10 20 24 1 21 2 25 11 26 22 12 0 (value : 162)
in 0.000165 seconds (chrono time)
FROM solution: 0 26 2 28 27 25 12 1 10 13 3 20 6 17 14 5 11 23 9 19 24 8 22 29 21 16 4 7 15 18 0 (value : 628)
TO   solution: 0 6 15 16 11 19 20 14 3 1 5 23 12 2 24 26 8 17 28 18 25 4 29 13 27 9 7 22 21 10 0 (value : 152)
in 0.000174 seconds (chrono time)
FROM solution: 0 12 21 20 19 11 6 7 8 9 1 10 25 17 27 24 22 5 29 4 3 23 2 28 15 26 13 14 18 16 0 (value : 602)
TO   solution: 0 21 23 11 28 4 10 5 25 20 8 19 15 18 16 14 24 1 22 9 7 12 2 3 13 26 29 6 17 27 0 (value : 172)
in 0.000173 seconds (chrono time)
FROM solution: 0 11 14 3 26 8 20 12 29 13 6 2 7 15 17 24 4 1 19 9 28 21 5 16 10 22 25 27 23 18 0 (value : 566)
TO   solution: 0 24 3 11 4 8 1 2 16 26 6 15 21 9 18 19 14 17 29 12 22 5 25 20 10 23 13 7 27 28 0 (value : 162)
in 0.000168 seconds (chrono time)
FROM solution: 0 14 18 26 7 6 25 13 21 5 19 27 17 10 28 11 2 8 15 16 1 3 4 12 24 22 9 20 23 29 0 (value : 614)
TO   solution: 0 1 15 10 13 11 14 21 28 19 7 23 17 9 8 6 20 25 3 29 5 22 24 27 26 16 12 4 2 18 0 (value : 184)
in 0.000163 seconds (chrono time)
FROM solution: 0 21 2 17 27 18 23 22 7 9 16 11 5 24 26 15 8 10 20 25 13 6 3 1 28 12 14 19 29 4 0 (value : 642)
TO   solution: 0 19 5 23 2 29 1 11 6 7 16 9 12 18 15 24 8 3 14 28 10 13 22 21 27 26 25 17 20 4 0 (value : 170)
in 0.000164 seconds (chrono time)
FROM solution: 0 1 8 9 13 2 4 17 7 16 10 23 12 28 14 3 22 5 18 25 20 11 24 15 26 6 19 27 21 29 0 (value : 578)
TO   solution: 0 8 4 3 1 15 25 23 28 21 17 7 16 6 22 12 19 5 18 29 13 9 27 14 2 26 11 10 20 24 0 (value : 178)
in 0.000176 seconds (chrono time)
FROM solution: 0 4 2 25 26 8 28 1 15 9 22 11 7 21 5 27 12 20 18 14 6 3 10 23 19 24 17 16 13 29 0 (value : 566)
TO   solution: 0 12 27 9 8 25 20 18 28 19 5 13 11 16 24 7 1 4 26 22 21 3 6 14 29 17 23 10 15 2 0 (value : 164)
in 0.000259 seconds (chrono time)
FROM solution: 0 3 7 17 4 28 22 1 25 9 16 11 20 15 21 5 19 10 18 24 27 8 29 23 13 6 26 14 12 2 0 (value : 690)
TO   solution: 0 17 5 21 27 25 20 13 19 24 11 28 22 3 6 26 23 12 4 8 2 7 10 1 14 15 29 16 18 9 0 (value : 178)
in 0.000168 seconds (chrono time)
FROM solution: 0 29 24 25 3 16 17 7 5 14 4 2 10 6 20 15 13 1 27 12 28 11 26 23 22 9 18 21 19 8 0 (value : 656)
TO   solution: 0 9 11 25 14 21 20 2 1 27 8 24 12 28 4 22 15 29 18 19 6 5 7 3 13 16 26 23 17 10 0 (value : 198)
in 0.000167 seconds (chrono time)
FROM solution: 0 19 6 29 15 2 14 24 9 11 27 20 25 22 10 4 3 17 1 28 8 21 16 23 12 7 5 26 18 13 0 (value : 554)
TO   solution: 0 29 9 19 14 12 15 23 18 6 26 17 20 11 16 28 8 7 27 24 1 4 21 10 3 5 13 22 2 25 0 (value : 170)
in 0.000173 seconds (chrono time)
FROM solution: 0 7 24 22 3 13 1 4 8 21 18 9 29 6 19 15 25 17 27 12 20 11 16 23 26 2 5 14 28 10 0 (value : 714)
TO   solution: 0 27 20 21 13 14 19 16 2 12 22 23 1 25 28 18 3 8 15 29 10 9 4 26 24 17 6 11 5 7 0 (value : 176)
in 0.000167 seconds (chrono time)
