N = 80
FROM solution: 0 42 10 30 4 68 13 43 8 1 56 50 67 16 45 15 52 24 64 38 72 21 33 32 55 25 69 18 47 28 22 31 54 12 41 20 36 11 19 39 17 34 44 58 60 57 46 70 14 49 53 63 35 71 6 3 23 78 48 65 26 79 62 51 75 59 73 9 29 37 40 7 5 61 27 66 76 77 74 2 0 (value : 4306)
TO   solution: 0 27 79 10 37 64 52 67 48 6 36 75 77 2 29 68 66 42 32 61 25 30 33 55 3 45 9 56 13 21 65 50 51 74 62 23 15 17 7 18 14 8 60 46 58 43 71 1 39 26 41 5 11 34 49 70 72 53 4 54 20 76 28 73 69 47 63 44 22 78 19 40 16 31 59 24 35 57 38 12 0 (value : 714)
in 0.002038 seconds (chrono time)
FROM solution: 0 68 38 65 62 56 25 37 51 6 60 1 55 28 14 15 20 79 32 47 10 16 48 42 29 67 63 11 36 34 22 27 58 33 40 44 52 71 74 70 26 12 31 3 73 30 54 24 23 35 50 64 19 69 59 5 13 46 21 45 53 61 18 41 43 49 66 7 8 4 2 57 77 17 76 75 9 72 78 39 0 (value : 5042)
TO   solution: 0 52 11 33 51 43 76 37 74 4 21 40 18 54 79 22 31 38 53 25 24 64 7 72 67 70 34 58 46 8 9 28 62 26 39 35 17 23 68 27 66 36 14 59 5 29 71 77 55 49 3 13 50 75 20 73 63 45 56 41 47 48 78 6 65 12 2 42 61 57 30 10 15 32 44 1 16 60 69 19 0 (value : 736)
in 0.004927 seconds (chrono time)
FROM solution: 0 56 64 59 49 37 73 7 14 3 76 11 47 46 25 13 23 17 18 30 51 9 29 54 12 74 40 27 22 78 44 77 55 63 34 20 50 4 69 26 31 36 2 32 72 1 8 58 48 66 19 75 52 15 38 70 16 57 41 33 45 35 62 39 42 24 61 5 71 60 65 53 68 6 10 67 43 21 28 79 0 (value : 4200)
TO   solution: 0 13 30 39 61 4 62 53 47 73 20 69 45 77 70 44 12 28 31 16 24 67 19 22 42 50 2 25 51 9 74 72 43 63 48 65 6 57 59 15 26 41 18 17 52 3 40 33 71 56 38 14 32 79 34 35 11 8 36 23 49 58 27 54 29 64 55 10 68 76 60 7 1 21 78 75 37 66 5 46 0 (value : 718)
in 0.00214 seconds (chrono time)
FROM solution: 0 65 23 38 59 11 29 66 57 21 41 79 24 61 2 44 56 68 3 40 28 52 45 12 27 37 26 16 17 39 14 53 32 34 51 35 67 15 71 20 18 47 42 43 73 22 30 9 77 49 50 55 1 31 19 70 6 4 75 48 5 54 62 63 64 25 10 13 36 69 74 58 72 33 7 46 76 60 78 8 0 (value : 3826)
TO   solution: 0 76 10 44 25 53 2 48 23 77 67 70 52 21 4 54 38 49 47 28 9 22 34 29 13 24 78 6 61 8 31 1 64 66 19 72 68 63 69 50 74 37 3 16 65 32 42 43 71 18 55 62 58 73 30 15 57 36 17 11 45 20 39 7 75 51 46 33 40 60 14 56 27 35 5 12 59 26 79 41 0 (value : 756)
in 0.004214 seconds (chrono time)
FROM solution: 0 3 18 21 4 31 51 50 62 75 52 5 12 29 68 60 16 69 67 57 13 36 54 49 32 41 77 27 65 71 25 58 23 33 39 35 56 38 73 70 14 7 43 6 44 20 64 48 34 8 37 42 30 53 1 55 66 17 79 74 47 26 46 76 15 40 2 63 28 10 11 61 24 45 78 72 9 59 19 22 0 (value : 4604)
TO   solution: 0 46 53 10 26 61 34 77 72 20 6 5 49 35 31 48 11 64 9 7 32 44 42 40 50 41 29 74 76 45 51 66 12 23 36 70 67 60 71 16 1 65 27 59 54 13 47 22 52 19 55 17 43 8 78 56 79 75 3 33 57 73 25 69 2 4 39 21 62 24 37 15 14 58 68 38 63 28 30 18 0 (value : 774)
in 0.001997 seconds (chrono time)
FROM solution: 0 1 66 77 33 41 59 68 5 15 44 43 12 75 67 65 16 21 18 19 20 14 64 11 24 71 61 27 48 29 30 22 6 32 34 49 35 78 36 39 3 17 42 46 76 51 63 31 52 69 25 70 57 7 23 55 74 13 58 47 9 37 62 4 38 2 54 28 53 72 45 79 26 50 10 60 73 56 8 40 0 (value : 4400)
TO   solution: 0 72 21 14 65 64 59 62 50 22 61 32 39 43 35 71 55 68 23 51 63 66 76 70 48 34 7 19 47 46 33 56 69 30 75 9 45 3 60 78 53 67 54 38 11 4 79 49 31 44 25 52 18 16 77 57 8 28 12 27 42 26 5 37 29 41 2 15 40 10 1 74 24 20 73 13 6 17 58 36 0 (value : 758)
in 0.002026 seconds (chrono time)
FROM solution: 0 59 26 35 29 19 16 43 24 46 54 79 12 13 65 23 3 17 67 1 20 21 14 31 9 25 8 76 32 7 30 22 69 62 45 51 10 37 39 70 40 28 74 27 72 57 78 33 15 38 53 6 63 71 5 55 47 48 61 58 60 41 56 68 34 64 66 75 42 50 77 49 44 73 18 4 2 52 36 11 0 (value : 4542)
TO   solution: 0 44 58 4 7 79 28 2 26 63 24 45 66 16 43 18 1 62 39 76 34 27 21 57 64 47 40 41 52 74 3 25 68 35 59 23 6 30 77 49 38 60 17 67 15 46 48 31 42 22 20 5 8 9 32 19 78 65 12 33 53 71 73 10 50 72 75 36 69 56 14 37 29 55 70 54 11 51 61 13 0 (value : 766)
in 0.004369 seconds (chrono time)
FROM solution: 0 31 26 60 30 20 48 7 56 38 3 39 45 25 68 27 65 61 58 2 51 79 6 66 63 28 71 67 54 29 4 16 5 74 11 24 21 41 53 57 52 1 75 37 70 8 43 10 12 49 50 64 55 44 9 40 46 34 19 59 22 32 18 17 13 73 23 14 42 78 15 35 72 69 33 77 76 62 36 47 0 (value : 4176)
TO   solution: 0 53 46 69 65 47 40 64 41 31 79 24 36 35 12 76 48 15 59 68 16 4 19 61 1 51 38 49 27 72 73 37 70 56 66 44 52 60 2 62 58 3 54 34 13 17 42 30 6 5 7 25 78 57 55 11 71 22 63 18 67 20 8 39 32 10 43 74 14 33 75 50 29 77 23 45 21 26 9 28 0 (value : 748)
in 0.004132 seconds (chrono time)
FROM solution: 0 41 42 3 48 53 63 68 31 9 1 79 16 71 77 75 5 67 59 76 20 4 57 23 46 25 28 72 45 29 30 13 15 14 6 39 36 60 56 18 47 12 32 34 44 2 54 64 61 19 11 62 26 74 24 38 8 22 58 52 33 35 51 37 7 65 21 49 43 69 70 27 78 73 66 40 55 17 10 50 0 (value : 4552)
TO   solution: 0 38 56 28 32 64 13 16 57 52 30 25 33 22 37 53 6 59 11 15 12 71 78 24 17 10 54 36 46 8 74 70 4 47 76 21 62 35 63 68 45 79 51 3 48 20 9 7 55 23 34 72 66 31 2 41 29 49 61 60 58 19 5 65 43 18 77 44 39 50 26 27 73 75 67 42 1 69 14 40 0 (value : 706)
in 0.004235 seconds (chrono time)
FROM solution: 0 14 17 36 34 50 6 70 15 18 68 31 65 21 54 8 16 10 58 75 9 4 13 37 25 29 40 60 77 56 22 11 32 1 72 62 30 46 49 2 26 41 51 53 24 43 61 47 48 44 64 74 57 42 19 12 3 35 63 7 71 73 33 67 59 69 20 38 27 66 79 52 23 39 45 5 76 28 78 55 0 (value : 3790)
TO   solution: 0 18 35 63 36 53 14 60 46 68 43 21 13 15 67 22 1 12 75 33 72 17 27 29 66 16 28 20 9 6 62 70 58 69 52 79 23 11 64 47 39 73 37 45 61 49 26 78 4 7 71 76 54 10 77 59 19 44 48 8 2 40 32 55 74 42 5 65 31 3 24 25 51 34 38 50 56 57 30 41 0 (value : 742)
in 0.004496 seconds (chrono time)
