N = 100
FROM solution: 0 72 2 17 88 23 31 7 19 80 87 60 98 75 35 15 38 41 50 37 25 89 22 83 95 36 63 92 6 33 53 90 49 76 78 24 97 91 55 66 52 79 59 48 77 4 71 9 56 21 84 61 44 39 18 67 13 8 29 45 11 51 82 73 12 85 54 62 16 69 64 81 1 68 99 57 65 34 14 42 58 3 28 5 46 20 86 47 32 27 30 70 10 93 94 43 96 40 26 74 0 (value : 6178)
TO   solution: 0 8 57 31 85 79 44 21 28 82 75 71 37 24 34 11 49 56 99 46 80 92 84 48 77 22 36 29 14 47 32 91 16 26 93 50 6 43 12 96 1 69 2 62 39 59 40 65 20 30 64 81 5 54 13 63 74 25 89 72 95 45 83 4 90 88 42 70 41 87 97 60 61 27 78 67 76 23 10 15 19 94 3 7 58 17 98 66 9 73 33 86 35 53 68 51 52 18 55 38 0 (value : 1020)
in 0.008352 seconds (chrono time)
FROM solution: 0 96 19 85 4 20 92 66 71 83 10 55 48 13 7 61 52 63 18 34 31 2 22 5 23 54 26 17 97 77 27 72 37 99 73 8 25 53 16 95 40 62 42 60 45 76 46 82 64 39 51 56 11 21 65 69 50 35 3 12 59 47 75 91 14 78 24 87 28 44 6 32 36 43 94 74 80 33 88 38 81 70 58 79 15 90 86 93 67 89 49 29 57 68 9 84 1 30 98 41 0 (value : 6716)
TO   solution: 0 66 60 76 28 32 7 90 29 61 2 24 70 74 51 72 47 25 54 80 82 77 9 92 36 97 15 22 49 95 93 37 75 33 83 99 45 23 20 5 79 55 8 52 4 31 14 48 81 27 78 16 41 69 17 56 39 68 65 11 35 19 62 59 18 94 85 38 3 84 21 98 43 88 86 13 6 63 30 71 53 26 34 73 57 42 91 46 40 96 87 58 89 50 10 44 67 64 12 1 0 (value : 1044)
in 0.007878 seconds (chrono time)
FROM solution: 0 12 2 8 1 44 87 6 36 11 51 78 84 62 66 4 16 17 97 19 85 92 99 81 30 25 86 54 28 26 21 40 77 98 34 93 7 37 13 70 73 60 38 64 9 53 41 43 48 94 24 68 31 29 69 72 80 57 5 59 82 61 10 58 52 15 88 67 89 22 56 71 46 75 74 45 76 18 65 79 23 91 49 83 20 47 39 42 27 32 35 63 50 90 14 95 96 55 33 3 0 (value : 6338)
TO   solution: 0 31 40 41 63 61 28 17 97 29 60 93 64 95 11 8 13 59 3 48 79 69 94 84 1 82 70 42 77 20 2 81 26 36 50 76 56 65 4 98 88 22 15 47 58 33 67 18 91 99 52 83 7 87 23 24 71 25 19 43 34 9 14 44 92 37 66 85 21 35 12 51 74 78 45 90 30 46 68 57 32 53 62 73 6 89 39 38 96 75 55 10 72 5 54 80 49 86 27 16 0 (value : 952)
in 0.008198 seconds (chrono time)
FROM solution: 0 38 39 71 4 70 30 45 85 58 7 36 21 13 33 15 66 2 94 29 62 93 22 19 24 25 73 91 31 51 96 69 88 89 90 47 27 37 40 61 82 28 42 43 95 77 56 35 50 49 86 65 52 53 57 10 18 12 80 17 14 32 34 16 64 97 84 11 23 46 68 41 54 79 63 59 6 75 78 99 67 81 3 5 48 20 92 87 8 26 74 9 83 76 1 72 44 55 98 60 0 (value : 6994)
TO   solution: 0 92 6 85 39 31 23 12 96 63 49 66 87 10 51 74 94 7 82 38 1 99 61 48 45 29 30 5 44 18 21 98 3 13 54 11 86 24 81 50 65 91 55 75 42 28 93 60 20 76 68 4 26 32 77 80 36 97 73 43 16 88 69 9 15 72 33 67 22 95 34 84 14 62 58 17 47 25 59 41 83 57 2 53 79 52 46 37 70 71 35 56 89 78 64 8 90 19 27 40 0 (value : 1016)
in 0.007713 seconds (chrono time)
FROM solution: 0 49 29 3 4 7 84 53 90 41 52 56 16 40 33 9 12 17 79 51 20 77 22 30 13 25 60 66 57 19 64 31 82 8 23 55 35 97 15 87 38 69 42 28 81 59 78 18 48 45 95 2 92 39 34 27 63 14 70 86 47 36 1 96 10 61 88 89 26 73 94 71 32 68 75 21 46 98 99 44 43 91 76 80 58 62 85 24 6 72 5 11 74 93 65 50 54 37 83 67 0 (value : 6516)
TO   solution: 0 66 1 71 79 86 22 97 33 76 29 70 82 50 9 59 85 49 40 52 28 21 98 14 91 81 99 69 35 95 17 60 30 57 65 63 51 20 77 24 80 26 23 68 13 83 4 62 42 87 44 64 12 27 96 84 34 7 39 67 58 45 5 47 61 55 54 56 36 73 31 53 46 90 6 41 19 25 75 78 18 11 74 38 93 37 32 3 88 15 8 94 2 43 16 72 48 92 89 10 0 (value : 970)
in 0.010105 seconds (chrono time)
FROM solution: 0 1 64 96 97 74 47 4 65 26 70 11 32 98 86 9 16 62 23 43 67 21 89 83 50 37 8 25 28 77 63 24 78 79 20 35 55 75 88 46 39 51 42 81 40 45 3 66 87 17 12 93 94 29 92 22 61 57 58 59 82 53 60 49 56 18 5 80 33 69 76 10 36 73 31 68 72 34 27 90 84 7 30 38 41 19 71 13 85 2 52 99 91 44 48 95 6 14 15 54 0 (value : 6360)
TO   solution: 0 53 54 28 89 36 57 47 35 93 49 42 20 61 79 62 58 97 65 52 33 86 7 25 68 27 82 84 48 69 70 67 88 5 16 39 66 10 77 78 24 19 9 99 63 80 76 98 81 15 22 73 45 71 2 55 1 96 94 21 64 87 91 41 18 44 31 12 60 75 6 85 72 38 51 8 23 46 4 3 30 90 13 14 83 17 74 92 29 59 26 40 34 11 95 50 43 37 32 56 0 (value : 1056)
in 0.008431 seconds (chrono time)
FROM solution: 0 94 60 98 40 15 45 7 51 9 80 11 85 13 6 95 68 42 63 41 17 21 76 23 20 25 72 57 32 33 14 75 47 78 64 83 90 73 79 16 70 88 3 87 1 35 43 69 91 49 71 8 36 53 26 19 24 28 38 59 2 27 50 52 12 65 66 46 56 61 30 62 81 82 74 58 89 77 99 92 67 93 4 84 96 86 34 22 37 31 18 97 29 39 55 44 54 48 5 10 0 (value : 6672)
TO   solution: 0 51 68 92 82 74 67 76 15 70 43 14 63 99 73 47 50 49 93 81 52 75 11 59 4 5 3 78 69 62 9 29 20 80 60 90 24 48 54 25 91 89 31 42 38 21 87 55 13 97 88 36 1 53 61 71 7 26 22 32 64 58 28 30 18 23 17 40 98 66 65 33 56 85 57 10 72 34 95 16 35 83 8 79 46 2 19 45 39 44 86 12 94 77 27 6 84 41 37 96 0 (value : 1024)
in 0.007642 seconds (chrono time)
FROM solution: 0 26 94 72 11 10 16 95 68 57 12 99 56 48 52 15 29 32 70 60 91 90 78 73 55 41 87 2 33 37 18 58 74 63 6 81 92 93 45 35 54 9 69 20 44 82 38 61 42 23 88 64 86 53 1 4 30 49 50 28 3 8 62 7 17 83 66 67 77 98 85 71 13 79 59 65 51 43 84 75 27 25 19 47 39 5 76 34 36 21 46 40 89 22 80 14 96 97 31 24 0 (value : 6448)
TO   solution: 0 55 73 9 71 99 35 80 2 54 41 8 48 24 76 30 92 23 85 37 5 14 22 11 51 19 83 53 44 82 40 7 26 86 68 20 59 78 72 12 45 58 46 50 6 25 10 39 96 28 81 49 87 3 61 16 79 69 65 4 15 42 18 75 84 47 98 32 13 91 60 21 52 1 57 38 97 70 67 36 74 33 93 77 17 31 62 27 64 95 88 63 66 56 89 90 94 43 34 29 0 (value : 994)
in 0.01804 seconds (chrono time)
FROM solution: 0 20 61 40 95 5 12 49 3 9 10 11 1 33 72 51 63 91 74 42 30 84 52 85 55 23 80 32 28 77 94 7 39 65 54 38 25 2 96 67 97 6 76 4 66 37 87 36 46 82 90 14 47 8 71 18 92 15 69 26 99 98 53 16 27 45 17 78 83 59 70 44 21 73 64 75 81 62 50 79 56 19 48 93 31 24 41 57 88 89 60 34 58 29 13 68 35 86 43 22 0 (value : 7098)
TO   solution: 0 85 98 74 3 78 24 20 75 56 27 82 23 10 86 84 64 72 80 97 15 55 25 89 69 39 79 61 1 87 6 2 5 38 83 46 13 37 45 31 99 28 71 53 70 81 90 59 34 40 49 92 48 91 12 73 32 51 18 42 63 58 96 26 50 35 41 19 43 33 16 94 8 66 11 44 22 95 54 62 68 36 77 17 21 57 93 88 4 65 60 52 67 76 47 9 14 29 30 7 0 (value : 1006)
in 0.008052 seconds (chrono time)
FROM solution: 0 41 67 83 1 30 46 38 48 5 31 93 11 13 7 15 35 34 40 28 87 70 51 23 14 47 75 24 96 65 60 92 37 33 97 78 56 36 39 12 94 62 81 25 85 71 77 55 90 21 50 57 45 53 86 49 27 91 74 59 73 61 4 54 69 44 66 63 68 43 16 8 72 26 99 52 88 64 95 89 10 9 2 3 82 42 58 19 98 32 80 22 6 79 18 17 84 20 76 29 0 (value : 6858)
TO   solution: 0 53 1 8 69 78 10 64 87 72 9 2 16 21 34 44 50 33 67 40 45 37 49 11 14 97 58 70 27 65 26 73 84 48 98 68 63 23 6 29 13 42 95 54 90 43 28 24 39 92 41 38 85 35 31 52 99 57 61 17 93 18 55 94 7 4 5 74 20 51 22 19 75 83 32 15 81 62 96 47 36 82 91 66 3 71 56 59 46 89 30 80 25 77 79 86 60 88 76 12 0 (value : 1004)
in 0.003586 seconds (chrono time)
