N = 30
FROM solution: 0 13 21 24 17 26 8 16 14 18 3 19 1 29 5 12 10 4 6 2 9 27 15 23 22 25 11 7 28 20 0 (value : 636)
TO   solution: 0 18 21 1 11 16 15 22 28 2 5 3 4 10 6 20 17 26 8 19 27 14 7 29 12 13 24 25 9 23 0 (value : 156)
in 0.000168 seconds (chrono time)
FROM solution: 0 16 20 15 3 9 24 27 8 23 25 11 12 26 21 28 10 4 18 19 6 5 2 7 1 13 22 14 29 17 0 (value : 604)
TO   solution: 0 7 13 8 4 18 9 26 20 28 5 19 6 22 23 12 16 24 1 25 27 29 11 17 14 21 2 3 10 15 0 (value : 158)
in 0.000165 seconds (chrono time)
FROM solution: 0 25 26 1 2 16 10 7 27 28 9 11 4 17 14 15 12 22 3 23 21 29 5 6 24 13 8 20 18 19 0 (value : 550)
TO   solution: 0 19 9 29 28 22 13 2 7 18 15 24 1 21 25 4 26 14 27 20 16 17 11 6 3 5 12 10 8 23 0 (value : 158)
in 0.000267 seconds (chrono time)
FROM solution: 0 18 7 12 13 27 22 8 16 9 14 15 1 10 4 3 26 20 6 19 17 11 21 28 23 25 24 5 2 29 0 (value : 606)
TO   solution: 0 15 20 19 7 21 2 14 29 1 10 28 23 11 24 17 27 25 12 9 8 4 3 26 18 16 22 5 6 13 0 (value : 164)
in 0.000169 seconds (chrono time)
FROM solution: 0 6 22 28 20 25 24 4 1 7 10 12 23 13 14 29 16 15 18 3 17 21 8 5 19 9 2 27 11 26 0 (value : 492)
TO   solution: 0 23 7 11 2 4 20 25 21 5 1 18 8 27 15 17 28 16 19 12 29 22 26 13 14 3 6 10 24 9 0 (value : 150)
in 0.000165 seconds (chrono time)
FROM solution: 0 20 3 6 21 16 4 23 12 27 24 2 28 10 18 15 11 5 14 1 17 9 13 8 7 25 29 19 26 22 0 (value : 550)
TO   solution: 0 13 19 22 14 9 20 1 3 15 12 18 10 4 16 11 23 8 2 29 5 24 17 7 26 25 6 27 28 21 0 (value : 168)
in 0.00017 seconds (chrono time)
FROM solution: 0 13 15 3 29 2 10 7 22 1 19 11 18 9 14 26 4 17 6 25 20 21 8 23 24 12 27 16 28 5 0 (value : 520)
TO   solution: 0 22 14 12 9 24 19 13 17 27 5 16 10 25 23 26 21 11 8 3 15 28 4 2 6 29 7 1 18 20 0 (value : 156)
in 0.000171 seconds (chrono time)
FROM solution: 0 10 21 17 16 5 8 25 12 9 1 22 27 11 29 15 13 3 2 19 7 6 23 20 24 28 18 4 26 14 0 (value : 580)
TO   solution: 0 25 19 3 14 2 23 18 27 29 11 21 4 8 13 10 15 1 20 9 22 7 12 5 16 28 24 26 17 6 0 (value : 172)
in 0.000169 seconds (chrono time)
FROM solution: 0 8 12 27 7 21 15 5 13 18 10 11 29 16 1 26 4 23 19 9 17 22 14 2 28 25 20 3 6 24 0 (value : 482)
TO   solution: 0 25 13 2 5 17 16 1 22 8 3 29 10 7 27 21 18 24 15 6 4 19 12 23 14 11 9 28 26 20 0 (value : 154)
in 0.000167 seconds (chrono time)
FROM solution: 0 23 2 15 16 18 9 7 10 4 21 11 20 26 6 25 8 22 24 17 27 19 28 29 13 12 5 14 1 3 0 (value : 422)
TO   solution: 0 5 13 12 1 14 19 8 18 29 6 16 2 10 3 17 24 11 22 21 25 4 20 26 15 9 23 27 7 28 0 (value : 162)
in 0.000169 seconds (chrono time)
FROM solution: 0 27 17 25 12 8 22 7 18 26 9 11 23 4 10 21 16 2 28 19 5 13 3 14 24 15 6 1 20 29 0 (value : 474)
TO   solution: 0 11 22 16 19 5 26 10 27 4 18 25 13 17 1 3 15 20 21 24 6 12 8 28 23 14 9 7 2 29 0 (value : 166)
in 0.000199 seconds (chrono time)
FROM solution: 0 11 24 26 22 3 16 6 8 4 10 18 21 27 15 17 5 12 20 2 9 29 14 23 19 25 1 28 7 13 0 (value : 564)
TO   solution: 0 28 26 11 19 17 8 3 21 9 15 24 5 20 14 23 16 2 22 27 18 29 6 10 4 7 1 13 25 12 0 (value : 164)
in 0.000166 seconds (chrono time)
FROM solution: 0 26 25 12 23 22 21 7 28 8 6 10 3 13 18 15 5 9 4 20 11 1 14 17 16 2 27 29 24 19 0 (value : 436)
TO   solution: 0 23 3 8 6 26 12 25 10 19 7 24 11 20 13 22 17 14 5 15 2 4 16 18 21 1 9 29 28 27 0 (value : 176)
in 0.00017 seconds (chrono time)
FROM solution: 0 22 20 3 19 27 24 7 4 15 18 28 25 5 16 9 29 12 10 11 13 17 1 8 14 23 6 2 21 26 0 (value : 566)
TO   solution: 0 6 1 13 21 15 11 7 22 10 3 2 16 9 12 25 28 18 27 8 4 14 5 29 17 24 20 19 23 26 0 (value : 176)
in 0.000172 seconds (chrono time)
FROM solution: 0 4 22 29 26 28 11 7 13 14 12 24 3 18 17 19 6 8 23 25 21 5 20 9 16 15 10 27 2 1 0 (value : 464)
TO   solution: 0 13 20 2 12 10 27 4 25 15 9 3 26 8 23 11 28 7 18 21 19 29 16 14 17 22 1 24 6 5 0 (value : 174)
in 0.000186 seconds (chrono time)
FROM solution: 0 12 7 10 1 27 6 4 24 26 13 15 2 5 8 3 23 11 18 29 9 28 14 17 16 25 19 22 21 20 0 (value : 536)
TO   solution: 0 20 24 1 11 29 28 7 13 25 5 4 15 22 14 9 21 19 27 26 6 12 8 23 10 2 3 18 17 16 0 (value : 152)
in 0.000179 seconds (chrono time)
FROM solution: 0 18 29 19 17 26 8 24 22 1 10 6 5 13 7 2 12 3 4 16 20 21 14 9 15 25 27 23 11 28 0 (value : 538)
TO   solution: 0 18 4 7 9 13 29 10 26 27 14 20 17 21 12 24 23 8 5 25 19 22 3 2 6 11 16 28 1 15 0 (value : 166)
in 0.000217 seconds (chrono time)
FROM solution: 0 8 14 15 7 5 6 4 19 27 2 3 17 13 12 25 24 29 9 23 11 21 22 20 16 18 10 26 28 1 0 (value : 538)
TO   solution: 0 3 29 22 21 16 9 6 7 2 13 15 23 12 8 25 20 19 24 4 27 17 26 28 11 14 18 1 5 10 0 (value : 168)
in 0.000221 seconds (chrono time)
FROM solution: 0 23 5 29 14 22 18 24 17 2 28 15 13 4 9 19 16 10 6 21 26 3 12 27 8 25 1 11 7 20 0 (value : 516)
TO   solution: 0 18 12 6 28 15 20 13 21 3 4 2 24 14 8 9 1 19 16 26 29 7 22 17 25 11 5 27 10 23 0 (value : 170)
in 0.000237 seconds (chrono time)
FROM solution: 0 8 7 1 20 6 5 29 23 9 4 27 11 12 10 15 16 17 19 14 26 18 2 21 24 3 25 22 28 13 0 (value : 506)
TO   solution: 0 13 2 14 26 28 3 7 6 11 17 16 15 18 22 4 24 25 29 21 27 12 1 8 20 9 5 23 19 10 0 (value : 162)
in 0.000229 seconds (chrono time)
FROM solution: 0 9 2 26 4 13 24 3 5 11 12 7 19 17 20 15 22 1 14 6 29 25 16 28 10 8 18 23 27 21 0 (value : 516)
TO   solution: 0 21 19 28 25 23 18 20 2 10 26 8 27 3 9 29 7 4 16 12 6 22 1 17 5 11 13 15 24 14 0 (value : 154)
in 0.000241 seconds (chrono time)
FROM solution: 0 1 24 20 7 3 6 27 8 22 11 19 29 2 4 10 13 5 9 16 23 21 25 28 26 14 17 15 12 18 0 (value : 572)
TO   solution: 0 24 25 1 7 12 2 21 3 29 19 9 27 14 6 23 17 5 18 26 22 13 11 20 28 16 10 15 8 4 0 (value : 168)
in 0.000246 seconds (chrono time)
FROM solution: 0 6 18 3 2 17 27 7 28 23 10 26 8 15 22 12 24 13 14 19 20 25 21 5 1 9 4 11 29 16 0 (value : 588)
TO   solution: 0 2 24 14 21 1 25 3 19 29 4 10 9 27 16 28 26 8 7 17 23 6 5 22 12 15 13 18 20 11 0 (value : 160)
in 0.000238 seconds (chrono time)
FROM solution: 0 1 12 5 6 28 4 23 2 15 17 19 10 24 29 14 16 27 9 3 11 21 18 20 13 25 26 7 8 22 0 (value : 642)
TO   solution: 0 14 27 7 9 19 15 1 2 21 6 12 25 3 29 17 5 23 10 20 24 8 13 22 18 4 28 16 26 11 0 (value : 172)
in 0.000249 seconds (chrono time)
FROM solution: 0 1 2 9 25 7 16 26 10 13 23 24 3 29 14 11 20 12 22 19 18 8 27 17 21 15 5 4 28 6 0 (value : 616)
TO   solution: 0 2 22 5 29 8 11 7 19 3 16 17 20 14 12 18 27 1 26 21 4 9 13 15 6 28 10 25 23 24 0 (value : 164)
in 0.000256 seconds (chrono time)
FROM solution: 0 19 25 28 29 27 3 17 23 16 7 11 26 4 18 9 24 2 8 12 20 10 22 5 13 1 6 14 21 15 0 (value : 660)
TO   solution: 0 27 17 12 3 10 14 16 25 24 8 11 22 29 20 15 18 9 13 4 23 19 5 1 6 7 21 26 28 2 0 (value : 160)
in 0.000245 seconds (chrono time)
FROM solution: 0 28 26 18 13 24 19 7 9 5 23 6 12 22 14 25 11 15 3 27 20 1 10 2 21 8 16 4 17 29 0 (value : 438)
TO   solution: 0 25 21 22 19 27 10 4 17 28 14 29 16 26 6 8 20 15 13 12 24 18 2 7 1 9 5 11 3 23 0 (value : 162)
in 0.000254 seconds (chrono time)
FROM solution: 0 20 7 24 9 28 13 25 8 17 2 23 10 11 4 19 6 22 5 21 26 18 15 3 29 16 12 27 14 1 0 (value : 596)
TO   solution: 0 19 5 6 27 1 16 13 20 15 24 7 4 3 14 18 21 9 10 12 29 23 17 8 25 22 26 28 2 11 0 (value : 160)
in 0.000271 seconds (chrono time)
FROM solution: 0 1 14 3 7 27 22 2 16 25 23 20 4 9 6 13 17 8 24 28 19 29 18 26 10 5 21 15 11 12 0 (value : 560)
TO   solution: 0 14 19 8 21 11 23 4 2 15 13 24 16 10 9 25 3 20 6 1 18 29 5 26 22 7 27 12 17 28 0 (value : 162)
in 0.000265 seconds (chrono time)
FROM solution: 0 1 13 3 27 29 8 21 12 11 10 22 26 23 5 4 28 6 2 18 25 19 16 14 24 17 20 7 9 15 0 (value : 572)
TO   solution: 0 13 14 12 4 11 29 9 23 2 28 21 7 27 17 6 3 22 20 26 19 1 15 5 24 25 10 8 16 18 0 (value : 164)
in 0.000266 seconds (chrono time)
