N = 50
FROM solution: 0 8 47 21 4 5 6 42 10 36 16 27 17 37 1 3 39 26 48 14 7 46 2 9 35 41 29 11 28 38 30 49 31 19 12 24 34 22 18 25 40 15 33 43 23 45 20 32 44 13 0 (value : 1716)
TO   solution: 0 42 33 16 9 2 5 49 37 44 47 30 19 4 25 21 34 11 24 17 40 7 20 12 23 14 48 26 10 41 32 1 27 35 31 18 38 6 13 46 3 39 29 43 36 8 28 22 15 45 0 (value : 366)
in 0.000678 seconds (chrono time)
FROM solution: 0 6 38 12 47 22 43 7 17 29 10 4 8 46 13 40 16 3 15 42 2 37 39 28 45 33 26 34 41 1 23 31 32 5 44 48 36 11 30 21 27 14 24 19 35 25 18 9 20 49 0 (value : 1792)
TO   solution: 0 33 47 37 49 46 36 2 16 31 38 20 42 12 26 17 25 24 28 44 35 5 13 43 11 41 1 18 40 21 10 22 3 19 8 23 34 30 48 29 4 27 45 39 7 6 15 9 32 14 0 (value : 340)
in 0.000756 seconds (chrono time)
FROM solution: 0 11 14 3 27 31 1 37 33 9 13 6 34 20 42 46 35 22 45 16 38 25 12 30 2 44 21 18 43 29 23 49 32 41 39 4 36 7 8 24 26 15 19 48 10 5 28 47 17 40 0 (value : 1802)
TO   solution: 0 25 30 14 26 15 40 38 49 1 47 5 6 8 45 13 12 18 22 34 39 11 32 29 35 3 33 20 24 17 7 2 16 37 21 46 44 4 41 28 48 9 36 42 31 27 23 10 19 43 0 (value : 396)
in 0.000643 seconds (chrono time)
FROM solution: 0 1 17 38 35 5 6 44 48 40 37 2 39 18 8 30 16 10 20 15 12 49 21 24 33 25 46 14 7 22 43 27 19 3 32 34 11 4 45 29 47 9 42 23 41 26 28 31 13 36 0 (value : 1780)
TO   solution: 0 22 37 12 36 1 32 31 26 8 23 24 10 35 34 3 33 7 49 14 21 46 41 40 6 48 28 9 17 45 11 47 13 42 18 19 39 2 15 30 29 38 5 4 43 25 44 27 16 20 0 (value : 366)
in 0.000601 seconds (chrono time)
FROM solution: 0 8 24 3 36 44 43 42 1 28 32 38 13 6 23 11 16 25 15 5 40 7 29 12 21 39 47 33 9 18 30 31 10 45 20 4 26 37 48 46 27 19 35 22 34 14 2 17 41 49 0 (value : 1774)
TO   solution: 0 29 7 23 17 41 36 34 25 1 6 2 31 39 42 4 37 40 30 8 48 14 27 20 19 13 21 12 22 5 16 24 35 10 11 49 26 28 3 33 43 44 47 32 18 46 38 15 45 9 0 (value : 406)
in 0.000626 seconds (chrono time)
FROM solution: 0 14 31 11 4 22 38 7 8 47 24 18 12 48 13 29 1 17 16 6 41 3 2 39 23 25 42 10 49 19 37 30 32 28 26 15 45 43 35 21 46 20 5 33 44 9 34 36 27 40 0 (value : 1718)
TO   solution: 0 26 19 2 22 1 23 31 6 25 47 36 12 4 15 24 17 46 21 38 14 9 5 48 40 7 34 49 8 30 10 35 37 39 42 41 44 29 27 20 11 13 32 33 16 28 43 45 3 18 0 (value : 398)
in 0.000624 seconds (chrono time)
FROM solution: 0 1 10 5 4 40 19 37 14 33 16 35 49 24 27 15 26 17 47 25 34 43 8 23 32 29 9 20 28 38 13 31 48 11 44 46 36 7 41 12 22 2 42 30 45 3 39 18 21 6 0 (value : 1516)
TO   solution: 0 27 43 7 16 37 36 28 20 3 45 31 44 29 2 1 46 18 22 34 9 42 47 8 38 48 26 5 13 10 14 17 39 25 30 49 32 40 15 6 19 12 23 11 35 33 21 24 4 41 0 (value : 368)
in 0.000608 seconds (chrono time)
FROM solution: 0 28 24 11 4 20 35 23 22 39 30 44 14 13 16 43 15 17 34 7 2 18 45 27 29 49 26 40 9 21 10 37 25 6 19 12 46 31 38 33 8 5 36 41 3 32 1 47 48 42 0 (value : 1462)
TO   solution: 0 7 34 37 10 48 40 16 49 21 14 11 12 28 3 15 18 41 24 35 42 20 27 8 4 13 36 19 26 1 22 9 43 32 29 45 44 46 31 25 5 33 30 17 23 6 47 39 2 38 0 (value : 366)
in 0.000637 seconds (chrono time)
FROM solution: 0 7 14 4 27 11 23 1 8 9 49 12 37 24 16 17 42 19 32 18 43 21 20 15 48 2 10 25 13 39 6 28 5 30 34 31 36 29 41 46 47 38 26 35 44 45 3 33 40 22 0 (value : 1646)
TO   solution: 0 2 18 41 29 27 31 48 36 9 21 11 28 12 43 49 10 7 3 44 37 42 8 46 19 24 20 1 35 47 5 39 25 40 13 4 26 32 33 38 14 30 17 16 6 22 23 15 45 34 0 (value : 378)
in 0.0006 seconds (chrono time)
FROM solution: 0 41 49 18 17 23 33 3 8 9 36 47 13 35 43 37 16 7 26 32 19 21 24 34 45 15 2 28 30 27 5 31 10 44 40 4 6 12 1 14 11 42 29 46 48 39 22 25 38 20 0 (value : 1790)
TO   solution: 0 31 25 27 35 6 47 11 37 43 14 16 15 29 33 12 18 24 36 19 23 38 45 8 41 46 3 5 42 13 49 7 21 40 17 2 30 1 32 20 22 4 48 39 44 10 28 34 9 26 0 (value : 380)
in 0.000583 seconds (chrono time)
FROM solution: 0 39 4 20 30 32 14 11 48 42 22 47 12 13 1 15 43 17 6 38 37 9 41 44 40 25 16 31 28 29 18 23 7 49 34 35 21 19 26 10 46 24 27 36 8 45 3 2 33 5 0 (value : 1560)
TO   solution: 0 32 36 15 48 19 41 45 37 40 20 4 2 39 25 13 10 38 27 35 43 21 31 9 46 18 3 28 29 44 5 22 8 26 30 11 6 42 17 33 49 24 16 7 1 23 12 14 34 47 0 (value : 356)
in 0.000638 seconds (chrono time)
FROM solution: 0 1 19 3 43 35 6 49 36 31 37 44 32 2 20 23 30 26 34 45 42 11 22 25 15 7 10 5 47 16 12 9 17 13 46 21 48 4 14 39 40 41 27 18 38 33 29 28 24 8 0 (value : 1552)
TO   solution: 0 35 14 45 8 33 12 30 13 37 39 25 36 49 20 3 15 31 42 11 29 18 41 44 9 6 17 16 32 21 46 24 48 4 40 1 22 26 2 19 43 38 7 34 28 5 23 27 10 47 0 (value : 366)
in 0.000611 seconds (chrono time)
FROM solution: 0 23 16 3 18 8 15 38 4 27 10 28 29 5 37 1 40 2 44 48 49 25 6 32 24 35 26 9 46 7 30 47 36 13 43 11 20 21 39 34 17 42 19 12 41 14 22 31 45 33 0 (value : 1496)
TO   solution: 0 4 6 7 35 46 45 3 26 40 36 10 37 13 41 19 17 30 31 11 29 23 42 15 20 39 47 16 2 18 33 32 5 28 44 8 1 24 12 22 48 34 25 49 9 14 21 27 43 38 0 (value : 334)
in 0.000587 seconds (chrono time)
FROM solution: 0 1 27 48 36 34 17 7 8 12 11 24 2 13 5 9 4 31 38 32 20 26 39 41 19 15 30 18 43 35 3 6 42 33 21 22 46 45 44 28 29 14 40 10 23 37 25 47 16 49 0 (value : 1660)
TO   solution: 0 11 4 23 20 45 5 46 6 43 29 9 19 25 32 16 8 33 31 41 26 10 40 14 39 49 12 30 48 2 22 36 47 7 15 37 24 44 34 3 1 21 42 18 27 17 35 28 38 13 0 (value : 364)
in 0.000613 seconds (chrono time)
FROM solution: 0 1 21 7 18 48 30 31 8 29 9 11 2 22 12 6 16 17 4 40 20 36 13 37 35 33 34 41 5 38 42 25 32 45 27 14 39 15 28 3 46 10 24 43 44 49 19 47 23 26 0 (value : 1772)
TO   solution: 0 11 22 18 49 47 16 3 28 42 8 24 38 43 5 34 7 32 15 6 14 41 26 30 9 20 27 40 37 10 35 19 36 23 25 21 4 2 1 45 33 17 12 13 31 48 39 44 29 46 0 (value : 390)
in 0.000718 seconds (chrono time)
FROM solution: 0 35 2 47 4 5 25 27 17 48 29 14 23 12 11 39 1 18 36 8 21 31 6 41 45 38 34 19 28 42 32 15 33 10 26 20 43 40 3 49 37 13 24 22 7 16 9 30 44 46 0 (value : 1694)
TO   solution: 0 40 13 15 7 46 22 23 43 37 21 45 39 26 29 27 38 35 2 30 8 18 24 19 10 41 28 49 42 20 3 6 4 25 48 36 16 11 1 12 9 44 47 17 33 32 14 5 31 34 0 (value : 356)
in 0.000793 seconds (chrono time)
FROM solution: 0 30 26 3 49 10 33 1 12 24 14 40 38 15 19 43 16 17 8 27 34 21 44 23 11 32 13 18 28 29 5 39 4 48 25 41 31 37 45 9 47 6 42 35 36 2 20 46 7 22 0 (value : 1674)
TO   solution: 0 12 34 31 10 2 38 16 36 29 22 37 14 27 39 49 4 7 42 32 26 30 41 19 23 6 3 48 45 47 18 20 44 25 15 13 24 43 1 28 46 17 21 5 33 8 40 9 11 35 0 (value : 380)
in 0.00075 seconds (chrono time)
FROM solution: 0 5 4 30 6 39 13 43 27 25 22 11 37 7 21 24 26 17 23 1 3 10 15 18 32 49 12 31 19 44 20 48 9 47 16 46 36 8 38 2 40 41 35 14 29 45 28 33 34 42 0 (value : 1570)
TO   solution: 0 47 38 25 33 28 15 14 16 32 46 36 10 9 12 8 27 42 29 3 18 40 31 24 4 44 45 30 2 49 37 48 34 13 20 1 5 43 21 39 7 41 11 6 35 17 22 26 23 19 0 (value : 376)
in 0.000757 seconds (chrono time)
FROM solution: 0 4 16 13 45 17 42 46 39 37 26 27 12 2 10 15 6 21 31 34 29 18 3 44 38 41 8 11 9 20 30 23 19 33 43 47 14 7 22 36 48 25 1 35 49 32 5 24 40 28 0 (value : 1800)
TO   solution: 0 25 31 27 44 21 22 47 11 9 49 19 29 42 37 48 13 8 14 20 3 34 36 10 23 17 38 39 40 46 45 15 5 41 16 32 30 24 28 1 35 6 12 2 26 33 43 4 7 18 0 (value : 366)
in 0.000737 seconds (chrono time)
FROM solution: 0 29 2 14 26 36 34 7 47 38 6 4 41 13 17 31 42 5 45 23 16 9 49 18 10 3 48 25 28 11 22 46 32 33 21 19 27 12 43 1 15 20 39 30 37 35 40 44 8 24 0 (value : 1834)
TO   solution: 0 22 37 5 19 36 31 3 9 21 29 48 24 47 11 6 20 39 40 41 16 12 34 7 27 17 49 1 25 32 2 30 26 46 4 14 13 44 15 35 45 43 18 42 33 23 38 8 28 10 0 (value : 382)
in 0.000769 seconds (chrono time)
FROM solution: 0 45 39 3 15 9 28 35 44 5 36 24 26 29 40 33 6 18 1 49 12 37 41 23 48 13 30 22 46 25 14 16 7 4 31 11 32 10 19 20 2 17 42 21 27 34 43 47 8 38 0 (value : 1652)
TO   solution: 0 38 23 4 43 19 29 1 16 37 34 15 35 36 6 49 17 27 41 14 33 13 2 9 26 28 48 45 40 44 31 12 30 3 21 7 24 47 5 10 39 20 42 8 46 32 11 25 22 18 0 (value : 354)
in 0.000761 seconds (chrono time)
FROM solution: 0 8 23 43 35 26 20 28 40 47 4 11 36 13 32 22 16 10 44 15 5 21 9 30 3 49 18 37 7 12 24 45 17 14 34 42 27 6 38 48 31 33 29 19 25 39 46 2 1 41 0 (value : 1508)
TO   solution: 0 22 24 49 16 32 38 1 8 46 26 2 28 19 7 3 40 41 37 4 47 27 25 9 18 11 12 17 45 29 13 20 21 39 5 44 15 31 10 23 33 36 35 42 43 6 48 30 14 34 0 (value : 364)
in 0.000571 seconds (chrono time)
FROM solution: 0 1 2 3 12 5 46 27 19 9 10 30 39 13 8 11 28 23 21 48 41 17 22 18 35 25 31 7 16 49 26 42 38 15 44 14 29 6 34 33 37 47 24 20 32 40 4 43 45 36 0 (value : 1682)
TO   solution: 0 17 32 21 28 33 13 10 49 35 34 39 38 4 9 20 19 27 30 12 7 36 3 46 15 18 45 16 44 2 14 41 31 37 47 11 1 22 43 23 8 29 6 25 42 24 40 26 5 48 0 (value : 386)
in 0.00063 seconds (chrono time)
FROM solution: 0 25 5 2 4 12 30 7 14 9 8 11 43 41 3 36 49 17 18 24 29 20 48 47 6 23 28 21 27 39 33 31 42 22 34 35 19 10 38 1 16 37 13 46 40 45 15 26 44 32 0 (value : 1708)
TO   solution: 0 28 29 43 42 6 46 27 17 41 26 34 32 49 40 48 20 25 45 36 8 16 15 24 37 4 47 12 11 18 19 44 38 39 14 30 13 9 10 5 21 35 7 3 2 22 1 33 23 31 0 (value : 358)
in 0.000621 seconds (chrono time)
FROM solution: 0 46 15 16 40 10 48 2 14 45 19 8 7 30 35 3 13 18 5 6 47 36 29 38 24 25 23 39 28 26 1 31 9 33 22 49 11 37 27 17 21 41 12 43 20 42 4 44 34 32 0 (value : 1734)
TO   solution: 0 27 38 8 47 3 4 23 24 46 20 49 33 17 18 34 11 32 16 7 10 35 13 40 9 37 36 19 15 42 29 12 2 31 39 45 6 22 26 30 21 28 48 14 41 25 43 5 1 44 0 (value : 360)
in 0.000581 seconds (chrono time)
FROM solution: 0 23 2 3 12 8 28 26 1 14 6 11 16 49 7 44 9 17 5 24 47 40 35 15 29 25 4 30 21 36 22 31 32 33 48 43 10 27 38 19 18 41 37 13 46 42 39 20 34 45 0 (value : 1552)
TO   solution: 0 39 11 18 7 20 47 29 24 9 25 26 1 17 28 34 6 13 22 27 48 46 8 43 40 3 36 45 37 16 5 4 15 21 35 30 2 32 23 42 44 31 33 19 38 14 41 10 12 49 0 (value : 376)
in 0.000637 seconds (chrono time)
FROM solution: 0 1 2 6 12 40 23 35 4 36 30 11 49 15 14 19 16 18 3 32 7 29 38 5 39 25 10 8 31 21 20 28 41 46 26 33 13 48 17 27 44 22 47 45 34 9 42 24 37 43 0 (value : 1440)
TO   solution: 0 30 39 41 8 37 29 31 49 7 12 47 25 21 22 38 45 13 9 5 6 11 28 23 42 32 44 35 26 4 3 40 2 1 16 18 14 46 24 20 27 48 15 34 17 33 19 36 10 43 0 (value : 370)
in 0.000584 seconds (chrono time)
FROM solution: 0 30 16 19 6 18 3 22 28 9 27 11 8 12 4 15 1 34 35 38 46 29 20 26 37 49 14 10 45 44 40 48 25 7 21 33 36 17 2 39 32 41 42 43 24 23 5 47 31 13 0 (value : 1614)
TO   solution: 0 13 31 49 22 18 12 38 14 5 21 1 36 42 26 32 37 44 11 46 39 25 47 10 20 43 28 23 34 48 2 35 4 15 40 29 41 7 33 9 30 16 27 3 17 45 6 24 8 19 0 (value : 350)
in 0.000577 seconds (chrono time)
FROM solution: 0 8 26 27 41 33 14 19 6 9 16 17 2 1 40 15 46 10 18 5 23 21 38 43 36 39 48 49 34 29 30 25 32 3 22 31 12 7 4 42 44 24 47 20 45 35 28 11 37 13 0 (value : 1664)
TO   solution: 0 27 23 28 15 25 7 33 6 26 47 16 29 36 37 2 38 41 32 35 10 14 11 48 21 30 8 17 49 1 34 42 44 22 19 40 13 20 31 12 24 4 46 3 45 39 18 9 43 5 0 (value : 370)
in 0.000572 seconds (chrono time)
FROM solution: 0 34 47 19 7 26 6 10 8 37 45 22 24 32 30 27 13 43 18 20 44 29 39 4 25 21 42 46 28 23 2 16 36 9 11 33 3 40 12 35 1 41 48 17 38 5 15 31 14 49 0 (value : 1800)
TO   solution: 0 5 18 22 21 25 40 39 46 27 11 48 30 24 36 19 13 29 8 12 47 9 33 4 1 37 15 2 43 26 6 38 7 16 20 32 35 23 42 28 49 44 14 10 41 34 31 45 3 17 0 (value : 376)
in 0.000602 seconds (chrono time)
