N = 100
FROM solution: 0 99 19 79 69 83 18 22 16 9 47 55 12 23 75 81 88 84 87 51 20 14 60 39 30 4 26 48 44 61 40 98 74 46 34 68 17 5 38 36 21 41 24 10 92 42 33 94 1 58 80 72 70 49 27 91 31 57 82 90 64 2 25 6 89 66 65 29 32 13 3 76 59 52 15 85 63 62 78 95 93 96 11 50 53 43 37 7 97 77 35 45 28 71 67 54 56 86 73 8 0 (value : 7536)
TO   solution: 0 67 38 40 7 48 97 19 15 46 91 33 12 27 76 70 65 35 9 58 95 2 39 8 20 42 60 90 4 28 66 89 3 88 5 30 55 36 73 32 99 82 74 34 18 68 6 16 53 44 23 50 61 22 96 29 71 17 45 59 83 87 92 94 80 63 37 93 14 25 85 64 47 10 56 41 26 21 78 49 24 57 77 86 79 54 52 98 81 31 84 62 13 69 51 72 1 11 75 43 0 (value : 1048)
in 0.007796 seconds (chrono time)
FROM solution: 0 21 19 49 74 32 36 88 81 33 6 47 48 37 14 68 93 62 18 26 20 89 60 57 24 43 34 27 4 86 90 82 78 22 2 42 28 70 50 64 11 76 44 10 72 65 46 1 35 15 30 94 95 53 54 17 63 52 98 59 99 8 51 39 83 67 7 3 55 96 80 71 69 25 41 5 66 31 38 79 73 40 84 45 77 12 29 92 9 61 87 91 23 16 13 56 97 75 58 85 0 (value : 7078)
TO   solution: 0 15 45 30 20 48 33 50 81 43 68 10 6 5 65 18 85 70 83 28 52 66 17 57 76 78 60 59 99 47 63 94 51 38 74 11 21 4 69 3 13 89 71 54 36 40 98 46 86 2 23 19 1 67 14 26 35 37 41 93 7 42 90 91 16 25 49 75 29 53 22 58 44 88 79 32 84 24 56 72 92 62 39 77 87 97 64 8 82 31 80 61 34 9 73 55 12 96 27 95 0 (value : 1090)
in 0.00768 seconds (chrono time)
FROM solution: 0 59 42 61 81 74 57 99 63 82 29 16 18 7 66 90 51 4 31 98 20 21 39 73 24 95 46 9 47 68 58 30 37 33 34 89 62 28 54 86 2 53 25 83 36 85 45 5 14 49 50 41 52 3 67 55 87 48 6 10 12 60 8 79 64 65 13 77 43 32 70 69 76 26 27 93 17 97 78 22 56 92 1 44 38 72 84 80 88 40 35 91 71 75 94 19 96 15 23 11 0 (value : 6394)
TO   solution: 0 80 59 93 23 8 45 79 2 99 29 36 84 41 96 87 74 33 61 69 57 53 86 77 81 20 72 95 38 98 21 11 24 14 34 15 94 82 71 91 83 37 60 1 25 90 65 52 75 5 46 51 47 9 56 67 76 58 85 49 19 63 31 43 97 30 55 7 12 32 39 27 44 73 10 28 66 6 70 50 89 22 48 92 42 18 3 78 40 62 54 16 26 88 17 35 68 13 4 64 0 (value : 1028)
in 0.007445 seconds (chrono time)
FROM solution: 0 8 69 38 4 52 39 63 51 70 22 73 72 49 18 15 89 17 88 81 37 76 96 46 12 55 14 21 28 82 30 7 9 1 80 6 11 24 19 78 71 20 75 97 79 62 85 47 48 26 34 25 43 77 13 65 56 57 44 59 99 23 42 91 64 40 16 66 53 2 58 36 61 5 67 45 60 3 33 27 93 41 29 31 98 87 86 90 32 68 84 95 54 10 94 83 74 50 35 92 0 (value : 6454)
TO   solution: 0 55 14 13 84 90 82 60 94 19 52 63 65 62 73 49 23 48 71 20 22 6 36 50 43 97 45 7 88 1 89 11 15 68 74 24 58 8 27 40 78 4 79 41 42 69 57 64 91 67 2 51 80 86 25 35 9 53 99 31 37 5 16 61 75 33 98 28 66 87 54 83 81 10 93 96 12 3 39 56 30 47 70 92 32 46 59 95 17 77 21 29 18 34 26 76 38 44 85 72 0 (value : 1026)
in 0.004269 seconds (chrono time)
FROM solution: 0 88 40 1 47 31 75 7 59 49 60 35 70 13 87 30 6 32 37 2 16 61 27 67 24 25 96 92 28 39 22 76 26 98 44 51 19 41 38 78 3 90 21 50 34 8 23 56 72 85 33 55 62 80 43 68 99 52 97 93 58 65 86 18 64 29 66 69 77 79 9 71 54 83 36 5 14 89 11 57 48 17 82 73 84 15 81 45 42 53 10 74 4 46 94 20 95 91 12 63 0 (value : 6464)
TO   solution: 0 99 26 92 36 94 23 2 18 70 16 28 60 5 46 22 87 1 65 17 77 43 61 78 37 32 40 10 76 82 13 91 93 84 57 20 95 52 44 86 24 55 12 85 6 3 79 47 83 38 27 97 62 74 58 39 64 72 68 67 90 14 89 71 35 66 54 25 96 48 51 42 4 11 81 88 8 7 9 33 21 50 56 45 63 31 98 53 59 19 41 30 75 29 69 15 80 49 34 73 0 (value : 950)
in 0.007506 seconds (chrono time)
FROM solution: 0 8 37 34 4 59 90 76 7 80 6 32 60 5 25 20 11 95 18 74 89 46 85 23 67 14 36 16 44 29 50 31 52 27 45 98 41 93 75 10 64 35 42 78 77 63 38 22 71 96 73 51 62 53 21 86 66 19 81 33 12 47 91 87 39 61 79 40 92 24 70 54 72 82 15 57 69 13 26 88 49 58 2 28 84 43 65 30 68 1 97 56 99 3 94 55 9 17 48 83 0 (value : 7112)
TO   solution: 0 7 27 20 67 13 76 72 86 49 44 12 1 21 14 29 39 64 50 38 92 17 2 26 75 24 95 62 96 45 71 93 59 83 40 9 99 15 88 11 66 94 91 34 48 85 28 31 5 70 89 77 53 36 30 54 16 60 56 58 57 87 35 63 52 25 43 65 78 69 51 73 55 19 10 32 61 47 37 3 46 81 68 23 80 41 33 74 84 79 18 6 98 82 22 8 97 4 42 90 0 (value : 1024)
in 0.00702 seconds (chrono time)
FROM solution: 0 39 36 56 98 5 24 55 83 43 78 92 99 89 62 15 16 17 18 21 20 33 2 86 19 25 68 88 38 37 31 63 66 10 34 71 51 41 64 47 12 35 87 70 76 84 46 1 48 27 14 65 73 67 53 8 26 52 94 4 9 45 93 79 32 44 97 3 7 69 6 29 72 40 75 30 50 54 81 13 11 60 82 58 22 77 57 95 74 42 59 91 61 49 90 23 96 28 85 80 0 (value : 6568)
TO   solution: 0 57 24 83 15 35 38 42 69 13 87 51 32 92 7 17 8 71 99 50 49 23 16 80 40 64 47 4 34 97 31 88 25 6 79 73 10 29 75 82 22 26 68 81 53 18 5 65 55 86 43 48 56 91 44 33 28 77 84 9 90 3 61 11 2 52 89 85 62 27 67 95 72 60 78 36 14 94 59 45 98 76 1 74 66 19 41 46 93 21 70 37 30 96 12 54 58 63 20 39 0 (value : 984)
in 0.006838 seconds (chrono time)
FROM solution: 0 36 17 72 4 1 58 37 74 80 68 92 83 88 35 70 96 59 53 86 18 84 13 33 67 94 48 71 8 10 5 93 32 16 85 54 49 11 50 39 97 81 52 20 9 64 87 21 2 22 63 76 45 66 56 55 78 57 26 99 75 82 42 6 38 65 89 60 27 69 7 47 43 98 73 46 23 34 15 79 19 90 25 40 29 28 91 41 51 44 3 31 24 61 30 77 62 12 14 95 0 (value : 7070)
TO   solution: 0 38 28 14 41 86 74 31 17 99 75 69 7 84 78 67 50 92 62 48 80 72 37 29 88 77 36 22 21 85 83 23 47 46 11 24 65 97 60 57 49 43 27 5 12 13 70 51 58 10 34 6 40 71 98 53 26 3 93 20 63 30 61 64 95 91 2 82 89 44 73 94 87 66 79 55 90 68 19 25 76 33 54 59 4 96 32 35 9 81 45 39 56 16 42 15 52 18 1 8 0 (value : 1052)
in 0.006734 seconds (chrono time)
FROM solution: 0 1 46 68 6 85 70 63 8 26 32 84 62 59 77 48 16 80 25 21 41 90 38 24 23 7 87 42 78 53 37 79 82 97 11 35 15 72 22 4 40 10 76 98 17 56 2 47 55 54 51 28 60 69 89 74 50 27 9 18 67 57 30 5 33 34 66 12 71 13 83 36 95 73 20 94 45 14 64 31 61 81 96 44 75 65 93 39 29 58 43 91 92 49 86 88 19 3 52 99 0 (value : 7118)
TO   solution: 0 64 96 10 33 37 8 13 55 30 97 78 26 6 43 44 22 40 99 15 7 60 3 92 24 68 42 14 21 35 77 36 39 47 57 93 31 84 90 2 9 76 16 71 53 59 11 5 29 63 70 89 20 48 73 32 83 58 69 41 34 81 86 65 27 38 51 66 49 88 91 72 46 80 67 74 28 94 25 45 62 75 17 82 95 61 98 54 18 52 19 79 87 85 23 12 1 56 4 50 0 (value : 1116)
in 0.006957 seconds (chrono time)
FROM solution: 0 39 2 16 73 32 54 72 8 27 1 17 15 66 34 47 80 86 56 19 69 14 22 45 53 76 26 10 37 29 67 95 38 33 59 35 46 50 96 82 44 18 55 4 94 58 24 74 75 43 6 40 12 31 70 57 85 13 23 90 99 3 71 91 30 97 65 84 68 20 41 28 93 62 21 9 52 87 92 49 42 81 48 61 5 25 11 98 36 60 88 63 89 83 79 64 51 77 78 7 0 (value : 6564)
TO   solution: 0 77 74 22 1 21 37 51 91 89 38 2 67 66 13 68 39 81 30 33 20 50 62 83 10 47 90 98 94 60 12 87 9 29 64 45 63 34 40 52 56 31 16 3 19 71 6 8 58 11 24 93 26 25 85 5 42 99 96 95 61 78 97 75 55 23 54 72 36 32 73 88 48 79 18 76 44 4 70 35 17 15 27 69 14 49 7 84 86 80 92 57 28 59 53 41 43 65 46 82 0 (value : 1050)
in 0.004979 seconds (chrono time)
