N = 60
FROM solution: 0 17 54 5 20 44 6 16 50 56 58 22 2 49 39 43 57 8 46 59 45 21 34 12 52 19 26 27 13 15 14 28 38 7 1 40 11 37 9 25 3 41 42 29 53 30 24 36 48 55 18 51 47 35 31 32 33 10 23 4 0 (value : 2444)
TO   solution: 0 1 12 31 32 46 40 9 39 59 49 52 2 36 15 53 56 42 11 35 34 37 14 26 21 16 30 10 38 24 51 23 54 33 3 13 58 18 43 29 57 17 27 5 55 19 7 4 25 20 6 8 41 45 28 47 48 44 50 22 0 (value : 448)
in 0.001757 seconds (chrono time)
FROM solution: 0 41 58 28 4 53 45 57 33 48 1 20 55 13 59 5 37 16 6 47 54 15 25 38 36 24 3 31 42 46 19 21 32 8 10 34 9 51 26 39 56 52 18 49 44 2 23 7 27 14 50 11 40 22 17 12 43 30 35 29 0 (value : 2242)
TO   solution: 0 53 56 10 42 19 24 29 58 51 49 18 37 9 21 45 22 1 38 36 54 26 15 47 7 34 3 55 27 35 39 6 20 2 23 13 33 59 25 14 28 48 16 11 30 44 52 41 43 4 5 50 8 46 31 32 12 17 40 57 0 (value : 486)
in 0.001869 seconds (chrono time)
FROM solution: 0 1 42 2 57 35 8 58 6 49 10 11 12 13 14 33 31 21 18 16 29 54 45 22 30 25 26 15 23 53 24 28 7 43 44 34 39 51 32 47 36 40 9 46 19 20 5 17 59 37 50 3 52 38 55 41 56 48 27 4 0 (value : 2392)
TO   solution: 0 42 33 11 21 59 40 46 20 15 41 56 8 34 30 48 28 4 47 5 9 58 16 55 13 43 29 27 25 51 26 35 2 10 24 31 12 49 53 19 44 1 57 3 39 22 38 7 50 45 37 54 23 36 14 32 17 6 18 52 0 (value : 474)
in 0.001922 seconds (chrono time)
FROM solution: 0 50 48 23 46 2 27 15 3 11 40 38 12 21 20 1 16 52 31 41 7 9 13 39 55 53 10 22 8 30 32 47 26 24 17 58 6 37 59 54 34 5 56 57 44 45 4 49 28 29 36 51 18 25 35 43 42 33 19 14 0 (value : 2142)
TO   solution: 0 3 49 40 44 11 56 57 2 29 27 13 12 1 55 52 26 18 4 28 15 32 54 31 24 8 17 37 36 6 30 50 48 38 22 45 47 5 46 25 33 34 42 35 7 21 41 20 10 43 23 58 59 19 16 9 51 14 39 53 0 (value : 480)
in 0.001818 seconds (chrono time)
FROM solution: 0 43 47 29 52 40 14 2 44 16 30 4 42 56 32 46 7 36 19 55 58 21 38 11 6 50 26 27 22 24 18 54 49 9 17 35 34 37 25 39 59 41 23 31 10 28 45 20 33 48 15 5 8 53 51 3 13 57 12 1 0 (value : 2480)
TO   solution: 0 27 56 51 54 45 30 29 1 44 24 59 15 37 47 7 42 49 8 16 23 55 40 32 53 3 6 35 58 4 22 11 25 36 2 46 5 31 39 12 28 20 50 14 9 13 34 43 38 10 33 26 17 19 41 48 18 21 52 57 0 (value : 490)
in 0.001877 seconds (chrono time)
FROM solution: 0 20 46 44 12 51 5 7 2 11 37 36 54 22 34 38 25 8 45 15 16 57 6 23 35 56 19 10 33 48 24 31 9 43 3 17 39 1 49 50 40 53 30 18 26 47 13 4 29 14 55 59 52 32 28 27 21 41 58 42 0 (value : 2230)
TO   solution: 0 14 43 16 29 10 51 57 58 9 12 33 47 5 46 45 53 20 35 34 25 55 8 50 31 3 17 21 11 23 54 22 30 28 32 13 7 39 49 2 18 6 27 15 38 26 19 36 59 56 44 41 42 52 40 37 4 1 24 48 0 (value : 440)
in 0.001976 seconds (chrono time)
FROM solution: 0 13 2 52 25 10 56 9 39 7 42 11 28 14 57 8 6 18 36 49 20 21 45 43 12 31 26 3 16 4 35 50 24 22 15 29 59 37 38 34 53 23 46 19 1 54 27 33 32 44 48 47 5 40 55 17 30 58 51 41 0 (value : 1960)
TO   solution: 0 58 59 40 13 48 31 8 53 55 17 56 16 21 33 30 24 44 32 2 4 45 20 36 26 34 22 10 47 37 57 54 11 43 29 46 12 28 5 15 14 6 38 27 42 18 49 7 23 1 3 39 41 35 19 51 52 9 50 25 0 (value : 474)
in 0.002079 seconds (chrono time)
FROM solution: 0 22 10 16 1 5 29 11 47 44 2 15 54 40 28 7 55 17 18 19 33 3 48 41 24 9 31 14 8 45 4 52 30 20 34 35 51 56 39 25 49 26 43 32 38 58 37 36 27 6 50 21 57 53 46 12 42 23 13 59 0 (value : 2110)
TO   solution: 0 56 1 5 59 43 42 32 34 9 7 53 40 27 54 23 13 3 20 58 44 36 49 30 41 11 33 17 37 25 28 29 24 31 21 2 35 45 8 51 12 18 22 38 46 14 55 48 16 47 4 19 15 50 10 39 6 52 26 57 0 (value : 450)
in 0.002185 seconds (chrono time)
FROM solution: 0 34 56 37 13 42 23 7 18 26 20 45 14 57 2 48 39 12 49 11 59 21 33 6 19 17 44 29 32 27 4 15 10 35 55 3 41 16 25 54 40 36 5 30 24 1 46 38 8 9 50 51 58 47 31 52 22 43 53 28 0 (value : 2320)
TO   solution: 0 56 12 48 44 15 24 34 52 14 16 4 2 33 21 53 54 50 23 42 18 31 49 47 19 29 45 26 27 36 58 55 41 25 43 5 32 38 10 11 8 59 46 22 9 6 28 3 35 17 30 7 40 39 37 20 51 1 13 57 0 (value : 480)
in 0.002044 seconds (chrono time)
FROM solution: 0 57 46 22 51 2 48 9 7 26 23 3 52 41 12 33 59 16 35 45 27 44 58 36 24 54 21 4 8 29 28 25 19 15 34 50 39 37 5 20 40 32 13 53 42 1 10 47 31 14 18 49 30 43 11 55 56 17 38 6 0 (value : 2132)
TO   solution: 0 53 49 18 13 52 3 11 17 22 8 29 38 24 56 25 14 46 51 10 15 5 9 50 59 6 26 37 54 35 16 30 1 32 34 48 20 27 45 47 2 23 43 31 33 19 55 44 58 39 7 57 40 36 21 28 12 4 42 41 0 (value : 472)
in 0.001776 seconds (chrono time)
FROM solution: 0 48 39 51 13 5 40 27 14 15 10 56 12 31 7 23 33 46 18 16 8 28 22 49 43 25 26 11 30 45 37 9 32 44 34 55 50 54 47 52 24 59 29 41 42 6 17 53 20 38 1 58 57 4 36 35 21 2 19 3 0 (value : 2478)
TO   solution: 0 14 8 46 51 23 48 31 40 55 35 24 20 45 27 10 56 47 44 18 43 37 21 4 34 17 6 25 38 28 19 3 13 15 26 29 53 2 16 52 30 7 50 9 11 57 58 42 33 39 36 32 49 54 22 5 59 41 1 12 0 (value : 452)
in 0.001927 seconds (chrono time)
FROM solution: 0 51 38 10 1 35 11 15 39 19 6 48 33 42 57 30 25 17 22 44 16 21 59 23 29 8 13 31 55 18 14 58 54 12 5 45 36 7 27 26 47 9 2 3 4 43 32 24 49 34 40 52 50 53 46 41 56 20 37 28 0 (value : 2168)
TO   solution: 0 58 52 45 30 36 9 54 6 18 41 23 8 50 44 14 21 59 42 26 46 25 53 22 3 33 12 4 28 35 15 34 48 57 19 7 40 31 5 56 1 17 29 16 37 47 24 51 13 27 10 49 20 38 43 32 39 55 11 2 0 (value : 458)
in 0.00167 seconds (chrono time)
FROM solution: 0 16 2 45 12 5 47 29 30 19 8 24 52 50 48 40 1 28 6 9 17 10 4 26 35 7 23 27 3 53 49 36 32 59 14 56 46 37 38 39 55 41 58 43 51 11 20 44 22 54 15 34 42 13 18 25 21 57 31 33 0 (value : 2478)
TO   solution: 0 31 48 10 34 4 8 39 2 5 38 30 26 25 35 12 19 36 53 33 59 51 29 58 9 32 44 45 24 43 27 54 46 47 7 55 50 57 52 14 16 20 15 37 6 17 23 28 18 49 1 40 41 21 11 3 22 13 42 56 0 (value : 458)
in 0.00199 seconds (chrono time)
FROM solution: 0 1 2 35 17 53 57 46 55 9 10 30 12 44 39 25 51 31 58 50 3 21 13 22 7 16 54 43 14 20 36 28 49 33 56 11 45 32 38 52 29 27 42 34 41 8 59 23 48 5 24 19 4 47 18 40 37 26 6 15 0 (value : 2296)
TO   solution: 0 15 55 17 26 40 51 39 9 22 44 8 11 35 13 53 58 1 16 43 36 52 25 20 38 23 47 42 6 57 50 37 5 18 33 48 19 4 7 27 32 41 10 14 21 34 28 49 54 30 24 46 56 29 2 31 45 59 12 3 0 (value : 478)
in 0.001943 seconds (chrono time)
FROM solution: 0 49 22 28 36 18 6 7 47 25 16 11 37 45 10 15 14 19 35 43 53 3 29 17 58 9 4 12 24 52 41 1 55 32 34 8 30 5 40 33 44 13 42 21 38 56 50 26 57 2 46 51 27 20 54 39 23 48 31 59 0 (value : 2436)
TO   solution: 0 41 52 23 54 47 51 20 57 49 5 9 1 4 37 48 3 10 36 6 32 12 22 14 44 55 56 38 27 16 15 17 8 29 39 21 25 13 40 28 45 7 34 33 42 46 18 50 19 2 35 24 31 53 43 59 58 11 26 30 0 (value : 482)
in 0.001862 seconds (chrono time)
FROM solution: 0 1 28 35 23 25 45 7 50 30 5 11 12 42 54 15 6 43 48 37 27 21 13 40 24 3 49 38 20 56 29 47 16 34 26 33 36 59 39 51 14 53 2 55 46 32 58 19 57 18 8 41 10 31 4 22 17 44 9 52 0 (value : 2306)
TO   solution: 0 39 10 16 54 6 18 5 40 34 14 52 4 9 13 44 50 56 26 17 46 22 48 57 28 25 23 8 27 53 58 47 20 33 38 19 42 32 11 59 43 55 7 45 2 1 15 35 29 31 51 37 41 49 30 36 12 3 21 24 0 (value : 434)
in 0.001952 seconds (chrono time)
FROM solution: 0 37 3 46 29 6 57 43 51 15 31 2 38 4 32 41 55 17 26 19 5 21 22 39 24 8 18 27 28 20 50 10 9 36 34 33 25 45 12 13 40 48 1 30 44 14 7 59 16 53 54 52 42 49 11 58 47 56 23 35 0 (value : 2020)
TO   solution: 0 45 25 27 3 51 12 19 10 14 15 56 58 41 46 7 4 32 47 21 55 36 53 20 26 8 50 37 59 2 16 54 17 35 5 34 44 42 49 22 39 23 18 24 48 9 11 31 6 1 52 29 13 33 43 57 28 30 38 40 0 (value : 446)
in 0.002081 seconds (chrono time)
FROM solution: 0 1 54 8 59 30 38 51 2 27 14 36 41 58 35 15 16 20 18 29 52 34 6 23 24 25 26 47 28 4 11 31 50 33 53 39 19 3 57 42 21 10 56 44 9 45 13 40 48 49 32 12 46 37 22 55 7 17 5 43 0 (value : 2726)
TO   solution: 0 56 30 31 50 26 29 33 32 3 42 46 5 57 9 15 58 24 20 13 37 54 22 59 16 7 47 21 45 14 1 39 2 18 8 41 52 44 43 11 48 51 10 19 4 55 49 12 38 27 40 35 23 53 25 28 6 36 34 17 0 (value : 464)
in 0.001902 seconds (chrono time)
FROM solution: 0 44 47 28 4 48 6 12 19 24 40 53 36 16 38 18 8 13 15 43 20 21 42 34 1 23 26 27 5 14 9 17 46 35 58 10 7 57 33 31 56 39 29 41 51 32 3 22 55 45 50 11 30 25 49 52 54 2 59 37 0 (value : 2438)
TO   solution: 0 31 55 45 5 42 15 2 29 47 50 54 3 17 26 37 12 24 10 36 52 38 41 57 19 20 33 44 13 28 25 35 46 48 58 53 51 43 30 4 6 11 8 49 27 18 32 16 14 40 34 21 23 39 7 9 56 59 1 22 0 (value : 476)
in 0.001876 seconds (chrono time)
FROM solution: 0 8 25 55 22 7 6 43 41 21 2 35 46 11 3 28 9 17 15 39 37 49 4 38 24 19 29 13 31 14 27 33 40 18 47 23 52 30 1 36 5 26 42 51 10 45 12 16 48 54 20 34 53 56 32 50 44 57 58 59 0 (value : 2486)
TO   solution: 0 7 18 9 2 40 51 34 59 30 11 1 53 12 41 10 32 48 46 55 33 54 16 36 38 3 39 17 25 26 19 14 13 6 37 8 20 21 56 57 49 58 15 24 27 42 47 22 35 28 52 5 45 23 4 43 44 50 29 31 0 (value : 490)
in 0.001657 seconds (chrono time)
FROM solution: 0 45 2 50 4 40 23 54 52 38 18 29 6 26 30 49 7 34 10 42 16 36 32 25 9 33 47 59 28 51 44 21 22 14 17 12 8 37 56 43 13 20 35 27 1 57 24 3 46 19 48 39 15 53 41 55 11 31 58 5 0 (value : 2492)
TO   solution: 0 35 22 39 32 51 27 19 17 21 30 37 38 13 15 4 52 28 14 20 18 24 25 12 9 16 53 56 43 40 48 7 57 31 58 6 36 2 46 5 8 49 59 26 44 55 50 33 23 10 1 45 54 11 29 42 41 3 34 47 0 (value : 456)
in 0.002137 seconds (chrono time)
FROM solution: 0 48 6 29 2 20 44 36 33 9 10 16 12 13 57 56 5 42 39 8 32 50 17 45 24 25 23 28 52 54 4 47 40 15 55 35 30 21 38 53 59 34 22 18 11 26 31 3 1 27 43 51 19 7 14 49 37 46 58 41 0 (value : 2210)
TO   solution: 0 48 10 8 17 56 18 15 39 51 12 7 46 40 34 11 55 50 19 31 24 59 13 25 44 9 47 21 38 30 37 49 35 28 2 5 20 1 14 29 27 33 4 36 53 3 43 32 45 22 58 23 26 57 6 16 52 41 42 54 0 (value : 446)
in 0.001101 seconds (chrono time)
FROM solution: 0 43 33 35 3 2 28 38 19 58 24 46 12 13 9 6 53 47 18 11 40 45 36 23 55 39 15 31 30 57 4 1 27 25 5 26 22 54 8 17 29 21 32 20 44 16 7 59 48 14 50 56 51 34 37 49 52 41 10 42 0 (value : 2064)
TO   solution: 0 46 9 27 10 31 38 43 45 22 40 37 58 23 18 49 57 44 47 14 34 51 48 24 59 52 2 4 30 28 39 1 53 3 42 21 54 16 41 8 55 50 15 5 19 32 12 26 33 35 7 29 20 17 36 25 13 56 11 6 0 (value : 460)
in 0.00462 seconds (chrono time)
FROM solution: 0 58 48 31 21 24 6 11 57 29 41 28 36 42 19 4 50 17 18 16 10 45 27 33 1 25 38 40 26 23 51 35 53 13 55 9 8 37 3 56 32 47 20 30 14 39 46 44 7 49 2 15 22 5 54 43 52 12 34 59 0 (value : 2804)
TO   solution: 0 7 43 38 26 29 6 50 32 3 49 37 10 28 31 39 19 34 1 57 44 47 54 55 27 35 53 52 36 25 16 24 48 14 22 30 23 41 56 15 17 20 45 12 42 11 2 33 21 9 8 4 46 58 18 59 13 5 40 51 0 (value : 486)
in 0.002124 seconds (chrono time)
FROM solution: 0 15 59 40 16 57 45 7 5 26 46 52 12 55 53 54 31 41 24 18 30 21 1 33 6 19 28 48 3 29 36 50 38 22 34 27 20 58 56 39 32 23 42 43 51 11 10 47 35 49 17 13 44 14 37 8 25 4 9 2 0 (value : 2282)
TO   solution: 0 49 26 1 36 28 59 18 5 19 57 9 25 52 2 53 31 3 50 30 12 7 39 48 45 17 35 54 22 14 42 55 47 16 8 43 56 51 15 6 44 29 21 23 46 37 41 27 38 40 58 34 20 32 33 10 13 24 4 11 0 (value : 442)
in 0.002111 seconds (chrono time)
FROM solution: 0 11 22 55 17 5 8 56 6 36 10 34 31 45 52 53 50 20 18 27 15 58 35 3 39 13 48 4 28 37 24 12 54 33 43 16 19 9 49 32 44 21 38 1 2 23 46 25 26 59 29 57 14 41 7 40 51 42 47 30 0 (value : 2556)
TO   solution: 0 27 58 40 25 22 17 4 29 28 10 1 36 41 30 54 45 13 39 3 5 8 16 47 18 15 11 49 56 43 37 55 44 51 35 46 33 20 42 6 31 21 23 48 14 24 7 52 38 2 26 32 59 19 57 50 34 53 12 9 0 (value : 428)
in 0.00087 seconds (chrono time)
FROM solution: 0 50 35 49 11 5 20 31 54 9 21 52 44 15 27 32 53 12 39 26 33 14 22 43 8 41 25 19 51 29 4 3 58 28 47 17 34 38 45 2 37 6 10 23 42 30 1 18 48 46 40 56 16 7 24 55 59 57 13 36 0 (value : 2146)
TO   solution: 0 13 33 34 47 8 9 42 49 46 15 7 57 27 58 3 55 32 4 21 25 52 36 16 38 56 24 54 31 59 51 2 5 43 11 30 12 19 23 18 37 22 44 6 1 41 29 10 35 45 14 48 39 17 26 40 50 28 53 20 0 (value : 456)
in 0.00206 seconds (chrono time)
FROM solution: 0 33 31 57 45 43 23 17 25 9 35 21 27 37 19 46 14 8 18 49 11 36 26 38 10 7 3 1 24 29 39 6 54 56 51 59 42 22 34 5 40 58 12 20 47 53 28 16 48 41 30 4 13 52 50 55 15 2 32 44 0 (value : 2456)
TO   solution: 0 50 46 12 56 36 2 6 35 30 37 42 25 27 7 24 1 28 48 53 43 47 23 18 52 57 21 45 33 34 13 32 14 40 55 20 51 26 38 9 29 41 17 4 16 11 54 59 8 10 58 44 39 15 3 5 49 19 22 31 0 (value : 476)
in 0.00187 seconds (chrono time)
FROM solution: 0 13 42 3 33 58 55 18 34 45 5 22 54 27 19 52 17 57 7 10 20 50 2 44 59 38 41 11 40 29 56 35 39 14 36 12 26 37 24 1 28 51 4 6 9 49 16 47 21 46 53 43 15 30 31 23 48 25 8 32 0 (value : 2464)
TO   solution: 0 18 23 28 36 11 47 30 43 50 37 49 19 4 32 31 52 29 44 25 58 15 13 7 17 22 35 9 54 42 16 14 34 10 2 21 56 27 38 8 20 53 33 12 39 59 46 57 48 26 6 1 40 3 24 41 51 5 45 55 0 (value : 516)
in 0.001953 seconds (chrono time)
FROM solution: 0 14 2 13 44 36 15 58 8 9 10 40 30 38 53 34 26 59 18 54 20 4 3 45 17 19 21 32 51 47 46 28 57 52 6 35 7 37 22 24 27 41 1 56 25 31 33 12 48 39 43 16 42 23 49 55 50 11 29 5 0 (value : 2302)
TO   solution: 0 3 38 18 52 33 54 57 5 30 14 34 53 16 51 1 37 10 39 44 13 27 28 50 6 48 41 2 19 4 17 36 43 15 59 21 29 40 45 25 9 12 58 46 22 56 49 32 26 11 8 35 24 31 23 42 20 47 7 55 0 (value : 472)
in 0.002074 seconds (chrono time)
