90
0		18		76		48		62		33		90		73		100		69		122		9		46		76		80		77		31		76		77		57		55		31		26		20		18		79		44		78		17		25		12		112		11		24		31		55		22		22		53		62		101		68		79		88		60		54		67		38		46		60		125		93		33		26		36		125		88		75		115		50		26		78		72		114		81		18		60		70		31		74		63		54		60		54		15		70		61		14		73		70		29		84		16		65		50		20		63		62		10		87
18		0		58		50		64		51		92		75		102		71		124		9		46		78		82		95		33		58		59		51		57		31		22		2		20		81		46		80		7		27		18		114		7		42		49		57		40		20		71		44		103		86		81		90		62		50		69		40		48		62		127		95		45		8		38		127		90		57		117		52		44		60		90		116		83		36		62		88		33		92		45		56		62		36		17		52		63		32		91		72		31		86		34		67		68		38		65		64		28		89
76		58		0		72		70		109		110		37		62		25		88		67		30		102		82		153		77		2		1		19		53		89		50		56		58		117		66		92		59		65		76		68		65		100		107		69		98		66		129		18		79		144		57		44		80		22		61		56		32		66		81		105		103		50		68		83		44		3		71		78		102		2		148		94		51		94		44		146		91		150		13		88		82		22		75		14		45		90		149		72		51		120		92		115		126		96		73		112		86		115
48		50		72		0		14		37		42		35		52		51		74		49		42		30		32		81		17		72		73		53		19		79		28		50		30		45		6		30		57		23		60		64		49		66		35		7		48		70		57		58		53		72		31		40		12		50		19		16		40		12		77		45		31		50		12		77		40		71		67		6		66		74		76		66		33		36		28		74		79		78		59		16		12		50		63		66		27		54		77		22		21		48		52		43		54		66		15		40		38		43
62		64		70		14		0		39		40		33		38		49		60		63		40		32		18		83		31		70		71		51		17		93		42		64		44		47		18		22		71		37		74		50		63		80		49		7		62		84		59		56		39		74		17		30		10		48		9		24		38		4		63		35		33		64		26		63		26		69		53		12		80		72		78		52		19		50		26		76		93		80		57		18		12		48		77		64		25		68		79		8		33		50		66		45		56		80		3		42		52		45
33		51		109		37		39		0		59		72		69		88		91		42		79		45		49		44		32		109		110		90		56		62		59		53		51		48		43		47		50		44		43		81		44		49		18		40		31		53		20		95		70		35		52		69		29		87		48		53		77		43		94		62		6		59		41		94		65		108		84		31		49		111		39		83		58		19		65		37		62		41		96		23		29		87		46		103		64		37		40		39		58		53		35		34		19		49		36		31		23		56
90		92		110		42		40		59		0		73		48		89		32		91		80		14		28		43		59		110		111		91		57		121		70		92		72		11		46		18		99		65		102		44		91		108		77		41		90		112		45		96		31		68		53		70		30		88		49		54		78		44		35		5		57		92		54		35		66		109		43		40		108		112		38		24		59		78		66		36		121		40		97		36		30		88		105		104		65		96		49		38		61		10		94		25		40		108		37		28		80		5
73		75		37		35		33		72		73		0		27		16		51		74		29		65		45		116		42		37		38		24		18		104		53		75		55		80		29		55		82		48		85		39		74		91		70		32		73		95		92		47		42		107		20		15		43		25		24		35		27		29		52		68		66		75		37		52		15		36		42		41		91		39		111		57		14		61		13		109		104		113		38		51		45		47		88		43		12		79		112		35		44		83		77		78		89		91		36		75		63		78
100		102		62		52		38		69		48		27		0		41		26		101		56		40		20		91		69		62		63		51		45		131		80		102		82		55		56		30		109		75		112		12		101		118		87		45		100		122		67		74		17		82		21		22		40		52		33		62		54		40		25		43		67		102		64		25		18		61		15		50		118		64		86		32		19		88		40		84		131		88		65		46		40		74		115		70		39		106		87		30		71		58		104		53		64		118		37		50		90		53
69		71		25		51		49		88		89		16		41		0		67		70		25		81		61		132		56		27		26		20		32		100		49		71		51		96		45		71		78		44		81		45		70		87		86		48		77		91		108		43		58		123		36		19		59		21		40		35		23		45		56		84		82		71		47		62		23		22		46		57		87		27		127		73		30		73		23		125		100		129		34		67		61		43		84		39		24		75		128		51		40		99		73		94		105		87		52		91		65		94
122		124		88		74		60		91		32		51		26		67		0		123		78		46		42		69		91		88		89		73		67		153		102		124		104		43		78		44		131		97		134		22		123		140		109		67		122		144		77		96		21		100		43		48		62		74		55		84		76		62		13		29		89		124		86		5		44		87		21		72		140		90		60		8		41		110		62		58		153		68		87		68		62		96		137		92		61		128		81		52		93		38		126		57		72		140		59		60		112		35
9		9		67		49		63		42		91		74		101		70		123		0		45		77		81		86		32		67		68		50		56		30		21		11		19		80		45		79		8		26		11		113		2		33		40		56		31		21		62		53		102		77		80		89		61		49		68		39		47		61		126		94		36		17		37		126		89		66		116		51		35		69		81		115		82		27		61		79		30		83		54		55		61		45		14		61		62		23		82		71		30		85		25		66		59		29		64		63		19		88
46		46		30		42		40		79		80		29		56		25		78		45		0		72		52		123		47		30		31		11		23		75		24		46		28		87		36		62		53		35		56		68		45		70		77		39		68		66		99		18		57		114		35		44		50		8		31		26		2		36		81		75		73		46		38		81		44		29		71		48		72		32		118		70		37		64		16		116		75		120		17		58		52		18		59		24		17		60		119		42		21		90		62		85		96		66		43		82		56		85
76		78		102		30		32		45		14		65		40		81		46		77		72		0		20		51		45		102		103		83		49		107		56		78		58		15		36		10		85		51		88		36		77		94		63		33		76		98		31		88		25		54		45		62		22		80		41		46		70		36		49		17		43		78		40		49		58		101		39		26		94		104		46		38		51		64		58		44		107		48		89		22		20		80		91		96		57		82		47		30		51		18		80		13		26		94		29		14		66		13
80		82		82		32		18		49		28		45		20		61		42		81		52		20		0		71		49		82		83		63		29		111		60		82		62		35		36		10		89		55		92		32		81		98		67		25		80		102		47		68		21		62		25		42		20		60		21		42		50		20		45		23		47		82		44		45		38		81		35		30		98		84		66		34		31		68		38		64		111		68		69		26		20		60		95		76		37		86		67		10		51		38		84		33		44		98		17		30		70		33
77		95		153		81		83		44		43		116		91		132		69		86		123		51		71		0		76		153		154		134		100		84		103		97		95		36		87		61		94		88		77		87		88		71		46		84		55		93		24		139		74		31		96		113		73		131		92		97		121		87		78		48		50		103		85		72		109		152		86		75		71		155		9		61		102		59		109		11		84		3		140		65		71		131		78		147		108		63		12		81		102		33		61		38		27		71		80		41		67		38
31		33		77		17		31		32		59		42		69		56		91		32		47		45		49		76		0		77		78		58		24		62		27		33		19		48		13		47		40		12		43		81		32		49		30		24		31		53		52		63		70		67		48		57		29		55		36		21		45		29		94		62		26		33		9		94		57		76		84		19		49		79		71		83		50		19		33		69		62		73		64		23		29		55		46		71		32		37		72		39		26		53		35		38		49		49		32		35		21		56
76		58		2		72		70		109		110		37		62		27		88		67		30		102		82		153		77		0		1		19		53		89		50		56		58		117		66		92		59		65		76		70		65		100		107		69		98		64		129		16		79		144		57		46		80		22		61		56		32		66		83		105		103		50		68		83		46		5		73		78		102		2		148		94		51		94		44		146		91		150		13		88		82		22		75		12		45		90		149		72		51		120		92		115		126		96		73		112		86		115
77		59		1		73		71		110		111		38		63		26		89		68		31		103		83		154		78		1		0		20		54		90		51		57		59		118		67		93		60		66		77		69		66		101		108		70		99		65		130		17		80		145		58		45		81		23		62		57		33		67		82		106		104		51		69		84		45		4		72		79		103		1		149		95		52		95		45		147		92		151		14		89		83		23		76		13		46		91		150		73		52		121		93		116		127		97		74		113		87		116
57		51		19		53		51		90		91		24		51		20		73		50		11		83		63		134		58		19		20		0		34		80		31		51		39		98		47		73		58		46		61		63		50		81		88		50		79		71		110		23		60		125		38		39		61		3		42		37		13		47		76		86		84		51		49		76		39		18		66		59		83		21		129		75		32		75		25		127		80		131		14		69		63		23		64		19		26		71		130		53		32		101		73		96		107		77		54		93		67		96
55		57		53		19		17		56		57		18		45		32		67		56		23		49		29		100		24		53		54		34		0		86		35		57		37		64		13		39		64		30		67		57		56		73		54		16		55		77		76		39		46		91		24		33		27		31		12		17		21		13		70		52		50		57		19		70		33		52		60		25		73		55		95		59		26		43		9		93		86		97		40		35		29		31		70		47		8		61		96		19		26		67		59		62		73		73		20		59		45		62
31		31		89		79		93		62		121		104		131		100		153		30		75		107		111		84		62		89		90		80		86		0		51		33		49		110		75		109		30		56		19		143		30		13		44		86		31		29		76		75		132		55		110		119		91		79		98		69		77		91		156		124		64		39		67		156		119		88		146		81		13		91		93		145		112		43		91		95		2		85		76		85		91		67		16		83		92		25		72		101		60		115		27		96		81		13		94		93		41		118
26		22		50		28		42		59		70		53		80		49		102		21		24		56		60		103		27		50		51		31		35		51		0		22		8		67		24		58		29		15		32		92		21		50		57		35		48		42		79		36		81		94		59		68		40		28		47		18		26		40		105		73		53		22		18		105		68		49		95		30		52		52		98		94		61		44		40		96		51		100		37		38		40		28		35		44		41		40		99		50		9		70		42		65		76		46		43		62		36		67
20		2		56		50		64		53		92		75		102		71		124		11		46		78		82		97		33		56		57		51		57		33		22		0		20		81		46		80		7		27		20		114		9		44		51		57		42		20		73		42		103		88		81		90		62		50		69		40		48		62		127		95		47		6		38		127		90		55		117		52		46		58		92		116		83		38		62		90		35		94		43		56		62		34		19		50		63		34		93		72		31		86		36		67		70		40		65		64		30		89
18		20		58		30		44		51		72		55		82		51		104		19		28		58		62		95		19		58		59		39		37		49		8		20		0		61		26		60		27		7		30		94		19		42		49		37		40		40		71		44		83		86		61		70		42		36		49		20		28		42		107		75		45		20		18		107		70		57		97		32		44		60		90		96		63		36		42		88		49		92		45		36		42		36		33		52		43		32		91		52		11		66		34		57		68		38		45		54		28		69
79		81		117		45		47		48		11		80		55		96		43		80		87		15		35		36		48		117		118		98		64		110		67		81		61		0		51		25		88		54		91		51		80		97		66		48		79		101		34		103		38		57		60		77		37		95		56		61		85		51		46		14		46		81		49		46		73		116		50		39		97		119		31		35		66		67		73		29		110		33		104		29		35		95		94		111		72		85		38		45		66		5		83		14		29		97		44		17		69		8
44		46		66		6		18		43		46		29		56		45		78		45		36		36		36		87		13		66		67		47		13		75		24		46		26		51		0		34		53		19		56		68		45		62		41		11		44		66		63		52		57		78		35		44		16		44		23		10		34		16		81		49		37		46		8		81		44		65		71		12		62		68		82		70		37		32		22		80		75		84		53		22		16		44		59		60		21		50		83		26		15		54		48		49		60		62		19		46		34		49
78		80		92		30		22		47		18		55		30		71		44		79		62		10		10		61		47		92		93		73		39		109		58		80		60		25		34		0		87		53		90		34		79		96		65		23		78		100		37		78		23		56		35		52		18		70		31		40		60		26		47		15		45		80		42		47		48		91		37		28		96		94		56		36		41		66		48		54		109		58		79		24		18		70		93		86		47		84		57		20		49		28		82		23		34		96		19		20		68		23
17		7		59		57		71		50		99		82		109		78		131		8		53		85		89		94		40		59		60		58		64		30		29		7		27		88		53		87		0		34		17		121		8		41		48		64		39		13		70		45		110		85		88		97		69		57		76		47		55		69		134		102		44		9		45		134		97		58		124		59		43		61		89		123		90		35		69		87		32		91		46		63		69		37		16		53		70		31		90		79		38		93		33		74		67		37		72		71		27		96
25		27		65		23		37		44		65		48		75		44		97		26		35		51		55		88		12		65		66		46		30		56		15		27		7		54		19		53		34		0		37		87		26		43		42		30		33		47		64		51		76		79		54		63		35		43		42		13		33		35		100		68		38		27		11		100		63		64		90		25		43		67		83		89		56		29		35		81		56		85		52		29		35		43		40		59		36		31		84		45		14		59		29		50		61		43		38		47		21		62
12		18		76		60		74		43		102		85		112		81		134		11		56		88		92		77		43		76		77		61		67		19		32		20		30		91		56		90		17		37		0		124		11		24		31		67		22		16		57		62		113		68		91		100		72		60		79		50		58		72		137		105		45		26		48		137		100		75		127		62		26		78		74		126		93		24		72		76		19		74		63		66		72		54		3		70		73		14		73		82		41		96		16		77		62		20		75		74		22		99
112		114		68		64		50		81		44		39		12		45		22		113		68		36		32		87		81		70		69		63		57		143		92		114		94		51		68		34		121		87		124		0		113		130		99		57		112		134		67		86		13		90		33		26		52		64		45		74		66		52		13		39		79		114		76		17		24		65		3		62		130		70		82		28		31		100		52		80		143		84		77		58		52		86		127		82		51		118		83		42		83		54		116		49		62		130		49		50		102		49
11		7		65		49		63		44		91		74		101		70		123		2		45		77		81		88		32		65		66		50		56		30		21		9		19		80		45		79		8		26		11		113		0		35		42		56		33		21		64		51		102		79		80		89		61		49		68		39		47		61		126		94		38		15		37		126		89		64		116		51		37		67		83		115		82		29		61		81		30		85		52		55		61		43		14		59		62		25		84		71		30		85		27		66		61		31		64		63		21		88
24		42		100		66		80		49		108		91		118		87		140		33		70		94		98		71		49		100		101		81		73		13		50		44		42		97		62		96		41		43		24		130		35		0		31		73		18		40		63		86		119		44		97		106		78		78		85		56		68		78		143		111		51		50		54		143		106		99		133		68		2		102		80		132		99		30		78		82		13		72		87		72		78		78		25		94		79		12		59		88		49		102		14		83		68		4		81		80		28		105
31		49		107		35		49		18		77		70		87		86		109		40		77		63		67		46		30		107		108		88		54		44		57		51		49		66		41		65		48		42		31		99		42		31		0		42		13		47		32		93		88		37		66		75		47		85		54		51		75		47		112		80		20		57		39		112		75		106		102		37		31		109		49		101		68		13		63		51		44		43		94		41		47		85		32		101		62		19		42		57		56		71		17		52		37		31		50		49		21		74
55		57		69		7		7		40		41		32		45		48		67		56		39		33		25		84		24		69		70		50		16		86		35		57		37		48		11		23		64		30		67		57		56		73		42		0		55		77		60		55		46		75		24		33		11		47		12		17		37		5		70		38		34		57		19		70		33		68		60		9		73		71		79		59		26		43		25		77		86		81		56		19		13		47		70		63		24		61		80		15		26		51		59		46		57		73		8		43		45		46
22		40		98		48		62		31		90		73		100		77		122		31		68		76		80		55		31		98		99		79		55		31		48		42		40		79		44		78		39		33		22		112		33		18		13		55		0		38		45		84		101		46		79		88		60		76		67		42		66		60		125		93		33		48		36		125		88		97		115		50		18		100		62		114		81		12		60		64		31		54		85		54		60		76		23		92		61		8		51		70		47		84		6		65		50		18		63		62		12		87
22		20		66		70		84		53		112		95		122		91		144		21		66		98		102		93		53		64		65		71		77		29		42		20		40		101		66		100		13		47		16		134		21		40		47		77		38		0		69		48		123		84		101		110		82		70		89		60		68		82		147		115		55		20		58		147		110		69		137		72		42		64		88		136		103		34		82		86		31		90		57		76		82		48		15		54		83		30		89		92		51		106		32		87		72		36		85		84		32		109
53		71		129		57		59		20		45		92		67		108		77		62		99		31		47		24		52		129		130		110		76		76		79		73		71		34		63		37		70		64		57		67		64		63		32		60		45		69		0		115		56		23		72		89		49		107		68		73		97		63		80		48		26		79		61		80		85		128		70		51		63		131		19		69		78		35		85		19		76		21		116		41		47		107		60		123		84		51		20		57		78		39		49		20		5		63		56		17		43		42
62		44		18		58		56		95		96		47		74		43		96		53		18		88		68		139		63		16		17		23		39		75		36		42		44		103		52		78		45		51		62		86		51		86		93		55		84		48		115		0		75		130		53		62		66		22		47		42		20		52		99		91		89		36		54		99		62		21		89		64		88		16		134		88		55		80		34		132		77		136		9		74		68		8		61		8		35		76		135		58		37		106		78		101		112		82		59		98		72		101
101		103		79		53		39		70		31		42		17		58		21		102		57		25		21		74		70		79		80		60		46		132		81		103		83		38		57		23		110		76		113		13		102		119		88		46		101		123		56		75		0		79		22		39		41		57		34		63		55		41		24		26		68		103		65		24		35		78		14		51		119		81		69		15		28		89		41		67		132		71		66		47		41		75		116		73		40		107		70		31		72		41		105		36		51		119		38		39		91		36
68		86		144		72		74		35		68		107		82		123		100		77		114		54		62		31		67		144		145		125		91		55		94		88		86		57		78		56		85		79		68		90		79		44		37		75		46		84		23		130		79		0		87		104		64		122		83		88		112		78		103		71		41		94		76		103		100		143		93		66		42		146		40		92		93		50		100		42		53		32		131		56		62		122		69		138		99		54		19		72		93		62		52		43		28		48		71		40		58		65
79		81		57		31		17		52		53		20		21		36		43		80		35		45		25		96		48		57		58		38		24		110		59		81		61		60		35		35		88		54		91		33		80		97		66		24		79		101		72		53		22		87		0		17		23		35		12		41		33		19		46		48		46		81		43		46		13		56		36		29		97		59		91		37		6		67		19		89		110		93		44		31		25		53		94		51		18		85		92		15		50		63		83		58		69		97		16		55		69		58
88		90		44		40		30		69		70		15		22		19		48		89		44		62		42		113		57		46		45		39		33		119		68		90		70		77		44		52		97		63		100		26		89		106		75		33		88		110		89		62		39		104		17		0		40		40		21		50		42		28		37		65		63		90		52		43		4		41		27		38		106		46		108		54		11		76		28		106		119		110		53		48		42		62		103		58		27		94		109		32		59		80		92		75		86		106		33		72		78		75
60		62		80		12		10		29		30		43		40		59		62		61		50		22		20		73		29		80		81		61		27		91		40		62		42		37		16		18		69		35		72		52		61		78		47		11		60		82		49		66		41		64		23		40		0		58		19		24		48		14		65		33		27		62		24		65		36		79		55		10		78		82		68		54		29		48		36		66		91		70		67		8		2		58		75		74		35		66		69		10		31		40		64		35		46		78		7		32		50		35
54		50		22		50		48		87		88		25		52		21		74		49		8		80		60		131		55		22		23		3		31		79		28		50		36		95		44		70		57		43		60		64		49		78		85		47		76		70		107		22		57		122		35		40		58		0		39		34		10		44		77		83		81		50		46		77		40		21		67		56		80		24		126		72		33		72		22		124		79		128		13		66		60		22		63		18		23		68		127		50		29		98		70		93		104		74		51		90		64		93
67		69		61		19		9		48		49		24		33		40		55		68		31		41		21		92		36		61		62		42		12		98		47		69		49		56		23		31		76		42		79		45		68		85		54		12		67		89		68		47		34		83		12		21		19		39		0		29		29		7		58		44		42		69		31		58		21		60		48		17		85		63		87		47		14		55		17		85		98		89		48		27		21		41		82		55		16		73		88		11		38		59		71		54		65		85		12		51		57		54
38		40		56		16		24		53		54		35		62		35		84		39		26		46		42		97		21		56		57		37		17		69		18		40		20		61		10		40		47		13		50		74		39		56		51		17		42		60		73		42		63		88		41		50		24		34		29		0		24		22		87		55		47		40		12		87		50		55		77		22		56		58		92		76		43		38		22		90		69		94		43		32		26		34		53		50		23		44		93		32		9		64		42		59		70		56		25		56		30		59
46		48		32		40		38		77		78		27		54		23		76		47		2		70		50		121		45		32		33		13		21		77		26		48		28		85		34		60		55		33		58		66		47		68		75		37		66		68		97		20		55		112		33		42		48		10		29		24		0		34		79		73		71		48		36		79		42		31		69		46		70		34		116		68		35		62		14		114		77		118		19		56		50		20		61		26		15		58		117		40		19		88		60		83		94		64		41		80		54		83
60		62		66		12		4		43		44		29		40		45		62		61		36		36		20		87		29		66		67		47		13		91		40		62		42		51		16		26		69		35		72		52		61		78		47		5		60		82		63		52		41		78		19		28		14		44		7		22		34		0		65		39		37		62		24		65		28		65		55		12		78		68		82		54		21		48		22		80		91		84		53		22		16		44		75		60		21		66		83		10		31		54		64		49		60		78		7		46		50		49
125		127		81		77		63		94		35		52		25		56		13		126		81		49		45		78		94		83		82		76		70		156		105		127		107		46		81		47		134		100		137		13		126		143		112		70		125		147		80		99		24		103		46		37		65		77		58		87		79		65		0		32		92		127		89		8		37		78		10		75		143		83		73		19		44		113		65		71		156		75		90		71		65		99		140		95		64		131		84		55		96		45		129		60		75		143		62		63		115		40
93		95		105		45		35		62		5		68		43		84		29		94		75		17		23		48		62		105		106		86		52		124		73		95		75		14		49		15		102		68		105		39		94		111		80		38		93		115		48		91		26		71		48		65		33		83		44		55		73		39		32		0		60		95		57		32		61		104		38		43		111		107		43		21		54		81		61		41		124		45		92		39		33		83		108		99		60		99		52		33		64		15		97		28		43		111		32		31		83		10
33		45		103		31		33		6		57		66		67		82		89		36		73		43		47		50		26		103		104		84		50		64		53		47		45		46		37		45		44		38		45		79		38		51		20		34		33		55		26		89		68		41		46		63		27		81		42		47		71		37		92		60		0		53		35		92		59		102		82		25		51		105		45		81		52		21		59		43		64		47		90		21		27		81		48		97		58		39		46		37		52		51		37		32		23		51		30		29		23		54
26		8		50		50		64		59		92		75		102		71		124		17		46		78		82		103		33		50		51		51		57		39		22		6		20		81		46		80		9		27		26		114		15		50		57		57		48		20		79		36		103		94		81		90		62		50		69		40		48		62		127		95		53		0		38		127		90		49		117		52		52		52		98		116		83		44		62		96		41		100		37		56		62		28		25		44		63		40		99		72		31		86		42		67		76		46		65		64		36		89
36		38		68		12		26		41		54		37		64		47		86		37		38		40		44		85		9		68		69		49		19		67		18		38		18		49		8		42		45		11		48		76		37		54		39		19		36		58		61		54		65		76		43		52		24		46		31		12		36		24		89		57		35		38		0		89		52		67		79		14		54		70		80		78		45		26		24		78		67		82		55		20		24		46		51		62		25		42		81		34		17		52		40		47		58		54		27		44		26		51
125		127		83		77		63		94		35		52		25		62		5		126		81		49		45		72		94		83		84		76		70		156		105		127		107		46		81		47		134		100		137		17		126		143		112		70		125		147		80		99		24		103		46		43		65		77		58		87		79		65		8		32		92		127		89		0		39		82		16		75		143		85		65		11		44		113		65		63		156		71		90		71		65		99		140		95		64		131		84		55		96		41		129		60		75		143		62		63		115		38
88		90		44		40		26		65		66		15		18		23		44		89		44		58		38		109		57		46		45		39		33		119		68		90		70		73		44		48		97		63		100		24		89		106		75		33		88		110		85		62		35		100		13		4		36		40		21		50		42		28		37		61		59		90		52		39		0		43		27		38		106		46		104		50		7		76		28		102		119		106		53		44		38		62		103		58		27		94		105		28		59		76		92		71		82		106		29		68		78		71
75		57		3		71		69		108		109		36		61		22		87		66		29		101		81		152		76		5		4		18		52		88		49		55		57		116		65		91		58		64		75		65		64		99		106		68		97		69		128		21		78		143		56		41		79		21		60		55		31		65		78		104		102		49		67		82		43		0		68		77		101		5		147		93		50		93		43		145		90		149		12		87		81		21		74		17		44		89		148		71		50		119		91		114		125		95		72		111		85		114
115		117		71		67		53		84		43		42		15		46		21		116		71		39		35		86		84		73		72		66		60		146		95		117		97		50		71		37		124		90		127		3		116		133		102		60		115		137		70		89		14		93		36		27		55		67		48		77		69		55		10		38		82		117		79		16		27		68		0		65		133		73		81		27		34		103		55		79		146		83		80		61		55		89		130		85		54		121		82		45		86		53		119		50		65		133		52		53		105		48
50		52		78		6		12		31		40		41		50		57		72		51		48		26		30		75		19		78		79		59		25		81		30		52		32		39		12		28		59		25		62		62		51		68		37		9		50		72		51		64		51		66		29		38		10		56		17		22		46		12		75		43		25		52		14		75		38		77		65		0		68		80		70		64		31		38		34		68		81		72		65		10		10		56		65		72		33		56		71		20		27		42		54		37		48		68		13		34		40		37
26		44		102		66		80		49		108		91		118		87		140		35		72		94		98		71		49		102		103		83		73		13		52		46		44		97		62		96		43		43		26		130		37		2		31		73		18		42		63		88		119		42		97		106		78		80		85		56		70		78		143		111		51		52		54		143		106		101		133		68		0		104		80		132		99		30		78		82		13		72		89		72		78		80		27		96		79		12		59		88		51		102		14		83		68		6		81		80		28		105
78		60		2		74		72		111		112		39		64		27		90		69		32		104		84		155		79		2		1		21		55		91		52		58		60		119		68		94		61		67		78		70		67		102		109		71		100		64		131		16		81		146		59		46		82		24		63		58		34		68		83		107		105		52		70		85		46		5		73		80		104		0		150		96		53		96		46		148		93		152		15		90		84		24		77		12		47		92		151		74		53		122		94		117		128		98		75		114		88		117
72		90		148		76		78		39		38		111		86		127		60		81		118		46		66		9		71		148		149		129		95		93		98		92		90		31		82		56		89		83		74		82		83		80		49		79		62		88		19		134		69		40		91		108		68		126		87		92		116		82		73		43		45		98		80		65		104		147		81		70		80		150		0		54		97		54		104		2		93		8		135		60		66		126		77		142		103		68		21		76		97		28		66		33		22		80		75		36		62		33
114		116		94		66		52		83		24		57		32		73		8		115		70		38		34		61		83		94		95		75		59		145		94		116		96		35		70		36		123		89		126		28		115		132		101		59		114		136		69		88		15		92		37		54		54		72		47		76		68		54		19		21		81		116		78		11		50		93		27		64		132		96		54		0		43		102		54		52		145		60		81		60		54		88		129		88		53		120		73		44		85		30		118		49		64		132		51		52		104		27
81		83		51		33		19		58		59		14		19		30		41		82		37		51		31		102		50		51		52		32		26		112		61		83		63		66		37		41		90		56		93		31		82		99		68		26		81		103		78		55		28		93		6		11		29		33		14		43		35		21		44		54		52		83		45		44		7		50		34		31		99		53		97		43		0		69		21		95		112		99		46		37		31		55		96		51		20		87		98		21		52		69		85		64		75		99		22		61		71		64
18		36		94		36		50		19		78		61		88		73		110		27		64		64		68		59		19		94		95		75		43		43		44		38		36		67		32		66		35		29		24		100		29		30		13		43		12		34		35		80		89		50		67		76		48		72		55		38		62		48		113		81		21		44		26		113		76		93		103		38		30		96		54		102		69		0		50		52		43		56		81		42		48		72		27		88		49		18		55		58		43		72		16		53		38		30		51		50		8		75
60		62		44		28		26		65		66		13		40		23		62		61		16		58		38		109		33		44		45		25		9		91		40		62		42		73		22		48		69		35		72		52		61		78		63		25		60		82		85		34		41		100		19		28		36		22		17		22		14		22		65		61		59		62		24		65		28		43		55		34		78		46		104		54		21		50		0		102		91		106		31		44		38		34		75		38		1		66		105		28		31		76		64		71		82		78		29		68		50		71
70		88		146		74		76		37		36		109		84		125		58		79		116		44		64		11		69		146		147		127		93		95		96		90		88		29		80		54		87		81		76		80		81		82		51		77		64		86		19		132		67		42		89		106		66		124		85		90		114		80		71		41		43		96		78		63		102		145		79		68		82		148		2		52		95		52		102		0		95		10		133		58		64		124		79		140		101		70		23		74		95		26		68		31		20		82		73		34		60		31
31		33		91		79		93		62		121		104		131		100		153		30		75		107		111		84		62		91		92		80		86		2		51		35		49		110		75		109		32		56		19		143		30		13		44		86		31		31		76		77		132		53		110		119		91		79		98		69		77		91		156		124		64		41		67		156		119		90		146		81		13		93		93		145		112		43		91		95		0		85		78		85		91		69		16		85		92		25		72		101		60		115		27		96		81		13		94		93		41		118
74		92		150		78		80		41		40		113		88		129		68		83		120		48		68		3		73		150		151		131		97		85		100		94		92		33		84		58		91		85		74		84		85		72		43		81		54		90		21		136		71		32		93		110		70		128		89		94		118		84		75		45		47		100		82		71		106		149		83		72		72		152		8		60		99		56		106		10		85		0		137		62		68		128		75		144		105		60		13		78		99		30		58		35		24		72		77		38		64		35
63		45		13		59		57		96		97		38		65		34		87		54		17		89		69		140		64		13		14		14		40		76		37		43		45		104		53		79		46		52		63		77		52		87		94		56		85		57		116		9		66		131		44		53		67		13		48		43		19		53		90		92		90		37		55		90		53		12		80		65		89		15		135		81		46		81		31		133		78		137		0		75		69		9		62		7		32		77		136		59		38		107		79		102		113		83		60		99		73		102
54		56		88		16		18		23		36		51		46		67		68		55		58		22		26		65		23		88		89		69		35		85		38		56		36		29		22		24		63		29		66		58		55		72		41		19		54		76		41		74		47		56		31		48		8		66		27		32		56		22		71		39		21		56		20		71		44		87		61		10		72		90		60		60		37		42		44		58		85		62		75		0		6		66		69		82		43		60		61		16		37		32		58		27		38		72		15		24		44		33
60		62		82		12		12		29		30		45		40		61		62		61		52		20		20		71		29		82		83		63		29		91		40		62		42		35		16		18		69		35		72		52		61		78		47		13		60		82		47		68		41		62		25		42		2		60		21		26		50		16		65		33		27		62		24		65		38		81		55		10		78		84		66		54		31		48		38		64		91		68		69		6		0		60		75		76		37		66		67		10		31		38		64		33		44		78		9		30		50		33
54		36		22		50		48		87		88		47		74		43		96		45		18		80		60		131		55		22		23		23		31		67		28		34		36		95		44		70		37		43		54		86		43		78		85		47		76		48		107		8		75		122		53		62		58		22		41		34		20		44		99		83		81		28		46		99		62		21		89		56		80		24		126		88		55		72		34		124		69		128		9		66		60		0		53		16		35		68		127		50		29		98		70		93		104		74		51		90		64		93
15		17		75		63		77		46		105		88		115		84		137		14		59		91		95		78		46		75		76		64		70		16		35		19		33		94		59		93		16		40		3		127		14		25		32		70		23		15		60		61		116		69		94		103		75		63		82		53		61		75		140		108		48		25		51		140		103		74		130		65		27		77		77		129		96		27		75		79		16		75		62		69		75		53		0		69		76		15		74		85		44		99		17		80		65		21		78		77		25		102
70		52		14		66		64		103		104		43		70		39		92		61		24		96		76		147		71		12		13		19		47		83		44		50		52		111		60		86		53		59		70		82		59		94		101		63		92		54		123		8		73		138		51		58		74		18		55		50		26		60		95		99		97		44		62		95		58		17		85		72		96		12		142		88		51		88		38		140		85		144		7		82		76		16		69		0		39		84		143		66		45		114		86		109		120		90		67		106		80		109
61		63		45		27		25		64		65		12		39		24		61		62		17		57		37		108		32		45		46		26		8		92		41		63		43		72		21		47		70		36		73		51		62		79		62		24		61		83		84		35		40		99		18		27		35		23		16		23		15		21		64		60		58		63		25		64		27		44		54		33		79		47		103		53		20		49		1		101		92		105		32		43		37		35		76		39		0		67		104		27		32		75		65		70		81		79		28		67		51		70
14		32		90		54		68		37		96		79		106		75		128		23		60		82		86		63		37		90		91		71		61		25		40		34		32		85		50		84		31		31		14		118		25		12		19		61		8		30		51		76		107		54		85		94		66		68		73		44		58		66		131		99		39		40		42		131		94		89		121		56		12		92		68		120		87		18		66		70		25		60		77		60		66		68		15		84		67		0		59		76		39		90		2		71		56		12		69		68		16		93
73		91		149		77		79		40		49		112		87		128		81		82		119		47		67		12		72		149		150		130		96		72		99		93		91		38		83		57		90		84		73		83		84		59		42		80		51		89		20		135		70		19		92		109		69		127		88		93		117		83		84		52		46		99		81		84		105		148		82		71		59		151		21		73		98		55		105		23		72		13		136		61		67		127		74		143		104		59		0		77		98		43		57		34		23		59		76		37		63		46
70		72		72		22		8		39		38		35		30		51		52		71		42		30		10		81		39		72		73		53		19		101		50		72		52		45		26		20		79		45		82		42		71		88		57		15		70		92		57		58		31		72		15		32		10		50		11		32		40		10		55		33		37		72		34		55		28		71		45		20		88		74		76		44		21		58		28		74		101		78		59		16		10		50		85		66		27		76		77		0		41		48		74		43		54		88		7		40		60		43
29		31		51		21		33		58		61		44		71		40		93		30		21		51		51		102		26		51		52		32		26		60		9		31		11		66		15		49		38		14		41		83		30		49		56		26		47		51		78		37		72		93		50		59		31		29		38		9		19		31		96		64		52		31		17		96		59		50		86		27		51		53		97		85		52		43		31		95		60		99		38		37		31		29		44		45		32		39		98		41		0		69		41		64		75		47		34		61		35		64
84		86		120		48		50		53		10		83		58		99		38		85		90		18		38		33		53		120		121		101		67		115		70		86		66		5		54		28		93		59		96		54		85		102		71		51		84		106		39		106		41		62		63		80		40		98		59		64		88		54		45		15		51		86		52		41		76		119		53		42		102		122		28		30		69		72		76		26		115		30		107		32		38		98		99		114		75		90		43		48		69		0		88		19		34		102		47		22		74		5
16		34		92		52		66		35		94		77		104		73		126		25		62		80		84		61		35		92		93		73		59		27		42		36		34		83		48		82		33		29		16		116		27		14		17		59		6		32		49		78		105		52		83		92		64		70		71		42		60		64		129		97		37		42		40		129		92		91		119		54		14		94		66		118		85		16		64		68		27		58		79		58		64		70		17		86		65		2		57		74		41		88		0		69		54		14		67		66		14		91
65		67		115		43		45		34		25		78		53		94		57		66		85		13		33		38		38		115		116		96		62		96		65		67		57		14		49		23		74		50		77		49		66		83		52		46		65		87		20		101		36		43		58		75		35		93		54		59		83		49		60		28		32		67		47		60		71		114		50		37		83		117		33		49		64		53		71		31		96		35		102		27		33		93		80		109		70		71		34		43		64		19		69		0		15		83		42		3		55		22
50		68		126		54		56		19		40		89		64		105		72		59		96		26		44		27		49		126		127		107		73		81		76		70		68		29		60		34		67		61		62		62		61		68		37		57		50		72		5		112		51		28		69		86		46		104		65		70		94		60		75		43		23		76		58		75		82		125		65		48		68		128		22		64		75		38		82		20		81		24		113		38		44		104		65		120		81		56		23		54		75		34		54		15		0		68		53		14		40		37
20		38		96		66		80		49		108		91		118		87		140		29		66		94		98		71		49		96		97		77		73		13		46		40		38		97		62		96		37		43		20		130		31		4		31		73		18		36		63		82		119		48		97		106		78		74		85		56		64		78		143		111		51		46		54		143		106		95		133		68		6		98		80		132		99		30		78		82		13		72		83		72		78		74		21		90		79		12		59		88		47		102		14		83		68		0		81		80		28		105
63		65		73		15		3		36		37		36		37		52		59		64		43		29		17		80		32		73		74		54		20		94		43		65		45		44		19		19		72		38		75		49		64		81		50		8		63		85		56		59		38		71		16		33		7		51		12		25		41		7		62		32		30		65		27		62		29		72		52		13		81		75		75		51		22		51		29		73		94		77		60		15		9		51		78		67		28		69		76		7		34		47		67		42		53		81		0		39		53		42
62		64		112		40		42		31		28		75		50		91		60		63		82		14		30		41		35		112		113		93		59		93		62		64		54		17		46		20		71		47		74		50		63		80		49		43		62		84		17		98		39		40		55		72		32		90		51		56		80		46		63		31		29		64		44		63		68		111		53		34		80		114		36		52		61		50		68		34		93		38		99		24		30		90		77		106		67		68		37		40		61		22		66		3		14		80		39		0		52		25
10		28		86		38		52		23		80		63		90		65		112		19		56		66		70		67		21		86		87		67		45		41		36		30		28		69		34		68		27		21		22		102		21		28		21		45		12		32		43		72		91		58		69		78		50		64		57		30		54		50		115		83		23		36		26		115		78		85		105		40		28		88		62		104		71		8		50		60		41		64		73		44		50		64		25		80		51		16		63		60		35		74		14		55		40		28		53		52		0		77
87		89		115		43		45		56		5		78		53		94		35		88		85		13		33		38		56		115		116		96		62		118		67		89		69		8		49		23		96		62		99		49		88		105		74		46		87		109		42		101		36		65		58		75		35		93		54		59		83		49		40		10		54		89		51		38		71		114		48		37		105		117		33		27		64		75		71		31		118		35		102		33		33		93		102		109		70		93		46		43		64		5		91		22		37		105		42		25		77		0
