100
0		58		64		87		118		95		47		82		7		48		45		31		76		101		87		59		73		65		16		63		71		20		97		56		20		123		58		100		20		100		75		11		81		48		25		44		100		17		3		79		88		121		121		66		29		137		77		79		86		40		39		29		22		38		103		14		62		9		73		82		107		103		74		120		82		84		73		83		40		67		123		16		133		40		119		24		68		96		85		18		70		90		10		126		77		18		45		108		112		136		115		74		74		39		76		132		68		96		87		65
58		0		8		113		62		39		13		124		63		106		103		33		18		45		31		111		37		123		58		113		15		76		49		104		40		67		24		106		76		44		19		67		41		92		35		82		44		45		59		21		32		83		65		28		85		81		55		27		68		56		23		65		70		80		47		60		62		67		125		26		83		97		16		64		26		28		131		101		68		11		69		44		77		98		63		46		96		50		95		74		60		34		66		70		73		74		81		72		56		80		59		40		68		37		116		76		12		72		145		53
64		8		0		111		54		31		17		122		71		104		101		41		20		37		27		109		35		121		56		111		11		84		47		102		44		59		22		104		84		36		17		75		39		90		39		80		42		47		61		23		24		81		57		36		93		73		53		25		66		54		25		63		68		78		39		58		60		73		123		18		81		95		18		56		18		20		129		99		66		3		67		52		69		96		55		54		94		48		93		82		58		26		74		62		71		82		79		70		48		72		51		38		66		35		114		68		20		70		143		51
87		113		111		0		69		104		100		11		94		63		42		86		131		108		84		28		76		24		71		24		100		107		64		31		73		78		89		13		107		87		94		98		72		39		78		43		69		70		84		134		109		34		54		121		116		52		58		86		45		57		90		58		65		49		112		73		51		96		14		121		30		16		129		91		101		109		48		12		47		108		44		75		64		61		86		79		19		63		18		105		53		101		97		63		40		105		42		41		65		75		68		73		45		76		11		63		123		41		34		60
118		62		54		69		0		35		71		80		125		94		73		95		74		39		31		67		45		79		102		69		47		138		21		62		98		9		60		62		138		18		43		129		37		70		93		74		18		101		115		65		40		39		15		90		147		19		41		39		32		78		79		89		96		80		43		104		56		127		81		52		39		53		60		22		36		40		87		57		78		51		25		106		15		92		17		108		52		22		51		136		48		32		128		8		41		136		73		28		6		18		3		44		44		79		72		14		74		28		101		53
95		39		31		104		35		0		48		115		102		97		94		72		51		6		20		102		28		114		79		104		24		115		40		95		75		28		37		97		115		17		20		106		32		83		70		73		35		78		92		30		7		74		50		67		124		52		46		18		59		55		56		66		73		71		8		81		53		104		116		17		74		88		25		25		13		11		122		92		59		28		60		83		40		89		24		85		87		41		86		113		51		5		105		41		64		113		72		63		39		41		36		31		59		56		107		41		51		63		136		44
47		13		17		100		71		48		0		111		54		93		90		24		31		54		40		98		26		110		45		100		24		67		50		91		27		76		11		93		67		53		28		58		34		79		22		69		53		32		46		34		41		74		74		21		76		90		42		32		55		43		10		52		57		67		56		47		49		56		112		35		70		84		29		73		35		37		118		88		55		20		76		35		86		85		72		37		83		49		82		65		47		43		57		79		60		65		68		61		65		89		68		27		55		24		103		85		23		59		132		40
82		124		122		11		80		115		111		0		89		58		37		97		142		119		95		23		87		19		66		19		111		102		75		26		84		89		100		18		102		98		105		93		83		34		89		42		80		79		79		145		120		41		65		132		111		63		69		97		56		68		101		59		60		44		123		68		62		91		9		132		41		27		140		102		112		120		43		23		56		119		55		82		75		56		97		90		28		74		29		100		64		112		92		74		51		100		43		52		76		86		79		84		56		87		8		74		134		52		29		71
7		63		71		94		125		102		54		89		0		43		52		36		81		108		94		66		80		70		23		70		78		19		104		63		27		130		65		107		23		107		82		4		88		55		32		51		107		24		10		84		95		128		128		71		22		144		84		86		93		47		46		36		29		45		110		21		69		4		80		89		114		110		79		127		89		91		68		90		47		74		130		21		140		35		126		29		75		103		92		11		77		97		15		133		84		11		52		115		119		143		122		81		81		46		83		139		73		103		82		72
48		106		104		63		94		97		93		58		43		0		21		79		124		101		77		35		69		39		48		39		93		62		73		32		66		99		82		76		66		80		87		39		65		24		71		24		76		61		47		127		102		97		97		114		53		113		53		79		62		50		83		41		36		26		105		46		44		39		49		114		83		79		122		96		94		102		25		59		38		101		99		64		109		8		95		72		44		72		61		44		46		94		58		102		53		42		25		84		88		112		91		66		50		69		52		108		116		72		39		53
45		103		101		42		73		94		90		37		52		21		0		76		121		98		74		14		66		20		45		18		90		65		54		11		63		78		79		55		65		77		84		56		62		11		68		21		59		58		44		124		99		76		76		111		74		92		48		76		41		47		80		38		33		23		102		43		41		54		28		111		62		58		119		81		91		99		28		38		35		98		78		61		88		19		76		69		23		53		40		63		43		91		55		81		32		63		22		63		67		91		70		63		35		66		31		87		113		51		42		50
31		33		41		86		95		72		24		97		36		79		76		0		45		78		64		84		50		96		31		86		48		43		74		77		13		100		35		79		43		77		52		40		58		65		8		55		77		18		32		54		65		98		98		35		52		114		54		56		63		29		16		38		43		53		80		33		39		40		98		59		84		80		47		97		59		61		104		74		41		44		100		15		110		71		96		13		69		73		68		41		47		67		33		103		54		41		54		85		89		113		92		51		51		16		89		109		37		73		118		42
76		18		20		131		74		51		31		142		81		124		121		45		0		57		47		129		55		141		76		131		31		64		67		122		58		79		42		124		64		56		37		85		59		110		53		100		62		63		77		33		44		101		77		16		77		93		73		45		86		74		41		83		88		98		59		78		80		85		143		38		101		115		26		76		38		40		149		119		86		23		87		60		89		116		75		52		114		68		113		80		78		46		66		82		91		82		99		90		68		92		71		58		86		55		134		88		8		90		163		71
101		45		37		108		39		6		54		119		108		101		98		78		57		0		24		106		32		118		85		108		30		121		44		99		81		30		43		101		121		21		26		112		36		87		76		77		39		84		98		26		13		78		54		73		130		56		50		22		63		61		62		72		79		75		4		87		57		110		120		19		78		92		31		19		19		17		126		96		63		34		64		89		44		93		22		91		91		45		90		119		55		11		111		45		68		119		76		67		43		35		40		35		63		62		111		45		57		67		140		48
87		31		27		84		31		20		40		95		94		77		74		64		47		24		0		82		14		94		71		84		16		107		20		75		67		36		29		77		107		13		12		98		12		63		62		53		15		70		84		50		25		54		34		59		116		50		26		8		39		47		48		58		65		51		28		73		33		96		96		37		54		68		45		33		17		25		102		72		47		24		40		75		46		69		32		77		67		21		66		105		31		17		97		39		44		105		52		43		25		49		28		13		39		48		87		45		43		43		116		24
59		111		109		28		67		102		98		23		66		35		14		84		129		106		82		0		74		12		53		4		98		79		62		7		71		76		87		41		79		85		92		70		70		19		76		29		67		66		56		132		107		62		62		119		88		78		56		84		43		55		88		46		41		31		110		51		49		68		14		119		48		44		127		89		99		107		20		24		43		106		64		69		74		33		84		77		15		61		26		77		51		99		69		67		38		77		30		49		63		77		66		71		43		74		17		73		121		39		34		58
73		37		35		76		45		28		26		87		80		69		66		50		55		32		14		74		0		86		57		76		24		93		24		67		53		50		15		69		93		27		18		84		8		55		48		45		27		56		70		58		33		48		48		45		102		64		18		10		31		33		34		44		51		43		36		59		25		82		88		45		46		60		53		47		25		33		94		64		33		32		50		61		60		61		46		63		59		23		58		91		23		25		83		53		36		91		44		35		39		63		42		3		31		34		79		59		47		35		108		16
65		123		121		24		79		114		110		19		70		39		20		96		141		118		94		12		86		0		65		10		110		83		74		19		83		88		99		37		83		97		104		74		82		31		88		41		79		78		64		144		119		58		64		131		92		74		68		96		55		67		100		58		53		43		122		63		61		72		10		131		44		40		139		101		111		119		24		22		55		118		60		81		74		37		96		89		27		73		28		81		63		111		75		73		50		81		42		51		75		85		78		83		55		86		13		73		133		51		22		70
16		58		56		71		102		79		45		66		23		48		45		31		76		85		71		53		57		65		0		55		55		36		81		46		18		107		42		84		36		84		59		27		65		34		23		28		84		13		13		79		72		105		105		66		45		121		61		63		70		24		35		13		12		22		87		2		46		25		67		66		91		87		74		104		66		68		73		67		24		53		107		16		117		40		103		24		52		80		69		34		54		74		26		110		61		34		29		92		96		120		99		58		58		23		60		116		68		80		87		49
63		113		111		24		69		104		100		19		70		39		18		86		131		108		84		4		76		10		55		0		100		83		64		9		73		78		89		37		83		87		94		74		72		21		78		31		69		68		60		134		109		58		58		121		92		74		58		86		45		57		90		48		43		33		112		53		51		72		12		121		44		40		129		91		101		109		24		20		45		108		60		71		70		37		86		79		17		63		22		81		53		101		73		63		40		81		32		45		65		75		68		73		45		76		13		69		123		41		32		60
71		15		11		100		47		24		24		111		78		93		90		48		31		30		16		98		24		110		55		100		0		91		36		91		51		52		13		93		91		29		6		82		28		79		46		69		31		54		68		34		17		70		50		43		100		66		42		14		55		43		32		52		57		67		32		57		49		80		112		21		70		84		29		49		11		13		118		88		55		8		56		59		62		85		48		61		83		37		82		89		47		19		81		55		60		89		68		59		41		65		44		27		55		32		103		61		27		59		132		40
20		76		84		107		138		115		67		102		19		62		65		43		64		121		107		79		93		83		36		83		91		0		117		76		40		143		78		120		4		120		95		23		101		68		45		64		120		37		23		97		108		141		141		52		15		157		97		99		106		60		59		49		42		58		123		34		82		23		93		102		127		123		90		140		102		104		87		103		60		87		143		32		153		54		139		30		88		116		105		18		90		110		10		146		97		20		65		128		132		156		135		94		94		59		96		152		64		116		101		85
97		49		47		64		21		40		50		75		104		73		54		74		67		44		20		62		24		74		81		64		36		117		0		55		77		26		39		57		117		23		30		108		16		49		72		53		5		80		94		70		45		34		24		69		126		40		20		22		19		57		58		68		75		59		48		83		35		106		76		57		34		48		65		27		37		45		82		52		57		44		26		85		36		71		22		87		47		1		46		115		27		37		107		29		24		115		52		23		15		39		18		23		23		58		67		35		59		23		96		32
56		104		102		31		62		95		91		26		63		32		11		77		122		99		75		7		67		19		46		9		91		76		55		0		64		69		80		44		76		78		85		67		63		12		69		22		60		59		53		125		100		65		65		112		85		81		49		77		36		48		81		39		34		24		103		44		42		65		21		112		51		47		120		82		92		100		27		27		36		99		67		62		77		30		77		70		12		54		29		74		44		92		66		70		31		74		23		52		56		80		59		64		36		67		20		76		114		40		41		51
20		40		44		73		98		75		27		84		27		66		63		13		58		81		67		71		53		83		18		73		51		40		77		64		0		103		38		80		40		80		55		31		61		52		5		42		80		5		19		61		68		101		101		48		49		117		57		59		66		20		19		25		30		40		83		20		42		29		85		62		87		83		56		100		62		64		91		63		28		47		103		8		113		58		99		10		56		76		65		38		50		70		30		106		57		38		41		88		92		116		95		54		54		19		76		112		50		76		105		45
123		67		59		78		9		28		76		89		130		99		78		100		79		30		36		76		50		88		107		78		52		143		26		69		103		0		65		71		143		23		48		134		42		75		98		79		23		106		120		56		35		48		24		95		152		26		46		44		37		83		84		94		101		85		34		109		61		132		90		43		48		62		53		13		41		39		96		66		83		56		34		111		14		97		8		113		61		27		60		141		53		33		133		15		46		141		78		37		13		13		10		49		49		84		81		15		79		37		110		58
58		24		22		89		60		37		11		100		65		82		79		35		42		43		29		87		15		99		42		89		13		78		39		80		38		65		0		82		78		42		17		69		23		68		33		58		42		41		55		45		30		63		63		32		87		79		31		21		44		32		19		41		46		56		45		44		38		67		101		32		59		73		40		62		24		26		107		77		44		19		65		46		75		74		61		48		72		38		71		76		36		32		68		68		49		76		57		50		54		78		57		16		44		19		92		74		34		48		121		29
100		106		104		13		62		97		93		18		107		76		55		79		124		101		77		41		69		37		84		37		93		120		57		44		80		71		82		0		120		80		87		111		65		52		75		56		62		83		97		127		102		23		47		114		129		45		51		79		38		60		83		71		78		62		105		86		44		109		27		114		23		9		122		84		94		102		61		17		60		101		37		88		57		74		79		90		32		56		15		118		46		94		110		56		33		118		55		34		58		68		61		66		38		69		24		56		116		34		47		53
20		76		84		107		138		115		67		102		23		66		65		43		64		121		107		79		93		83		36		83		91		4		117		76		40		143		78		120		0		120		95		27		101		68		45		64		120		37		23		97		108		141		141		48		19		157		97		99		106		60		59		49		42		58		123		34		82		27		93		102		127		123		90		140		102		104		91		103		60		87		143		32		153		58		139		30		88		116		105		22		90		110		10		146		97		24		65		128		132		156		135		94		94		59		96		152		64		116		105		85
100		44		36		87		18		17		53		98		107		80		77		77		56		21		13		85		27		97		84		87		29		120		23		78		80		23		42		80		120		0		25		111		19		66		75		56		18		83		97		47		22		57		33		72		129		37		29		21		42		60		61		71		78		62		25		86		38		109		99		34		57		71		42		20		18		22		105		75		60		33		43		88		33		74		19		90		70		24		69		118		34		14		110		26		47		118		55		46		22		36		19		26		42		61		90		32		56		46		119		35
75		19		17		94		43		20		28		105		82		87		84		52		37		26		12		92		18		104		59		94		6		95		30		85		55		48		17		87		95		25		0		86		22		73		50		63		25		58		72		40		15		64		46		47		104		62		36		8		49		37		36		46		53		61		28		61		43		84		106		27		64		78		35		45		7		15		112		82		49		14		50		63		58		79		44		65		77		31		76		93		41		15		85		51		54		93		62		53		37		61		40		21		49		36		97		57		31		53		126		34
11		67		75		98		129		106		58		93		4		39		56		40		85		112		98		70		84		74		27		74		82		23		108		67		31		134		69		111		27		111		86		0		92		59		36		55		111		28		14		88		99		132		132		75		18		148		88		90		97		51		50		40		33		49		114		25		73		2		84		93		118		114		83		131		93		95		64		94		51		78		134		25		144		37		130		33		79		107		96		7		81		101		19		137		88		7		56		119		123		147		126		85		85		50		87		143		77		107		78		76
81		41		39		72		37		32		34		83		88		65		62		58		59		36		12		70		8		82		65		72		28		101		16		63		61		42		23		65		101		19		22		92		0		51		56		41		19		64		78		62		37		42		40		53		110		56		14		14		27		41		42		52		59		43		40		67		21		90		84		49		42		56		57		39		29		37		90		60		41		36		42		69		52		57		38		71		55		15		54		99		19		29		91		45		32		99		40		31		31		55		34		7		27		42		75		51		51		31		104		16
48		92		90		39		70		83		79		34		55		24		11		65		110		87		63		19		55		31		34		21		79		68		49		12		52		75		68		52		68		66		73		59		51		0		57		10		52		47		45		113		88		73		73		100		77		89		37		65		38		36		69		27		26		12		91		34		30		57		33		100		59		55		108		72		80		88		39		35		24		87		75		50		85		22		71		58		20		48		37		66		32		80		58		78		29		66		11		60		64		88		67		52		26		55		28		84		102		48		53		39
25		35		39		78		93		70		22		89		32		71		68		8		53		76		62		76		48		88		23		78		46		45		72		69		5		98		33		75		45		75		50		36		56		57		0		47		75		10		24		56		63		96		96		43		54		112		52		54		61		21		14		30		35		45		78		25		37		34		90		57		82		78		51		95		57		59		96		66		33		42		98		13		108		63		94		15		61		71		60		43		45		65		35		101		52		43		46		83		87		111		90		49		49		14		81		107		45		71		110		40
44		82		80		43		74		73		69		42		51		24		21		55		100		77		53		29		45		41		28		31		69		64		53		22		42		79		58		56		64		56		63		55		41		10		47		0		56		37		41		103		78		77		77		90		73		93		33		55		42		26		59		17		22		6		81		30		20		53		43		90		63		59		98		76		70		78		49		39		14		77		79		40		89		18		75		48		24		52		41		62		26		70		54		82		33		62		1		64		68		92		71		42		30		45		34		88		92		52		63		29
100		44		42		69		18		35		53		80		107		76		59		77		62		39		15		67		27		79		84		69		31		120		5		60		80		23		42		62		120		18		25		111		19		52		75		56		0		83		97		65		40		39		21		72		129		37		23		21		24		60		61		71		78		62		43		86		38		109		81		52		39		53		60		22		32		40		87		57		60		39		25		88		33		74		19		90		52		6		51		118		30		32		110		26		29		118		55		28		12		36		15		26		26		61		72		32		56		28		101		35
17		45		47		70		101		78		32		79		24		61		58		18		63		84		70		66		56		78		13		68		54		37		80		59		5		106		41		83		37		83		58		28		64		47		10		37		83		0		14		66		71		104		104		53		46		120		60		62		69		23		22		20		25		35		86		15		45		26		80		65		90		86		61		103		65		67		86		66		23		50		106		5		116		53		102		11		51		79		68		35		53		73		27		109		60		35		36		91		95		119		98		57		57		22		71		115		55		79		100		48
3		59		61		84		115		92		46		79		10		47		44		32		77		98		84		56		70		64		13		60		68		23		94		53		19		120		55		97		23		97		72		14		78		45		24		41		97		14		0		80		85		118		118		67		32		134		74		76		83		37		36		26		19		35		100		11		59		12		70		79		104		100		75		117		79		81		72		80		37		64		120		17		130		39		116		25		65		93		82		21		67		87		13		123		74		21		42		105		109		133		112		71		71		36		73		129		69		93		86		62
79		21		23		134		65		30		34		145		84		127		124		54		33		26		50		132		58		144		79		134		34		97		70		125		61		56		45		127		97		47		40		88		62		113		56		103		65		66		80		0		25		104		80		49		106		82		76		48		89		77		44		86		91		101		26		81		83		88		146		13		104		118		7		43		33		25		152		122		89		26		90		65		70		119		48		67		117		71		116		95		81		33		87		71		94		95		102		93		69		59		66		61		89		58		137		71		33		93		166		74
88		32		24		109		40		7		41		120		95		102		99		65		44		13		25		107		33		119		72		109		17		108		45		100		68		35		30		102		108		22		15		99		37		88		63		78		40		71		85		25		0		79		55		60		117		57		51		23		64		52		49		61		66		76		15		74		58		97		121		12		79		93		20		32		8		4		127		97		64		21		65		76		45		94		31		78		92		46		91		106		56		8		98		46		69		106		77		68		44		48		41		36		64		49		112		46		44		68		141		49
121		83		81		34		39		74		74		41		128		97		76		98		101		78		54		62		48		58		105		58		70		141		34		65		101		48		63		23		141		57		64		132		42		73		96		77		39		104		118		104		79		0		24		93		150		22		44		56		35		81		82		92		99		83		82		107		59		130		48		91		14		18		99		61		71		79		82		38		81		78		14		109		34		95		56		111		53		33		36		139		51		71		131		33		44		139		76		13		35		45		38		47		47		82		45		33		93		25		68		56
121		65		57		54		15		50		74		65		128		97		76		98		77		54		34		62		48		64		105		58		50		141		24		65		101		24		63		47		141		33		46		132		40		73		96		77		21		104		118		80		55		24		0		93		150		16		44		42		35		81		82		92		99		83		58		107		59		130		66		67		24		38		75		37		47		55		82		42		81		54		10		109		12		95		32		111		53		25		36		139		51		47		131		9		44		139		76		13		11		21		14		47		47		82		57		11		77		25		86		56
66		28		36		121		90		67		21		132		71		114		111		35		16		73		59		119		45		131		66		121		43		52		69		112		48		95		32		114		48		72		47		75		53		100		43		90		72		53		67		49		60		93		93		0		67		109		63		51		76		64		31		73		78		88		75		68		70		75		133		54		91		105		42		92		54		56		139		109		76		39		95		50		105		106		91		42		104		68		103		70		68		62		56		98		81		72		89		80		84		108		87		48		76		45		124		104		16		80		153		61
29		85		93		116		147		124		76		111		22		53		74		52		77		130		116		88		102		92		45		92		100		15		126		85		49		152		87		129		19		129		104		18		110		77		54		73		129		46		32		106		117		150		150		67		0		166		106		108		115		69		68		58		51		67		132		43		91		20		102		111		136		132		99		149		111		113		72		112		69		96		152		41		162		55		148		39		97		125		114		11		99		119		19		155		106		11		74		137		141		165		144		103		103		68		105		161		73		125		86		94
137		81		73		52		19		52		90		63		144		113		92		114		93		56		50		78		64		74		121		74		66		157		40		81		117		26		79		45		157		37		62		148		56		89		112		93		37		120		134		82		57		22		16		109		166		0		60		58		51		97		98		108		115		99		60		123		75		146		64		69		30		36		77		39		55		57		98		54		97		70		14		125		12		111		34		127		69		41		52		155		67		49		147		11		60		155		92		29		25		23		22		63		63		98		61		11		93		41		84		72
77		55		53		58		41		46		42		69		84		53		48		54		73		50		26		56		18		68		61		58		42		97		20		49		57		46		31		51		97		29		36		88		14		37		52		33		23		60		74		76		51		44		44		63		106		60		0		28		13		37		38		48		55		39		54		63		15		86		70		63		30		42		71		43		43		51		76		46		37		50		46		65		56		51		42		67		41		19		40		95		7		43		87		49		18		95		32		31		35		59		38		15		13		38		61		55		65		19		90		12
79		27		25		86		39		18		32		97		86		79		76		56		45		22		8		84		10		96		63		86		14		99		22		77		59		44		21		79		99		21		8		90		14		65		54		55		21		62		76		48		23		56		42		51		108		58		28		0		41		39		40		50		57		53		26		65		35		88		98		35		56		70		43		41		15		23		104		74		41		22		44		67		54		71		40		69		69		23		68		97		33		15		89		47		46		97		54		45		33		57		36		13		41		40		89		53		37		45		118		26
86		68		66		45		32		59		55		56		93		62		41		63		86		63		39		43		31		55		70		45		55		106		19		36		66		37		44		38		106		42		49		97		27		38		61		42		24		69		83		89		64		35		35		76		115		51		13		41		0		46		47		57		64		48		67		72		24		95		57		76		21		29		84		46		56		64		63		33		46		63		37		74		47		60		41		76		28		18		27		104		16		56		96		40		9		104		41		22		26		50		29		28		12		47		48		46		78		10		77		21
40		56		54		57		78		55		43		68		47		50		47		29		74		61		47		55		33		67		24		57		43		60		57		48		20		83		32		60		60		60		37		51		41		36		21		26		60		23		37		77		52		81		81		64		69		97		37		39		46		0		33		11		18		24		63		26		22		49		69		64		67		63		72		80		44		52		75		45		12		51		83		28		93		42		79		30		40		56		45		58		30		50		50		86		37		58		25		68		72		96		75		34		34		19		60		92		66		56		89		25
39		23		25		90		79		56		10		101		46		83		80		16		41		62		48		88		34		100		35		90		32		59		58		81		19		84		19		83		59		61		36		50		42		69		14		59		61		22		36		44		49		82		82		31		68		98		38		40		47		33		0		42		47		57		64		37		39		48		102		43		68		74		39		81		43		45		108		78		45		28		84		27		94		75		80		29		73		57		72		57		37		51		49		87		50		57		58		69		73		97		76		35		45		14		93		93		33		57		122		30
29		65		63		58		89		66		52		59		36		41		38		38		83		72		58		46		44		58		13		48		52		49		68		39		25		94		41		71		49		71		46		40		52		27		30		17		71		20		26		86		61		92		92		73		58		108		48		50		57		11		42		0		7		15		74		15		33		38		60		73		78		74		81		91		53		61		66		54		11		60		94		23		104		33		90		31		39		67		56		47		41		61		39		97		48		47		16		79		83		107		86		45		45		28		51		103		75		67		80		36
22		70		68		65		96		73		57		60		29		36		33		43		88		79		65		41		51		53		12		43		57		42		75		34		30		101		46		78		42		78		53		33		59		26		35		22		78		25		19		91		66		99		99		78		51		115		55		57		64		18		47		7		0		16		81		10		40		31		55		78		85		81		86		98		60		66		61		61		18		65		101		28		111		28		97		36		46		74		63		40		48		68		32		104		55		40		23		86		90		114		93		52		52		33		54		110		80		74		75		43
38		80		78		49		80		71		67		44		45		26		23		53		98		75		51		31		43		43		22		33		67		58		59		24		40		85		56		62		58		62		61		49		43		12		45		6		62		35		35		101		76		83		83		88		67		99		39		53		48		24		57		15		16		0		79		24		24		47		45		88		69		65		96		82		68		76		51		45		12		75		85		38		95		18		81		46		30		58		47		56		32		68		48		88		39		56		7		70		74		98		77		40		36		43		38		94		90		58		65		27
103		47		39		112		43		8		56		123		110		105		102		80		59		4		28		110		36		122		87		112		32		123		48		103		83		34		45		105		123		25		28		114		40		91		78		81		43		86		100		26		15		82		58		75		132		60		54		26		67		63		64		74		81		79		0		89		61		112		124		21		82		96		33		21		21		19		130		100		67		36		68		91		48		97		26		93		95		49		94		121		59		13		113		49		72		121		80		71		47		37		44		39		67		64		115		49		59		71		144		52
14		60		58		73		104		81		47		68		21		46		43		33		78		87		73		51		59		63		2		53		57		34		83		44		20		109		44		86		34		86		61		25		67		34		25		30		86		15		11		81		74		107		107		68		43		123		63		65		72		26		37		15		10		24		89		0		48		23		65		68		93		89		76		106		68		70		71		69		26		55		109		18		119		38		105		26		54		82		71		32		56		76		24		112		63		32		31		94		98		122		101		60		60		25		62		118		70		82		85		51
62		62		60		51		56		53		49		62		69		44		41		39		80		57		33		49		25		61		46		51		49		82		35		42		42		61		38		44		82		38		43		73		21		30		37		20		38		45		59		83		58		59		59		70		91		75		15		35		24		22		39		33		40		24		61		48		0		71		63		70		45		41		78		58		50		58		69		39		22		57		61		50		71		36		57		52		34		34		33		80		8		50		72		64		15		80		19		46		50		74		53		22		12		25		54		70		72		34		83		9
9		67		73		96		127		104		56		91		4		39		54		40		85		110		96		68		82		72		25		72		80		23		106		65		29		132		67		109		27		109		84		2		90		57		34		53		109		26		12		88		97		130		130		75		20		146		86		88		95		49		48		38		31		47		112		23		71		0		82		91		116		112		83		129		91		93		64		92		49		76		132		25		142		35		128		33		77		105		94		9		79		99		19		135		86		9		54		117		121		145		124		83		83		48		85		141		77		105		78		74
73		125		123		14		81		116		112		9		80		49		28		98		143		120		96		14		88		10		67		12		112		93		76		21		85		90		101		27		93		99		106		84		84		33		90		43		81		80		70		146		121		48		66		133		102		64		70		98		57		69		102		60		55		45		124		65		63		82		0		133		42		30		141		103		113		121		34		24		57		120		56		83		76		47		98		91		29		75		30		91		65		113		83		75		52		91		44		53		77		87		80		85		57		88		9		75		135		53		20		72
82		26		18		121		52		17		35		132		89		114		111		59		38		19		37		119		45		131		66		121		21		102		57		112		62		43		32		114		102		34		27		93		49		100		57		90		52		65		79		13		12		91		67		54		111		69		63		35		76		64		43		73		78		88		21		68		70		91		133		0		91		105		12		38		20		12		139		109		76		15		77		70		57		106		37		72		104		58		103		100		68		20		92		58		81		100		89		80		56		54		53		48		76		45		124		58		38		80		153		61
107		83		81		30		39		74		70		41		114		83		62		84		101		78		54		48		46		44		91		44		70		127		34		51		87		48		59		23		127		57		64		118		42		59		82		63		39		90		104		104		79		14		24		91		136		30		30		56		21		67		68		78		85		69		82		93		45		116		42		91		0		14		99		61		71		79		68		24		67		78		16		95		34		81		56		97		39		33		22		125		37		71		117		33		30		125		62		11		35		45		38		43		33		68		33		33		93		11		62		42
103		97		95		16		53		88		84		27		110		79		58		80		115		92		68		44		60		40		87		40		84		123		48		47		83		62		73		9		123		71		78		114		56		55		78		59		53		86		100		118		93		18		38		105		132		36		42		70		29		63		74		74		81		65		96		89		41		112		30		105		14		0		113		75		85		93		64		20		63		92		28		91		48		77		70		93		35		47		18		121		37		85		113		47		26		121		58		25		49		59		52		57		29		64		27		47		107		25		50		44
74		16		18		129		60		25		29		140		79		122		119		47		26		31		45		127		53		139		74		129		29		90		65		120		56		53		40		122		90		42		35		83		57		108		51		98		60		61		75		7		20		99		75		42		99		77		71		43		84		72		39		81		86		96		33		76		78		83		141		12		99		113		0		50		28		20		147		117		84		21		85		58		65		114		49		60		112		66		111		88		76		28		80		66		89		88		97		88		64		66		61		56		84		53		132		66		26		88		161		69
120		64		56		91		22		25		73		102		127		96		81		97		76		19		33		89		47		101		104		91		49		140		27		82		100		13		62		84		140		20		45		131		39		72		95		76		22		103		117		43		32		61		37		92		149		39		43		41		46		80		81		91		98		82		21		106		58		129		103		38		61		75		50		0		38		36		109		79		80		53		47		108		27		94		5		110		74		28		73		138		50		30		130		28		51		138		75		50		26		16		23		46		46		81		94		28		76		50		123		55
82		26		18		101		36		13		35		112		89		94		91		59		38		19		17		99		25		111		66		101		11		102		37		92		62		41		24		94		102		18		7		93		29		80		57		70		32		65		79		33		8		71		47		54		111		55		43		15		56		44		43		53		60		68		21		68		50		91		113		20		71		85		28		38		0		8		119		89		56		15		57		70		51		86		37		72		84		38		83		100		48		8		92		44		61		100		69		60		36		54		33		28		56		43		104		50		38		60		133		41
84		28		20		109		40		11		37		120		91		102		99		61		40		17		25		107		33		119		68		109		13		104		45		100		64		39		26		102		104		22		15		95		37		88		59		78		40		67		81		25		4		79		55		56		113		57		51		23		64		52		45		61		66		76		19		70		58		93		121		12		79		93		20		36		8		0		127		97		64		17		65		72		49		94		35		74		92		46		91		102		56		8		94		46		69		102		77		68		44		52		41		36		64		45		112		48		40		68		141		49
73		131		129		48		87		122		118		43		68		25		28		104		149		126		102		20		94		24		73		24		118		87		82		27		91		96		107		61		91		105		112		64		90		39		96		49		87		86		72		152		127		82		82		139		72		98		76		104		63		75		108		66		61		51		130		71		69		64		34		139		68		64		147		109		119		127		0		44		63		126		84		89		94		33		104		97		35		81		46		69		71		119		83		87		58		67		50		69		83		97		86		91		63		94		37		93		141		59		14		78
83		101		99		12		57		92		88		23		90		59		38		74		119		96		72		24		64		22		67		20		88		103		52		27		63		66		77		17		103		75		82		94		60		35		66		39		57		66		80		122		97		38		42		109		112		54		46		74		33		45		78		54		61		45		100		69		39		92		24		109		24		20		117		79		89		97		44		0		43		96		40		71		52		57		74		73		15		51		6		101		41		89		93		51		28		101		38		29		53		63		56		61		33		64		15		51		111		29		44		48
40		68		66		47		78		59		55		56		47		38		35		41		86		63		47		43		33		55		24		45		55		60		57		36		28		83		44		60		60		60		49		51		41		24		33		14		60		23		37		89		64		81		81		76		69		97		37		41		46		12		45		11		18		12		67		26		22		49		57		76		67		63		84		80		56		64		63		43		0		63		83		28		93		30		79		34		28		56		45		58		30		56		50		86		37		58		13		68		72		96		75		34		34		31		48		92		78		56		77		25
67		11		3		108		51		28		20		119		74		101		98		44		23		34		24		106		32		118		53		108		8		87		44		99		47		56		19		101		87		33		14		78		36		87		42		77		39		50		64		26		21		78		54		39		96		70		50		22		63		51		28		60		65		75		36		55		57		76		120		15		78		92		21		53		15		17		126		96		63		0		64		55		66		93		52		57		91		45		90		85		55		23		77		59		68		85		76		67		45		69		48		35		63		32		111		65		23		67		140		48
123		69		67		44		25		60		76		55		130		99		78		100		87		64		40		64		50		60		107		60		56		143		26		67		103		34		65		37		143		43		50		134		42		75		98		79		25		106		120		90		65		14		10		95		152		14		46		44		37		83		84		94		101		85		68		109		61		132		56		77		16		28		85		47		57		65		84		40		83		64		0		111		20		97		42		113		55		27		38		141		53		57		133		19		46		141		78		15		21		31		24		49		49		84		47		19		79		27		76		58
16		44		52		75		106		83		35		82		21		64		61		15		60		89		75		69		61		81		16		71		59		32		85		62		8		111		46		88		32		88		63		25		69		50		13		40		88		5		17		65		76		109		109		50		41		125		65		67		74		28		27		23		28		38		91		18		50		25		83		70		95		91		58		108		70		72		89		71		28		55		111		0		121		56		107		8		56		84		73		30		58		78		22		114		65		30		39		96		100		124		103		62		62		27		74		120		52		84		103		53
133		77		69		64		15		40		86		75		140		109		88		110		89		44		46		74		60		74		117		70		62		153		36		77		113		14		75		57		153		33		58		144		52		85		108		89		33		116		130		70		45		34		12		105		162		12		56		54		47		93		94		104		111		95		48		119		71		142		76		57		34		48		65		27		51		49		94		52		93		66		20		121		0		107		22		123		65		37		48		151		63		43		143		7		56		151		88		25		21		11		18		59		59		94		67		1		89		37		96		68
40		98		96		61		92		89		85		56		35		8		19		71		116		93		69		33		61		37		40		37		85		54		71		30		58		97		74		74		58		74		79		37		57		22		63		18		74		53		39		119		94		95		95		106		55		111		51		71		60		42		75		33		28		18		97		38		36		35		47		106		81		77		114		94		86		94		33		57		30		93		97		56		107		0		93		64		42		70		59		44		44		86		50		100		51		44		19		82		86		110		89		58		48		61		50		106		108		70		47		45
119		63		55		86		17		24		72		97		126		95		76		96		75		22		32		84		46		96		103		86		48		139		22		77		99		8		61		79		139		19		44		130		38		71		94		75		19		102		116		48		31		56		32		91		148		34		42		40		41		79		80		90		97		81		26		105		57		128		98		37		56		70		49		5		37		35		104		74		79		52		42		107		22		93		0		109		69		23		68		137		49		29		129		23		46		137		74		45		21		17		18		45		45		80		89		23		75		45		118		54
24		46		54		79		108		85		37		90		29		72		69		13		52		91		77		77		63		89		24		79		61		30		87		70		10		113		48		90		30		90		65		33		71		58		15		48		90		11		25		67		78		111		111		42		39		127		67		69		76		30		29		31		36		46		93		26		52		33		91		72		97		93		60		110		72		74		97		73		34		57		113		8		123		64		109		0		62		86		75		28		60		80		20		116		67		30		47		98		102		126		105		64		64		29		82		122		44		86		111		55
68		96		94		19		52		87		83		28		75		44		23		69		114		91		67		15		59		27		52		17		83		88		47		12		56		61		72		32		88		70		77		79		55		20		61		24		52		51		65		117		92		53		53		104		97		69		41		69		28		40		73		39		46		30		95		54		34		77		29		104		39		35		112		74		84		92		35		15		28		91		55		56		65		42		69		62		0		46		17		86		36		84		78		58		23		86		23		40		48		68		51		56		28		59		20		64		106		28		49		43
96		50		48		63		22		41		49		74		103		72		53		73		68		45		21		61		23		73		80		63		37		116		1		54		76		27		38		56		116		24		31		107		15		48		71		52		6		79		93		71		46		33		25		68		125		41		19		23		18		56		57		67		74		58		49		82		34		105		75		58		33		47		66		28		38		46		81		51		56		45		27		84		37		70		23		86		46		0		45		114		26		38		106		30		23		114		51		22		16		40		19		22		22		57		66		36		60		22		95		31
85		95		93		18		51		86		82		29		92		61		40		68		113		90		66		26		58		28		69		22		82		105		46		29		65		60		71		15		105		69		76		96		54		37		60		41		51		68		82		116		91		36		36		103		114		52		40		68		27		45		72		56		63		47		94		71		33		94		30		103		22		18		111		73		83		91		46		6		45		90		38		73		48		59		68		75		17		45		0		103		35		83		95		45		22		103		40		23		47		57		50		55		27		58		21		47		105		23		50		42
18		74		82		105		136		113		65		100		11		44		63		41		80		119		105		77		91		81		34		81		89		18		115		74		38		141		76		118		22		118		93		7		99		66		43		62		118		35		21		95		106		139		139		70		11		155		95		97		104		58		57		47		40		56		121		32		80		9		91		100		125		121		88		138		100		102		69		101		58		85		141		30		151		44		137		28		86		114		103		0		88		108		14		144		95		2		63		126		130		154		133		92		92		57		94		150		72		114		83		83
70		60		58		53		48		51		47		64		77		46		43		47		78		55		31		51		23		63		54		53		47		90		27		44		50		53		36		46		90		34		41		81		19		32		45		26		30		53		67		81		56		51		51		68		99		67		7		33		16		30		37		41		48		32		59		56		8		79		65		68		37		37		76		50		48		56		71		41		30		55		53		58		63		44		49		60		36		26		35		88		0		48		80		56		13		88		25		38		42		66		45		20		8		31		56		62		70		26		85		7
90		34		26		101		32		5		43		112		97		94		91		67		46		11		17		99		25		111		74		101		19		110		37		92		70		33		32		94		110		14		15		101		29		80		65		70		32		73		87		33		8		71		47		62		119		49		43		15		56		50		51		61		68		68		13		76		50		99		113		20		71		85		28		30		8		8		119		89		56		23		57		78		43		86		29		80		84		38		83		108		48		0		100		38		61		108		69		60		36		46		33		28		56		51		104		42		46		60		133		41
10		66		74		97		128		105		57		92		15		58		55		33		66		111		97		69		83		75		26		73		81		10		107		66		30		133		68		110		10		110		85		19		91		58		35		54		110		27		13		87		98		131		131		56		19		147		87		89		96		50		49		39		32		48		113		24		72		19		83		92		117		113		80		130		92		94		83		93		50		77		133		22		143		50		129		20		78		106		95		14		80		100		0		136		87		16		55		118		122		146		125		84		84		49		86		142		58		106		97		75
126		70		62		63		8		41		79		74		133		102		81		103		82		45		39		67		53		73		110		63		55		146		29		70		106		15		68		56		146		26		51		137		45		78		101		82		26		109		123		71		46		33		9		98		155		11		49		47		40		86		87		97		104		88		49		112		64		135		75		58		33		47		66		28		44		46		87		51		86		59		19		114		7		100		23		116		58		30		45		144		56		38		136		0		49		144		81		22		14		12		11		52		52		87		66		6		82		30		95		61
77		73		71		40		41		64		60		51		84		53		32		54		91		68		44		38		36		50		61		40		60		97		24		31		57		46		49		33		97		47		54		88		32		29		52		33		29		60		74		94		69		44		44		81		106		60		18		46		9		37		50		48		55		39		72		63		15		86		52		81		30		26		89		51		61		69		58		28		37		68		46		65		56		51		46		67		23		23		22		95		13		61		87		49		0		95		32		31		35		59		38		33		5		38		43		55		83		19		72		20
18		74		82		105		136		113		65		100		11		42		63		41		82		119		105		77		91		81		34		81		89		20		115		74		38		141		76		118		24		118		93		7		99		66		43		62		118		35		21		95		106		139		139		72		11		155		95		97		104		58		57		47		40		56		121		32		80		9		91		100		125		121		88		138		100		102		67		101		58		85		141		30		151		44		137		30		86		114		103		2		88		108		16		144		95		0		63		126		130		154		133		92		92		57		94		150		74		114		81		83
45		81		79		42		73		72		68		43		52		25		22		54		99		76		52		30		44		42		29		32		68		65		52		23		41		78		57		55		65		55		62		56		40		11		46		1		55		36		42		102		77		76		76		89		74		92		32		54		41		25		58		16		23		7		80		31		19		54		44		89		62		58		97		75		69		77		50		38		13		76		78		39		88		19		74		47		23		51		40		63		25		69		55		81		32		63		0		63		67		91		70		41		29		44		35		87		91		51		64		28
108		72		70		41		28		63		61		52		115		84		63		85		90		67		43		49		35		51		92		45		59		128		23		52		88		37		50		34		128		46		53		119		31		60		83		64		28		91		105		93		68		13		13		80		137		29		31		45		22		68		69		79		86		70		71		94		46		117		53		80		11		25		88		50		60		68		69		29		68		67		15		96		25		82		45		98		40		22		23		126		38		60		118		22		31		126		63		0		24		34		27		34		34		69		44		24		82		12		73		43
112		56		48		65		6		39		65		76		119		88		67		89		68		43		25		63		39		75		96		65		41		132		15		56		92		13		54		58		132		22		37		123		31		64		87		68		12		95		109		69		44		35		11		84		141		25		35		33		26		72		73		83		90		74		47		98		50		121		77		56		35		49		64		26		36		44		83		53		72		45		21		100		21		86		21		102		48		16		47		130		42		36		122		14		35		130		67		24		0		24		3		38		38		73		68		20		68		24		97		47
136		80		72		75		18		41		89		86		143		112		91		113		92		35		49		77		63		85		120		75		65		156		39		80		116		13		78		68		156		36		61		147		55		88		111		92		36		119		133		59		48		45		21		108		165		23		59		57		50		96		97		107		114		98		37		122		74		145		87		54		45		59		66		16		54		52		97		63		96		69		31		124		11		110		17		126		68		40		57		154		66		46		146		12		59		154		91		34		24		0		21		62		62		97		78		12		92		40		107		71
115		59		51		68		3		36		68		79		122		91		70		92		71		40		28		66		42		78		99		68		44		135		18		59		95		10		57		61		135		19		40		126		34		67		90		71		15		98		112		66		41		38		14		87		144		22		38		36		29		75		76		86		93		77		44		101		53		124		80		53		38		52		61		23		33		41		86		56		75		48		24		103		18		89		18		105		51		19		50		133		45		33		125		11		38		133		70		27		3		21		0		41		41		76		71		17		71		27		100		50
74		40		38		73		44		31		27		84		81		66		63		51		58		35		13		71		3		83		58		73		27		94		23		64		54		49		16		66		94		26		21		85		7		52		49		42		26		57		71		61		36		47		47		48		103		63		15		13		28		34		35		45		52		40		39		60		22		83		85		48		43		57		56		46		28		36		91		61		34		35		49		62		59		58		45		64		56		22		55		92		20		28		84		52		33		92		41		34		38		62		41		0		28		35		76		58		50		32		105		13
74		68		66		45		44		59		55		56		81		50		35		51		86		63		39		43		31		55		58		45		55		94		23		36		54		49		44		38		94		42		49		85		27		26		49		30		26		57		71		89		64		47		47		76		103		63		13		41		12		34		45		45		52		36		67		60		12		83		57		76		33		29		84		46		56		64		63		33		34		63		49		62		59		48		45		64		28		22		27		92		8		56		84		52		5		92		29		34		38		62		41		28		0		35		48		58		78		22		77		15
39		37		35		76		79		56		24		87		46		69		66		16		55		62		48		74		34		86		23		76		32		59		58		67		19		84		19		69		59		61		36		50		42		55		14		45		61		22		36		58		49		82		82		45		68		98		38		40		47		19		14		28		33		43		64		25		25		48		88		45		68		64		53		81		43		45		94		64		31		32		84		27		94		61		80		29		59		57		58		57		31		51		49		87		38		57		44		69		73		97		76		35		35		0		79		93		47		57		108		26
76		116		114		11		72		107		103		8		83		52		31		89		134		111		87		17		79		13		60		13		103		96		67		20		76		81		92		24		96		90		97		87		75		28		81		34		72		71		73		137		112		45		57		124		105		61		61		89		48		60		93		51		54		38		115		62		54		85		9		124		33		27		132		94		104		112		37		15		48		111		47		74		67		50		89		82		20		66		21		94		56		104		86		66		43		94		35		44		68		78		71		76		48		79		0		66		126		44		29		63
132		76		68		63		14		41		85		74		139		108		87		109		88		45		45		73		59		73		116		69		61		152		35		76		112		15		74		56		152		32		57		143		51		84		107		88		32		115		129		71		46		33		11		104		161		11		55		53		46		92		93		103		110		94		49		118		70		141		75		58		33		47		66		28		50		48		93		51		92		65		19		120		1		106		23		122		64		36		47		150		62		42		142		6		55		150		87		24		20		12		17		58		58		93		66		0		88		36		95		67
68		12		20		123		74		51		23		134		73		116		113		37		8		57		43		121		47		133		68		123		27		64		59		114		50		79		34		116		64		56		31		77		51		102		45		92		56		55		69		33		44		93		77		16		73		93		65		37		78		66		33		75		80		90		59		70		72		77		135		38		93		107		26		76		38		40		141		111		78		23		79		52		89		108		75		44		106		60		105		72		70		46		58		82		83		74		91		82		68		92		71		50		78		47		126		88		0		82		155		63
96		72		70		41		28		63		59		52		103		72		51		73		90		67		43		39		35		51		80		41		59		116		23		40		76		37		48		34		116		46		53		107		31		48		71		52		28		79		93		93		68		25		25		80		125		41		19		45		10		56		57		67		74		58		71		82		34		105		53		80		11		25		88		50		60		68		59		29		56		67		27		84		37		70		45		86		28		22		23		114		26		60		106		30		19		114		51		12		24		40		27		32		22		57		44		36		82		0		73		31
87		145		143		34		101		136		132		29		82		39		42		118		163		140		116		34		108		22		87		32		132		101		96		41		105		110		121		47		105		119		126		78		104		53		110		63		101		100		86		166		141		68		86		153		86		84		90		118		77		89		122		80		75		65		144		85		83		78		20		153		62		50		161		123		133		141		14		44		77		140		76		103		96		47		118		111		49		95		50		83		85		133		97		95		72		81		64		73		97		107		100		105		77		108		29		95		155		73		0		92
65		53		51		60		53		44		40		71		72		53		50		42		71		48		24		58		16		70		49		60		40		85		32		51		45		58		29		53		85		35		34		76		16		39		40		29		35		48		62		74		49		56		56		61		94		72		12		26		21		25		30		36		43		27		52		51		9		74		72		61		42		44		69		55		41		49		78		48		25		48		58		53		68		45		54		55		43		31		42		83		7		41		75		61		20		83		28		43		47		71		50		13		15		26		63		67		63		31		92		0
