100
0		10		52		58		61		70		84		82		23		37		42		45		5		95		31		87		56		83		95		108		84		51		96		82		98		25		47		51		101		85		13		77		93		69		47		79		45		58		75		99		64		83		108		95		63		56		25		70		53		45		75		88		66		10		98		108		22		64		29		20		26		62		77		81		47		51		50		75		63		31		41		28		42		44		75		99		10		49		24		42		14		82		42		95		44		77		23		42		20		20		93		37		86		96		96		103		66		37		57		59
10		0		62		68		71		80		74		92		13		47		32		35		15		85		21		97		66		93		105		118		94		61		106		72		88		35		37		41		91		75		23		87		103		59		57		89		55		48		73		89		54		73		98		85		53		46		35		80		43		35		65		98		76		4		88		118		32		74		19		30		36		72		87		71		37		41		60		65		53		21		31		38		46		34		85		109		20		59		16		52		24		92		52		105		34		81		33		40		30		30		83		47		76		106		106		93		76		27		47		69
52		62		0		88		9		18		54		30		57		15		32		81		47		65		77		45		10		31		43		56		32		17		44		52		68		55		99		103		71		55		47		35		41		39		17		37		63		60		45		69		34		53		78		65		33		36		65		64		83		71		45		36		24		62		68		56		52		16		81		50		36		10		41		51		35		103		80		45		71		57		93		58		16		96		23		47		42		27		46		34		44		46		56		43		92		47		39		22		32		62		63		67		56		44		44		73		48		89		73		25
58		68		88		0		83		76		142		94		81		93		100		103		61		153		89		61		98		105		107		82		68		105		72		140		156		33		87		83		159		143		45		123		67		127		105		125		25		116		133		157		122		141		166		153		121		114		39		44		111		103		133		62		112		64		156		90		36		104		69		38		52		98		51		139		105		87		10		133		121		89		67		30		100		88		69		73		58		61		82		54		44		56		32		69		102		135		49		100		64		38		151		21		144		110		90		161		40		83		115		113
61		71		9		83		0		9		59		21		66		24		41		90		56		70		86		40		15		22		34		47		23		22		35		57		73		50		108		112		76		60		56		40		34		44		22		42		58		69		50		74		41		58		83		70		38		45		74		59		92		80		50		27		29		71		73		47		57		21		90		57		35		15		36		56		44		112		75		50		80		66		102		53		25		105		14		38		51		22		55		29		53		41		51		36		101		52		38		31		41		71		68		62		61		35		35		78		43		98		82		30
70		80		18		76		9		0		66		18		75		33		50		99		65		77		95		33		22		29		31		38		14		29		26		64		80		49		117		121		83		67		65		47		27		51		29		49		51		78		57		81		50		65		90		77		45		54		83		52		101		89		57		18		36		80		80		38		66		28		99		66		44		22		29		63		53		121		68		57		89		75		111		54		34		114		7		29		60		21		64		28		62		34		44		29		110		59		47		40		50		80		75		55		68		34		26		85		36		107		91		37
84		74		54		142		59		66		0		72		61		49		42		39		81		11		53		99		46		73		85		98		74		41		86		2		32		109		57		61		29		3		97		67		93		17		37		69		117		26		53		39		20		45		24		21		31		28		109		118		41		39		25		80		56		78		14		98		106		54		73		104		90		52		95		3		37		61		134		11		29		53		79		112		42		54		73		91		84		81		60		88		98		100		110		95		50		61		93		42		78		104		21		121		52		86		86		19		102		59		31		49
82		92		30		94		21		18		72		0		87		45		62		111		77		69		107		51		26		11		13		30		26		31		22		72		62		61		129		133		65		69		77		29		45		55		35		31		69		90		39		63		62		47		72		59		41		66		95		70		113		101		47		32		18		92		62		26		78		18		111		78		56		20		47		73		65		133		86		61		101		87		123		66		46		126		25		43		72		33		76		40		74		52		62		47		122		41		59		52		62		92		57		73		50		16		14		67		54		119		103		23
23		13		57		81		66		75		61		87		0		42		25		24		20		72		20		92		61		88		100		113		89		56		101		59		75		48		42		46		78		62		36		82		98		46		52		84		56		35		68		76		41		60		85		72		46		33		48		75		30		22		52		93		71		17		75		113		45		69		24		43		31		67		82		58		24		46		73		52		40		8		36		51		41		39		80		104		23		54		11		47		37		87		49		100		35		76		32		35		25		43		70		60		67		101		101		80		71		32		34		64
37		47		15		93		24		33		49		45		42		0		17		66		32		60		62		50		19		46		58		71		47		14		59		47		63		60		84		88		66		50		48		40		56		34		12		42		68		45		40		64		29		48		73		60		28		21		60		69		68		56		40		51		29		47		63		71		57		27		66		55		41		25		46		46		20		88		85		40		56		42		78		63		7		81		38		62		35		32		31		39		49		51		61		58		77		42		44		7		29		55		58		72		51		59		59		68		53		74		58		22
42		32		32		100		41		50		42		62		25		17		0		49		39		53		45		67		36		63		75		88		64		31		76		40		56		67		67		71		59		43		55		57		73		27		27		59		75		28		43		57		22		41		66		53		21		14		67		76		51		39		33		68		46		36		56		88		64		44		49		62		48		42		57		39		5		71		92		33		39		25		61		70		16		64		55		79		42		39		18		46		56		62		68		75		60		51		51		10		36		62		51		79		44		76		76		61		60		57		41		39
45		35		81		103		90		99		39		111		24		66		49		0		42		50		14		116		85		112		124		137		113		80		125		39		71		70		18		22		68		42		58		106		122		56		76		108		78		21		92		78		49		84		63		60		70		45		70		99		8		10		64		117		95		39		53		137		67		93		34		65		55		91		106		38		46		22		95		50		18		24		40		73		65		15		104		128		45		78		35		71		59		111		71		124		11		100		54		59		49		65		60		82		91		125		125		58		95		20		12		88
5		15		47		61		56		65		81		77		20		32		39		42		0		92		30		82		51		78		90		103		79		46		91		79		95		28		52		56		98		82		16		72		88		66		44		74		40		55		72		96		61		80		105		92		60		53		28		65		50		42		72		83		61		15		95		103		25		59		34		23		21		57		72		78		44		56		53		72		60		28		46		31		39		49		70		94		5		44		21		37		17		77		37		90		45		74		18		39		15		23		90		40		83		91		91		100		61		42		54		54
95		85		65		153		70		77		11		69		72		60		53		50		92		0		64		110		55		70		82		95		85		48		83		13		29		120		66		70		26		10		108		64		104		26		48		66		128		37		50		36		31		42		13		18		32		39		120		129		44		50		22		91		53		89		11		95		117		51		84		115		101		55		106		14		48		66		145		20		32		64		90		123		53		65		84		102		95		92		71		99		109		111		121		106		53		58		104		53		89		115		18		132		49		83		83		10		113		70		38		46
31		21		77		89		86		95		53		107		20		62		45		14		30		64		0		112		81		108		120		133		109		76		121		51		67		56		22		26		70		54		44		102		118		52		72		104		70		27		88		74		45		80		77		64		66		41		56		95		22		14		60		113		91		25		67		133		53		89		20		51		51		87		102		50		42		26		81		46		32		20		26		59		61		19		100		124		35		74		31		67		45		107		67		120		15		96		48		55		45		51		62		68		87		121		121		72		91		12		26		84
87		97		45		61		40		33		99		51		92		50		67		116		82		110		112		0		55		62		64		21		25		62		29		97		113		66		134		138		116		100		82		80		6		84		62		82		42		95		90		114		79		98		123		110		78		71		100		19		118		106		90		19		69		97		113		47		83		61		116		83		61		55		10		96		70		138		51		90		106		92		128		71		57		131		26		12		77		38		81		45		79		5		45		8		127		92		64		57		67		97		108		52		101		67		47		118		21		124		108		70
56		66		10		98		15		22		46		26		61		19		36		85		51		55		81		55		0		27		39		52		30		7		40		46		58		65		103		107		61		45		53		25		49		29		9		27		73		64		35		59		36		43		68		55		23		40		69		74		87		75		35		36		14		66		58		52		62		8		85		60		46		6		51		47		39		107		90		35		75		61		97		68		20		100		29		47		46		37		50		44		54		56		66		51		96		37		49		26		36		66		53		77		46		40		40		63		58		93		77		15
83		93		31		105		22		29		73		11		88		46		63		112		78		70		108		62		27		0		12		41		37		32		33		73		51		72		130		134		54		70		78		18		56		56		36		20		80		91		28		52		63		36		61		52		42		67		96		81		114		102		48		43		17		93		59		25		79		19		112		79		57		21		58		74		66		134		97		62		102		88		124		75		47		127		36		54		73		44		77		51		75		63		73		58		123		30		60		53		63		93		52		84		39		13		15		60		65		120		104		24
95		105		43		107		34		31		85		13		100		58		75		124		90		82		120		64		39		12		0		43		39		44		35		85		53		74		142		146		56		82		90		18		58		68		48		18		82		103		32		50		75		40		71		64		54		79		108		83		126		114		60		45		29		105		71		17		91		31		124		91		69		33		60		86		78		146		99		74		114		100		136		79		59		139		38		56		85		46		89		53		87		65		75		60		135		28		72		65		75		105		64		86		37		3		17		72		67		132		116		36
108		118		56		82		47		38		98		30		113		71		88		137		103		95		133		21		52		41		43		0		24		57		12		98		92		87		155		159		95		95		103		59		15		81		61		61		63		116		69		93		88		77		102		89		67		92		121		40		139		127		73		20		48		118		92		26		104		44		137		104		82		46		31		99		91		159		72		87		127		113		149		92		72		152		33		13		98		59		102		66		100		26		66		17		148		71		85		78		88		118		87		73		80		46		26		97		42		145		129		49
84		94		32		68		23		14		74		26		89		47		64		113		79		85		109		25		30		37		39		24		0		37		12		74		88		63		131		135		91		75		79		55		19		59		37		57		43		92		65		89		64		73		98		85		53		68		97		44		115		103		65		6		44		94		88		24		80		36		113		80		58		30		21		75		67		135		60		65		103		89		125		68		48		128		9		17		74		35		78		42		76		26		42		21		124		67		61		54		64		94		83		49		76		42		22		93		28		121		105		45
51		61		17		105		22		29		41		31		56		14		31		80		46		48		76		62		7		32		44		57		37		0		45		41		51		72		98		102		54		38		60		26		56		24		4		28		80		59		28		52		31		36		61		48		16		35		72		81		82		70		28		43		15		61		51		57		69		13		80		67		53		11		58		42		34		102		97		30		70		56		92		75		15		95		36		54		47		44		45		51		61		63		73		58		91		30		56		21		41		67		46		84		39		45		45		56		65		88		72		8
96		106		44		72		35		26		86		22		101		59		76		125		91		83		121		29		40		33		35		12		12		45		0		86		84		75		143		147		87		83		91		51		23		69		49		53		51		104		61		85		76		69		94		81		55		80		109		48		127		115		61		10		40		106		84		18		92		32		125		92		70		34		25		87		79		147		64		75		115		101		137		80		60		140		21		21		86		47		90		54		88		30		54		25		136		63		73		66		76		106		79		61		72		38		18		89		32		133		117		41
82		72		52		140		57		64		2		72		59		47		40		39		79		13		51		97		46		73		85		98		74		41		86		0		32		107		57		61		29		3		95		67		91		17		37		69		115		24		53		39		18		45		26		21		31		26		107		116		41		37		25		78		56		76		16		98		104		54		71		102		88		52		93		1		35		61		132		11		29		51		77		110		40		54		71		89		82		79		58		86		96		98		108		93		50		61		91		40		76		102		21		119		52		86		86		21		100		57		31		49
98		88		68		156		73		80		32		62		75		63		56		71		95		29		67		113		58		51		53		92		88		51		84		32		0		123		89		93		3		29		111		35		107		29		51		37		131		50		23		7		34		15		18		11		35		42		123		132		73		61		23		94		44		92		18		66		120		52		87		118		104		58		109		33		51		93		148		23		61		67		93		126		56		86		87		105		98		95		74		102		112		114		124		109		82		29		107		56		92		118		11		135		20		54		66		19		116		79		63		43
25		35		55		33		50		49		109		61		48		60		67		70		28		120		56		66		65		72		74		87		63		72		75		107		123		0		68		72		126		110		16		90		72		94		72		92		24		83		100		124		89		108		133		120		88		81		34		49		78		70		100		67		79		31		123		87		17		71		50		17		19		65		56		106		72		72		25		100		88		56		62		5		67		65		54		78		25		28		49		21		13		61		21		74		69		102		16		67		31		31		118		14		111		77		75		128		45		58		82		80
47		37		99		87		108		117		57		129		42		84		67		18		52		66		22		134		103		130		142		155		131		98		143		57		89		68		0		4		86		60		52		124		140		74		94		126		92		39		110		96		67		102		79		78		88		63		54		117		24		28		82		135		113		37		71		155		51		111		18		51		73		109		124		56		64		4		83		68		34		42		24		63		83		3		122		146		57		96		53		89		55		129		89		142		15		118		70		77		67		49		78		82		109		143		143		74		113		10		28		106
51		41		103		83		112		121		61		133		46		88		71		22		56		70		26		138		107		134		146		159		135		102		147		61		93		72		4		0		90		64		56		128		144		78		98		130		96		43		114		100		71		106		83		82		92		67		50		121		28		32		86		139		117		41		75		159		55		115		22		55		77		113		128		60		68		4		87		72		38		46		20		67		87		7		126		150		61		100		57		93		59		133		93		146		19		122		74		81		71		45		82		86		113		147		147		78		117		14		32		110
101		91		71		159		76		83		29		65		78		66		59		68		98		26		70		116		61		54		56		95		91		54		87		29		3		126		86		90		0		26		114		38		110		32		54		40		134		47		26		10		37		18		15		8		38		45		126		135		70		58		26		97		47		95		15		69		123		55		90		121		107		61		112		30		54		90		151		26		58		70		96		129		59		83		90		108		101		98		77		105		115		117		127		112		79		32		110		59		95		121		8		138		23		57		69		16		119		76		60		46
85		75		55		143		60		67		3		69		62		50		43		42		82		10		54		100		45		70		82		95		75		38		83		3		29		110		60		64		26		0		98		64		94		16		38		66		118		27		50		36		21		42		23		18		28		29		110		119		44		40		22		81		53		79		13		95		107		51		74		105		91		49		96		4		38		64		135		10		32		54		80		113		43		57		74		92		85		82		61		89		99		101		111		96		53		58		94		43		79		105		18		122		49		83		83		18		103		60		34		46
13		23		47		45		56		65		97		77		36		48		55		58		16		108		44		82		53		78		90		103		79		60		91		95		111		16		52		56		114		98		0		78		88		82		60		80		40		71		88		112		77		96		121		108		76		69		18		65		66		58		88		83		67		19		111		103		9		59		34		7		21		57		72		94		60		56		37		88		76		44		46		15		55		49		70		94		13		44		37		37		3		77		37		90		57		90		18		55		19		15		106		30		99		91		91		116		61		42		70		68
77		87		35		123		40		47		67		29		82		40		57		106		72		64		102		80		25		18		18		59		55		26		51		67		35		90		124		128		38		64		78		0		74		50		30		2		98		85		14		34		57		22		53		46		36		61		90		99		108		96		42		61		11		87		53		33		87		19		106		85		71		25		76		68		60		128		115		56		96		82		118		93		41		121		54		72		67		62		71		69		79		81		91		76		117		12		74		47		59		87		46		102		21		19		33		54		83		114		98		18
93		103		41		67		34		27		93		45		98		56		73		122		88		104		118		6		49		56		58		15		19		56		23		91		107		72		140		144		110		94		88		74		0		78		56		76		48		101		84		108		73		92		117		104		72		77		106		25		124		112		84		13		63		103		107		41		89		55		122		89		67		49		16		90		76		144		57		84		112		98		134		77		57		137		20		6		83		44		87		51		85		11		51		2		133		86		70		63		73		103		102		58		95		61		41		112		27		130		114		64
69		59		39		127		44		51		17		55		46		34		27		56		66		26		52		84		29		56		68		81		59		24		69		17		29		94		74		78		32		16		82		50		78		0		22		52		102		35		36		30		7		28		39		26		14		13		94		103		58		46		8		65		39		63		29		81		91		37		58		89		75		35		80		18		22		78		119		6		46		38		68		97		27		71		58		76		69		66		45		73		83		85		95		80		67		44		78		27		63		89		24		106		35		69		69		34		87		64		48		32
47		57		17		105		22		29		37		35		52		12		27		76		44		48		72		62		9		36		48		61		37		4		49		37		51		72		94		98		54		38		60		30		56		22		0		32		80		55		28		52		27		36		61		48		16		31		72		81		78		66		28		43		19		57		51		61		69		17		76		67		53		15		58		38		30		98		97		28		66		52		88		75		11		91		36		54		47		44		41		51		61		63		73		58		87		30		56		17		41		67		46		84		39		49		49		56		65		84		68		12
79		89		37		125		42		49		69		31		84		42		59		108		74		66		104		82		27		20		18		61		57		28		53		69		37		92		126		130		40		66		80		2		76		52		32		0		100		87		16		32		59		24		55		48		38		63		92		101		110		98		44		63		13		89		55		35		89		21		108		87		73		27		78		70		62		130		117		58		98		84		120		95		43		123		56		74		69		64		73		71		81		83		93		78		119		10		76		49		61		89		48		104		19		17		35		56		85		116		100		20
45		55		63		25		58		51		117		69		56		68		75		78		40		128		70		42		73		80		82		63		43		80		51		115		131		24		92		96		134		118		40		98		48		102		80		100		0		91		108		132		97		116		141		128		96		89		58		25		86		78		108		43		87		55		131		65		41		79		74		41		27		73		32		114		80		96		17		108		96		64		86		29		75		89		44		54		35		36		57		29		37		37		7		50		85		110		24		75		39		55		126		10		119		85		65		136		21		82		90		88
58		48		60		116		69		78		26		90		35		45		28		21		55		37		27		95		64		91		103		116		92		59		104		24		50		83		39		43		47		27		71		85		101		35		55		87		91		0		71		57		28		63		50		39		49		24		83		92		23		13		43		96		74		52		40		116		80		72		47		78		64		70		85		23		25		43		108		29		11		27		53		86		44		36		83		107		58		57		34		62		72		90		84		103		32		79		67		38		52		78		39		95		70		104		104		45		76		33		13		67
75		73		45		133		50		57		53		39		68		40		43		92		72		50		88		90		35		28		32		69		65		28		61		53		23		100		110		114		26		50		88		14		84		36		28		16		108		71		0		24		43		8		39		32		22		47		100		109		94		82		28		71		21		73		39		45		97		29		92		95		81		35		86		54		46		114		125		42		82		68		104		103		33		107		64		82		75		72		57		79		89		91		101		86		103		8		84		33		69		95		32		112		11		33		43		40		93		100		84		20
99		89		69		157		74		81		39		63		76		64		57		78		96		36		74		114		59		52		50		93		89		52		85		39		7		124		96		100		10		36		112		34		108		30		52		32		132		57		24		0		35		16		25		18		36		43		124		133		80		68		24		95		45		93		25		67		121		53		88		119		105		59		110		40		52		100		149		28		68		68		94		127		57		93		88		106		99		96		75		103		113		115		125		110		89		22		108		57		93		119		18		136		13		47		67		26		117		86		70		44
64		54		34		122		41		50		20		62		41		29		22		49		61		31		45		79		36		63		75		88		64		31		76		18		34		89		67		71		37		21		77		57		73		7		27		59		97		28		43		35		0		35		44		31		21		8		89		98		51		39		15		68		46		58		34		88		86		44		53		84		70		42		75		17		17		71		114		11		39		33		61		92		22		64		55		79		64		61		40		68		78		80		90		75		60		51		73		22		58		84		29		101		42		76		76		39		82		57		41		39
83		73		53		141		58		65		45		47		60		48		41		84		80		42		80		98		43		36		40		77		73		36		69		45		15		108		102		106		18		42		96		22		92		28		36		24		116		63		8		16		35		0		31		24		20		39		108		117		86		74		20		79		29		77		31		53		105		37		84		103		89		43		94		46		38		106		133		34		74		60		96		111		41		99		72		90		83		80		59		87		97		99		109		94		95		16		92		41		77		103		24		120		7		41		51		32		101		92		76		28
108		98		78		166		83		90		24		72		85		73		66		63		105		13		77		123		68		61		71		102		98		61		94		26		18		133		79		83		15		23		121		53		117		39		61		55		141		50		39		25		44		31		0		13		45		52		133		142		55		63		33		104		54		102		10		84		130		62		97		128		114		68		119		27		61		79		158		33		45		77		103		136		66		78		97		115		108		105		84		112		122		124		134		119		64		47		117		66		102		128		15		145		38		72		76		5		126		83		51		53
95		85		65		153		70		77		21		59		72		60		53		60		92		18		64		110		55		52		64		89		85		48		81		21		11		120		78		82		8		18		108		46		104		26		48		48		128		39		32		18		31		24		13		0		32		39		120		129		62		50		20		91		41		89		7		77		117		49		84		115		101		55		106		22		48		82		145		20		50		64		90		123		53		75		84		102		95		92		71		99		109		111		121		106		71		40		104		53		89		115		2		132		31		65		65		8		113		70		52		40
63		53		33		121		38		45		31		41		46		28		21		70		60		32		66		78		23		42		54		67		53		16		55		31		35		88		88		92		38		28		76		36		72		14		16		38		96		49		22		36		21		20		45		32		0		25		88		97		72		60		12		59		25		57		35		67		85		23		70		83		69		23		74		32		24		92		113		20		60		46		82		91		21		85		52		70		63		60		39		67		77		79		89		74		81		30		72		21		57		83		30		100		23		55		55		40		81		78		62		18
56		46		36		114		45		54		28		66		33		21		14		45		53		39		41		71		40		67		79		92		68		35		80		26		42		81		63		67		45		29		69		61		77		13		31		63		89		24		47		43		8		39		52		39		25		0		81		90		47		35		19		72		50		50		42		92		78		48		45		76		62		46		67		25		9		67		106		19		35		25		57		84		20		60		59		83		56		53		32		60		70		72		82		79		56		55		65		14		50		76		37		93		46		80		80		47		74		53		37		43
25		35		65		39		74		83		109		95		48		60		67		70		28		120		56		100		69		96		108		121		97		72		109		107		123		34		54		50		126		110		18		90		106		94		72		92		58		83		100		124		89		108		133		120		88		81		0		83		78		70		100		101		79		31		123		121		17		77		36		17		39		75		90		106		72		54		49		100		88		56		30		29		67		55		88		112		25		62		49		55		21		95		55		108		69		102		36		67		33		5		118		48		111		109		109		128		79		50		82		80
70		80		64		44		59		52		118		70		75		69		76		99		65		129		95		19		74		81		83		40		44		81		48		116		132		49		117		121		135		119		65		99		25		103		81		101		25		92		109		133		98		117		142		129		97		90		83		0		101		89		109		38		88		80		132		66		66		80		99		66		44		74		23		115		81		121		34		109		97		75		111		54		76		114		45		29		60		37		64		30		62		18		28		25		110		111		47		76		50		80		127		35		120		86		66		137		16		107		91		89
53		43		83		111		92		101		41		113		30		68		51		8		50		44		22		118		87		114		126		139		115		82		127		41		73		78		24		28		70		44		66		108		124		58		78		110		86		23		94		80		51		86		55		62		72		47		78		101		0		12		66		119		97		47		55		139		75		95		42		73		59		93		108		40		48		24		103		52		12		26		48		81		67		23		106		130		53		80		37		73		67		113		79		126		9		102		62		61		51		73		62		90		93		127		127		54		97		28		10		90
45		35		71		103		80		89		39		101		22		56		39		10		42		50		14		106		75		102		114		127		103		70		115		37		61		70		28		32		58		40		58		96		112		46		66		98		78		13		82		68		39		74		63		50		60		35		70		89		12		0		54		107		85		39		53		127		67		83		34		65		51		81		96		36		36		32		95		40		18		14		40		73		55		25		94		118		45		68		25		61		59		101		71		114		21		90		54		49		39		65		50		82		81		115		115		58		85		20		12		78
75		65		45		133		50		57		25		47		52		40		33		64		72		22		60		90		35		48		60		73		65		28		61		25		23		100		82		86		26		22		88		42		84		8		28		44		108		43		28		24		15		20		33		20		12		19		100		109		66		54		0		71		31		69		23		73		97		29		64		95		81		35		86		26		28		86		125		14		54		44		76		103		33		79		64		82		75		72		51		79		89		91		101		86		75		36		84		33		69		95		18		112		27		61		61		28		93		72		56		24
88		98		36		62		27		18		80		32		93		51		68		117		83		91		113		19		36		43		45		20		6		43		10		78		94		67		135		139		97		81		83		61		13		65		43		63		43		96		71		95		68		79		104		91		59		72		101		38		119		107		71		0		50		98		94		28		84		42		117		84		62		36		15		79		71		139		54		71		107		93		129		72		52		132		13		11		78		39		82		46		80		20		46		15		128		73		65		58		68		98		89		53		82		48		28		99		22		125		109		51
66		76		24		112		29		36		56		18		71		29		46		95		61		53		91		69		14		17		29		48		44		15		40		56		44		79		113		117		47		53		67		11		63		39		19		13		87		74		21		45		46		29		54		41		25		50		79		88		97		85		31		50		0		76		44		42		76		8		95		74		60		14		65		57		49		117		104		45		85		71		107		82		30		110		43		61		56		51		60		58		68		70		80		65		106		23		63		36		48		76		39		91		32		30		30		49		72		103		87		7
10		4		62		64		71		80		78		92		17		47		36		39		15		89		25		97		66		93		105		118		94		61		106		76		92		31		37		41		95		79		19		87		103		63		57		89		55		52		73		93		58		77		102		89		57		50		31		80		47		39		69		98		76		0		92		118		28		74		19		26		36		72		87		75		41		41		56		69		57		25		31		34		46		34		85		109		20		59		18		52		20		92		52		105		38		81		33		40		30		26		87		45		80		106		106		97		76		27		51		69
98		88		68		156		73		80		14		62		75		63		56		53		95		11		67		113		58		59		71		92		88		51		84		16		18		123		71		75		15		13		111		53		107		29		51		55		131		40		39		25		34		31		10		7		35		42		123		132		55		53		23		94		44		92		0		84		120		52		87		118		104		58		109		17		51		75		148		23		43		67		93		126		56		68		87		105		98		95		74		102		112		114		124		109		64		47		107		56		92		118		7		135		38		72		72		5		116		73		45		43
108		118		56		90		47		38		98		26		113		71		88		137		103		95		133		47		52		25		17		26		24		57		18		98		66		87		155		159		69		95		103		33		41		81		61		35		65		116		45		67		88		53		84		77		67		92		121		66		139		127		73		28		42		118		84		0		104		44		137		104		82		46		43		99		91		159		82		87		127		113		149		92		72		152		33		39		98		59		102		66		100		48		66		43		148		45		85		78		88		118		77		73		54		20		12		85		50		145		129		49
22		32		52		36		57		66		106		78		45		57		64		67		25		117		53		83		62		79		91		104		80		69		92		104		120		17		51		55		123		107		9		87		89		91		69		89		41		80		97		121		86		105		130		117		85		78		17		66		75		67		97		84		76		28		120		104		0		68		33		2		22		62		73		103		69		55		32		97		85		53		45		12		64		52		71		95		22		45		46		38		8		78		38		91		66		99		19		64		28		14		115		31		108		92		92		125		62		47		79		77
64		74		16		104		21		28		54		18		69		27		44		93		59		51		89		61		8		19		31		44		36		13		32		54		52		71		111		115		55		51		59		19		55		37		17		21		79		72		29		53		44		37		62		49		23		48		77		80		95		83		29		42		8		74		52		44		68		0		93		66		52		6		57		55		47		115		96		43		83		69		105		74		28		108		35		53		54		43		58		50		60		62		72		57		104		31		55		34		44		74		47		83		40		32		32		57		64		101		85		9
29		19		81		69		90		99		73		111		24		66		49		34		34		84		20		116		85		112		124		137		113		80		125		71		87		50		18		22		90		74		34		106		122		58		76		108		74		47		92		88		53		84		97		84		70		45		36		99		42		34		64		117		95		19		87		137		33		93		0		33		55		91		106		70		46		22		65		64		52		24		12		45		65		19		104		128		39		78		35		71		37		111		71		124		33		100		52		59		49		31		82		64		91		125		125		92		95		14		46		88
20		30		50		38		57		66		104		78		43		55		62		65		23		115		51		83		60		79		91		104		80		67		92		102		118		17		51		55		121		105		7		85		89		89		67		87		41		78		95		119		84		103		128		115		83		76		17		66		73		65		95		84		74		26		118		104		2		66		33		0		22		60		73		101		67		55		32		95		83		51		45		12		62		50		71		95		20		45		44		38		6		78		38		91		64		97		19		62		26		14		113		31		106		92		92		123		62		45		77		75
26		36		36		52		35		44		90		56		31		41		48		55		21		101		51		61		46		57		69		82		58		53		70		88		104		19		73		77		107		91		21		71		67		75		53		73		27		64		81		105		70		89		114		101		69		62		39		44		59		51		81		62		60		36		104		82		22		52		55		22		0		46		51		87		53		77		44		81		69		37		67		22		48		70		49		73		16		23		30		16		18		56		20		69		66		83		3		48		12		36		99		31		92		70		70		109		40		63		63		61
62		72		10		98		15		22		52		20		67		25		42		91		57		55		87		55		6		21		33		46		30		11		34		52		58		65		109		113		61		49		57		25		49		35		15		27		73		70		35		59		42		43		68		55		23		46		75		74		93		81		35		36		14		72		58		46		62		6		91		60		46		0		51		53		45		113		90		41		81		67		103		68		26		106		29		47		52		37		56		44		54		56		66		51		102		37		49		32		42		72		53		77		46		34		34		63		58		99		83		15
77		87		41		51		36		29		95		47		82		46		57		106		72		106		102		10		51		58		60		31		21		58		25		93		109		56		124		128		112		96		72		76		16		80		58		78		32		85		86		110		75		94		119		106		74		67		90		23		108		96		86		15		65		87		109		43		73		57		106		73		51		51		0		92		60		128		41		86		96		82		118		61		53		121		22		22		67		28		71		35		69		5		35		18		117		88		54		53		57		87		104		42		97		63		43		114		11		114		98		66
81		71		51		139		56		63		3		73		58		46		39		38		78		14		50		96		47		74		86		99		75		42		87		1		33		106		56		60		30		4		94		68		90		18		38		70		114		23		54		40		17		46		27		22		32		25		106		115		40		36		26		79		57		75		17		99		103		55		70		101		87		53		92		0		34		60		131		12		28		50		76		109		39		53		70		90		81		78		57		85		95		97		107		92		49		62		90		39		75		101		22		118		53		87		87		22		99		56		30		50
47		37		35		105		44		53		37		65		24		20		5		46		44		48		42		70		39		66		78		91		67		34		79		35		51		72		64		68		54		38		60		60		76		22		30		62		80		25		46		52		17		38		61		48		24		9		72		81		48		36		28		71		49		41		51		91		69		47		46		67		53		45		60		34		0		68		97		28		36		22		58		75		19		61		58		82		47		44		23		51		61		65		73		78		57		54		56		13		41		67		46		84		45		79		79		56		65		54		38		42
51		41		103		87		112		121		61		133		46		88		71		22		56		66		26		138		107		134		146		159		135		102		147		61		93		72		4		4		90		64		56		128		144		78		98		130		96		43		114		100		71		106		79		82		92		67		54		121		24		32		86		139		117		41		75		159		55		115		22		55		77		113		128		60		68		0		87		72		34		46		24		67		87		7		126		150		61		100		57		93		59		133		93		146		15		122		74		81		71		49		82		86		113		147		147		74		117		14		30		110
50		60		80		10		75		68		134		86		73		85		92		95		53		145		81		51		90		97		99		72		60		97		64		132		148		25		83		87		151		135		37		115		57		119		97		117		17		108		125		149		114		133		158		145		113		106		49		34		103		95		125		54		104		56		148		82		32		96		65		32		44		90		41		131		97		87		0		125		113		81		77		22		92		80		61		63		50		53		74		46		36		46		24		59		94		127		41		92		56		46		143		13		136		102		82		153		32		75		107		105
75		65		45		133		50		57		11		61		52		40		33		50		72		20		46		90		35		62		74		87		65		30		75		11		23		100		68		72		26		10		88		56		84		6		28		58		108		29		42		28		11		34		33		20		20		19		100		109		52		40		14		71		45		69		23		87		97		43		64		95		81		41		86		12		28		72		125		0		40		44		70		103		33		65		64		82		75		72		51		79		89		91		101		86		61		50		84		33		69		95		18		112		41		75		75		28		93		58		42		38
63		53		71		121		80		89		29		101		40		56		39		18		60		32		32		106		75		102		114		127		103		70		115		29		61		88		34		38		58		32		76		96		112		46		66		98		96		11		82		68		39		74		45		50		60		35		88		97		12		18		54		107		85		57		43		127		85		83		52		83		69		81		96		28		36		34		113		40		0		32		58		91		55		33		94		118		63		68		39		67		77		101		89		114		21		90		72		49		57		83		50		100		81		115		115		42		85		38		6		78
31		21		57		89		66		75		53		87		8		42		25		24		28		64		20		92		61		88		100		113		89		56		101		51		67		56		42		46		70		54		44		82		98		38		52		84		64		27		68		68		33		60		77		64		46		25		56		75		26		14		44		93		71		25		67		113		53		69		24		51		37		67		82		50		22		46		81		44		32		0		36		59		41		39		80		104		31		54		11		47		45		87		57		100		35		76		40		35		25		51		62		68		67		101		101		72		71		32		26		64
41		31		93		67		102		111		79		123		36		78		61		40		46		90		26		128		97		124		136		149		125		92		137		77		93		62		24		20		96		80		46		118		134		68		88		120		86		53		104		94		61		96		103		90		82		57		30		111		48		40		76		129		107		31		93		149		45		105		12		45		67		103		118		76		58		24		77		70		58		36		0		57		77		25		116		140		51		90		47		83		49		123		83		136		39		112		64		71		61		31		88		76		103		137		137		98		107		20		52		100
28		38		58		30		53		54		112		66		51		63		70		73		31		123		59		71		68		75		79		92		68		75		80		110		126		5		63		67		129		113		15		93		77		97		75		95		29		86		103		127		92		111		136		123		91		84		29		54		81		73		103		72		82		34		126		92		12		74		45		12		22		68		61		109		75		67		22		103		91		59		57		0		70		60		59		83		28		33		52		26		14		66		26		79		72		105		19		70		34		26		121		19		114		80		80		131		50		53		85		83
42		46		16		100		25		34		42		46		41		7		16		65		39		53		61		57		20		47		59		72		48		15		60		40		56		67		83		87		59		43		55		41		57		27		11		43		75		44		33		57		22		41		66		53		21		20		67		76		67		55		33		52		30		46		56		72		64		28		65		62		48		26		53		39		19		87		92		33		55		41		77		70		0		80		39		63		42		39		30		46		56		58		68		59		76		35		51		6		36		62		51		79		44		60		60		61		60		73		57		23
44		34		96		88		105		114		54		126		39		81		64		15		49		65		19		131		100		127		139		152		128		95		140		54		86		65		3		7		83		57		49		121		137		71		91		123		89		36		107		93		64		99		78		75		85		60		55		114		23		25		79		132		110		34		68		152		52		108		19		50		70		106		121		53		61		7		80		65		33		39		25		60		80		0		119		143		54		93		50		86		52		126		86		139		14		115		67		74		64		50		75		79		106		140		140		73		110		7		27		103
75		85		23		69		14		7		73		25		80		38		55		104		70		84		100		26		29		36		38		33		9		36		21		71		87		54		122		126		90		74		70		54		20		58		36		56		44		83		64		88		55		72		97		84		52		59		88		45		106		94		64		13		43		85		87		33		71		35		104		71		49		29		22		70		58		126		61		64		94		80		116		59		39		119		0		24		65		26		69		33		67		27		37		22		115		66		52		45		55		85		82		48		75		41		21		92		29		112		96		44
99		109		47		73		38		29		91		43		104		62		79		128		94		102		124		12		47		54		56		13		17		54		21		89		105		78		146		150		108		92		94		72		6		76		54		74		54		107		82		106		79		90		115		102		70		83		112		29		130		118		82		11		61		109		105		39		95		53		128		95		73		47		22		90		82		150		63		82		118		104		140		83		63		143		24		0		89		50		93		57		91		17		57		4		139		84		76		69		79		109		100		64		93		59		39		110		33		136		120		62
10		20		42		58		51		60		84		72		23		35		42		45		5		95		35		77		46		73		85		98		74		47		86		82		98		25		57		61		101		85		13		67		83		69		47		69		35		58		75		99		64		83		108		95		63		56		25		60		53		45		75		78		56		20		98		98		22		54		39		20		16		52		67		81		47		61		50		75		63		31		51		28		42		54		65		89		0		39		24		32		14		72		32		85		50		77		13		42		10		20		93		37		86		86		86		103		56		47		57		55
49		59		27		61		22		21		81		33		54		32		39		78		44		92		74		38		37		44		46		59		35		44		47		79		95		28		96		100		98		82		44		62		44		66		44		64		36		57		72		96		61		80		105		92		60		53		62		37		80		68		72		39		51		59		95		59		45		43		78		45		23		37		28		78		44		100		53		72		68		54		90		33		39		93		26		50		39		0		43		7		41		33		29		46		89		74		26		39		29		59		90		40		83		49		47		100		21		86		70		52
24		16		46		82		55		64		60		76		11		31		18		35		21		71		31		81		50		77		89		102		78		45		90		58		74		49		53		57		77		61		37		71		87		45		41		73		57		34		57		75		40		59		84		71		39		32		49		64		37		25		51		82		60		18		74		102		46		58		35		44		30		56		71		57		23		57		74		51		39		11		47		52		30		50		69		93		24		43		0		36		38		76		50		89		46		65		33		24		18		44		69		61		62		90		90		79		60		43		33		53
42		52		34		54		29		28		88		40		47		39		46		71		37		99		67		45		44		51		53		66		42		51		54		86		102		21		89		93		105		89		37		69		51		73		51		71		29		62		79		103		68		87		112		99		67		60		55		30		73		61		79		46		58		52		102		66		38		50		71		38		16		44		35		85		51		93		46		79		67		47		83		26		46		86		33		57		32		7		36		0		34		40		22		53		82		81		19		46		22		52		97		33		90		56		54		107		24		79		63		59
14		24		44		44		53		62		98		74		37		49		56		59		17		109		45		79		54		75		87		100		76		61		88		96		112		13		55		59		115		99		3		79		85		83		61		81		37		72		89		113		78		97		122		109		77		70		21		62		67		59		89		80		68		20		112		100		8		60		37		6		18		54		69		95		61		59		36		89		77		45		49		14		56		52		67		91		14		41		38		34		0		74		34		87		58		91		15		56		20		18		107		27		100		88		88		117		58		45		71		69
82		92		46		56		41		34		100		52		87		51		62		111		77		111		107		5		56		63		65		26		26		63		30		98		114		61		129		133		117		101		77		81		11		85		63		83		37		90		91		115		80		99		124		111		79		72		95		18		113		101		91		20		70		92		114		48		78		62		111		78		56		56		5		97		65		133		46		91		101		87		123		66		58		126		27		17		72		33		76		40		74		0		40		13		122		93		59		58		62		92		109		47		102		68		48		119		16		119		103		71
42		52		56		32		51		44		110		62		49		61		68		71		37		121		67		45		66		73		75		66		42		73		54		108		124		21		89		93		127		111		37		91		51		95		73		93		7		84		101		125		90		109		134		121		89		82		55		28		79		71		101		46		80		52		124		66		38		72		71		38		20		66		35		107		73		93		24		101		89		57		83		26		68		86		37		57		32		29		50		22		34		40		0		53		82		103		19		68		32		52		119		11		112		78		58		129		24		79		83		81
95		105		43		69		36		29		95		47		100		58		75		124		90		106		120		8		51		58		60		17		21		58		25		93		109		74		142		146		112		96		90		76		2		80		58		78		50		103		86		110		75		94		119		106		74		79		108		25		126		114		86		15		65		105		109		43		91		57		124		91		69		51		18		92		78		146		59		86		114		100		136		79		59		139		22		4		85		46		89		53		87		13		53		0		135		88		72		65		75		105		104		60		97		63		43		114		29		132		116		66
44		34		92		102		101		110		50		122		35		77		60		11		45		53		15		127		96		123		135		148		124		91		136		50		82		69		15		19		79		53		57		117		133		67		87		119		85		32		103		89		60		95		64		71		81		56		69		110		9		21		75		128		106		38		64		148		66		104		33		64		66		102		117		49		57		15		94		61		21		35		39		72		76		14		115		139		50		89		46		82		58		122		82		135		0		111		63		70		60		64		71		81		102		136		136		63		106		19		19		99
77		81		47		135		52		59		61		41		76		42		51		100		74		58		96		92		37		30		28		71		67		30		63		61		29		102		118		122		32		58		90		12		86		44		30		10		110		79		8		22		51		16		47		40		30		55		102		111		102		90		36		73		23		81		47		45		99		31		100		97		83		37		88		62		54		122		127		50		90		76		112		105		35		115		66		84		77		74		65		81		91		93		103		88		111		0		86		41		71		97		40		114		9		25		45		48		95		108		92		22
23		33		39		49		38		47		93		59		32		44		51		54		18		104		48		64		49		60		72		85		61		56		73		91		107		16		70		74		110		94		18		74		70		78		56		76		24		67		84		108		73		92		117		104		72		65		36		47		62		54		84		65		63		33		107		85		19		55		52		19		3		49		54		90		56		74		41		84		72		40		64		19		51		67		52		76		13		26		33		19		15		59		19		72		63		86		0		51		15		33		102		28		95		73		73		112		43		60		66		64
42		40		22		100		31		40		42		52		35		7		10		59		39		53		55		57		26		53		65		78		54		21		66		40		56		67		77		81		59		43		55		47		63		27		17		49		75		38		33		57		22		41		66		53		21		14		67		76		61		49		33		58		36		40		56		78		64		34		59		62		48		32		53		39		13		81		92		33		49		35		71		70		6		74		45		69		42		39		24		46		56		58		68		65		70		41		51		0		36		62		51		79		44		66		66		61		60		67		51		29
20		30		32		64		41		50		78		62		25		29		36		49		15		89		45		67		36		63		75		88		64		41		76		76		92		31		67		71		95		79		19		59		73		63		41		61		39		52		69		93		58		77		102		89		57		50		33		50		51		39		69		68		48		30		92		88		28		44		49		26		12		42		57		75		41		71		56		69		57		25		61		34		36		64		55		79		10		29		18		22		20		62		32		75		60		71		15		36		0		30		87		43		80		76		76		97		46		57		51		49
20		30		62		38		71		80		104		92		43		55		62		65		23		115		51		97		66		93		105		118		94		67		106		102		118		31		49		45		121		105		15		87		103		89		67		89		55		78		95		119		84		103		128		115		83		76		5		80		73		65		95		98		76		26		118		118		14		74		31		14		36		72		87		101		67		49		46		95		83		51		31		26		62		50		85		109		20		59		44		52		18		92		52		105		64		97		33		62		30		0		113		45		106		106		106		123		76		45		77		75
93		83		63		151		68		75		21		57		70		58		51		60		90		18		62		108		53		52		64		87		83		46		79		21		11		118		78		82		8		18		106		46		102		24		46		48		126		39		32		18		29		24		15		2		30		37		118		127		62		50		18		89		39		87		7		77		115		47		82		113		99		53		104		22		46		82		143		18		50		62		88		121		51		75		82		100		93		90		69		97		107		109		119		104		71		40		102		51		87		113		0		130		31		65		65		10		111		68		52		38
37		47		67		21		62		55		121		73		60		72		79		82		40		132		68		52		77		84		86		73		49		84		61		119		135		14		82		86		138		122		30		102		58		106		84		104		10		95		112		136		101		120		145		132		100		93		48		35		90		82		112		53		91		45		135		73		31		83		64		31		31		77		42		118		84		86		13		112		100		68		76		19		79		79		48		64		37		40		61		33		27		47		11		60		81		114		28		79		43		45		130		0		123		89		69		140		31		72		94		92
86		76		56		144		61		68		52		50		67		51		44		91		83		49		87		101		46		39		37		80		76		39		72		52		20		111		109		113		23		49		99		21		95		35		39		19		119		70		11		13		42		7		38		31		23		46		111		120		93		81		27		82		32		80		38		54		108		40		91		106		92		46		97		53		45		113		136		41		81		67		103		114		44		106		75		93		86		83		62		90		100		102		112		97		102		9		95		44		80		106		31		123		0		34		54		39		104		99		83		31
96		106		44		110		35		34		86		16		101		59		76		125		91		83		121		67		40		13		3		46		42		45		38		86		54		77		143		147		57		83		91		19		61		69		49		17		85		104		33		47		76		41		72		65		55		80		109		86		127		115		61		48		30		106		72		20		92		32		125		92		70		34		63		87		79		147		102		75		115		101		137		80		60		140		41		59		86		49		90		56		88		68		78		63		136		25		73		66		76		106		65		89		34		0		20		73		70		133		117		37
96		106		44		90		35		26		86		14		101		59		76		125		91		83		121		47		40		15		17		26		22		45		18		86		66		75		143		147		69		83		91		33		41		69		49		35		65		104		43		67		76		51		76		65		55		80		109		66		127		115		61		28		30		106		72		12		92		32		125		92		70		34		43		87		79		147		82		75		115		101		137		80		60		140		21		39		86		47		90		54		88		48		58		43		136		45		73		66		76		106		65		69		54		20		0		73		50		133		117		37
103		93		73		161		78		85		19		67		80		68		61		58		100		10		72		118		63		60		72		97		93		56		89		21		19		128		74		78		16		18		116		54		112		34		56		56		136		45		40		26		39		32		5		8		40		47		128		137		54		58		28		99		49		97		5		85		125		57		92		123		109		63		114		22		56		74		153		28		42		72		98		131		61		73		92		110		103		100		79		107		117		119		129		114		63		48		112		61		97		123		10		140		39		73		73		0		121		78		46		48
66		76		48		40		43		36		102		54		71		53		60		95		61		113		91		21		58		65		67		42		28		65		32		100		116		45		113		117		119		103		61		83		27		87		65		85		21		76		93		117		82		101		126		113		81		74		79		16		97		85		93		22		72		76		116		50		62		64		95		62		40		58		11		99		65		117		32		93		85		71		107		50		60		110		29		33		56		21		60		24		58		16		24		29		106		95		43		60		46		76		111		31		104		70		50		121		0		103		87		73
37		27		89		83		98		107		59		119		32		74		57		20		42		70		12		124		93		120		132		145		121		88		133		57		79		58		10		14		76		60		42		114		130		64		84		116		82		33		100		86		57		92		83		70		78		53		50		107		28		20		72		125		103		27		73		145		47		101		14		45		63		99		114		56		54		14		75		58		38		32		20		53		73		7		112		136		47		86		43		79		45		119		79		132		19		108		60		67		57		45		68		72		99		133		133		78		103		0		32		96
57		47		73		115		82		91		31		103		34		58		41		12		54		38		26		108		77		104		116		129		105		72		117		31		63		82		28		32		60		34		70		98		114		48		68		100		90		13		84		70		41		76		51		52		62		37		82		91		10		12		56		109		87		51		45		129		79		85		46		77		63		83		98		30		38		30		107		42		6		26		52		85		57		27		96		120		57		70		33		63		71		103		83		116		19		92		66		51		51		77		52		94		83		117		117		46		87		32		0		80
59		69		25		113		30		37		49		23		64		22		39		88		54		46		84		70		15		24		36		49		45		8		41		49		43		80		106		110		46		46		68		18		64		32		12		20		88		67		20		44		39		28		53		40		18		43		80		89		90		78		24		51		7		69		43		49		77		9		88		75		61		15		66		50		42		110		105		38		78		64		100		83		23		103		44		62		55		52		53		59		69		71		81		66		99		22		64		29		49		75		38		92		31		37		37		48		73		96		80		0
