100
0		17		24		129		43		99		99		59		91		77		56		129		60		35		83		85		142		72		34		105		76		15		20		47		135		121		118		76		69		89		88		148		13		80		112		68		20		16		28		91		118		53		93		49		42		101		35		65		27		70		68		25		130		58		38		47		130		78		110		61		67		72		68		97		98		47		42		36		75		75		52		105		36		11		7		57		41		5		69		34		61		93		20		49		65		116		59		58		22		27		77		27		72		130		67		73		82		63		68		79
17		0		25		146		60		116		116		76		108		94		73		146		77		42		100		102		159		89		51		122		93		2		9		64		152		138		135		93		62		106		95		165		30		97		129		85		37		15		19		98		135		64		110		66		59		118		52		82		44		87		83		8		147		57		55		64		147		71		127		54		84		89		81		114		115		62		49		43		82		92		69		122		53		28		12		74		58		22		86		51		68		100		29		66		82		133		76		75		39		18		94		10		69		147		84		90		99		80		85		96
24		25		0		153		67		123		123		83		115		101		80		153		84		43		107		109		166		96		58		129		100		23		34		71		159		145		142		100		87		113		92		172		37		104		136		92		44		10		6		73		142		71		117		73		66		125		59		89		51		94		90		17		154		76		62		71		154		96		134		79		91		96		88		121		122		69		30		20		79		99		76		129		60		35		25		81		65		29		93		58		79		93		38		73		89		140		83		82		46		7		101		15		90		154		91		97		106		87		92		103
129		146		153		0		86		30		30		70		38		52		73		10		69		110		56		44		13		57		95		24		55		144		149		82		12		24		31		53		86		40		83		19		116		67		45		61		109		145		157		86		31		82		36		80		87		48		94		64		102		59		63		154		21		89		91		82		13		83		19		104		62		57		65		56		37		84		123		133		74		54		77		24		93		118		134		72		88		124		60		95		78		88		117		80		64		19		70		71		107		156		52		156		77		19		62		56		47		66		61		50
43		60		67		86		0		56		56		16		48		58		73		86		57		68		40		42		99		29		9		62		93		58		63		36		92		78		75		33		36		58		121		105		42		105		83		25		45		59		71		124		75		20		50		16		9		86		8		76		24		27		101		68		87		25		45		28		87		45		67		28		62		35		101		94		75		14		75		69		108		32		9		62		53		40		48		30		16		38		38		15		28		126		31		74		22		73		22		49		33		70		74		70		39		87		64		32		39		40		67		36
99		116		123		30		56		0		32		40		28		42		57		30		41		80		34		16		43		27		65		36		77		114		119		52		36		22		19		23		56		42		105		49		86		89		67		31		79		115		127		108		53		52		12		50		57		70		64		60		72		29		85		124		43		59		61		52		35		61		19		74		46		27		85		78		59		54		93		103		92		24		47		30		63		88		104		42		58		94		30		65		48		110		87		58		38		17		40		41		77		126		58		126		55		31		48		26		17		36		51		20
99		116		123		30		56		32		0		58		8		22		43		30		39		80		66		48		43		37		65		6		45		114		119		52		36		34		41		51		84		10		73		49		86		57		35		41		79		115		127		76		21		68		20		64		57		38		64		34		72		53		53		124		31		73		61		52		31		93		13		76		32		27		53		46		27		62		93		103		60		54		47		6		63		88		104		42		58		94		30		65		76		78		87		50		70		29		70		41		77		126		26		126		87		31		32		26		27		36		31		32
59		76		83		70		16		40		58		0		54		68		83		70		67		78		24		26		83		21		25		62		103		74		79		46		76		62		59		17		26		68		131		89		52		115		93		17		55		75		87		134		79		12		38		10		19		96		24		86		34		11		111		84		71		19		55		38		71		35		51		34		72		45		111		104		85		14		85		79		118		16		13		56		63		50		64		40		26		54		48		25		18		136		47		84		12		57		12		59		43		86		84		86		29		71		74		42		31		50		77		26
91		108		115		38		48		28		8		54		0		14		35		38		31		72		62		44		51		33		57		14		49		106		111		44		44		30		37		47		80		14		77		57		78		61		39		37		71		107		119		80		27		64		16		60		49		42		56		32		64		49		57		116		39		69		53		44		39		89		19		72		24		19		57		50		31		58		85		95		64		50		41		14		55		80		96		34		50		86		22		57		72		82		79		42		66		25		66		33		69		118		30		118		83		39		24		18		23		28		23		28
77		94		101		52		58		42		22		68		14		0		21		52		17		58		76		58		65		47		49		28		35		92		97		30		58		44		51		61		94		12		63		71		64		47		35		51		57		93		105		66		41		78		30		74		49		28		60		18		50		63		43		102		53		83		39		30		53		103		33		86		10		23		43		36		21		72		71		81		50		64		55		28		41		66		82		28		42		72		20		43		86		68		65		28		80		39		80		19		55		104		16		104		97		53		10		26		37		18		9		42
56		73		80		73		73		57		43		83		35		21		0		73		16		37		91		73		86		62		64		49		20		71		76		37		79		65		66		76		109		33		48		92		43		32		56		66		36		72		84		51		62		93		45		89		64		45		75		9		49		78		28		81		74		98		28		45		74		118		54		101		11		38		28		41		42		87		50		60		35		79		70		49		20		45		61		43		57		51		35		58		101		53		60		7		95		60		95		24		40		83		21		83		112		74		11		41		52		33		12		57
129		146		153		10		86		30		30		70		38		52		73		0		69		110		46		44		21		57		95		24		65		144		149		82		6		14		21		53		86		40		93		19		116		77		55		61		109		145		157		96		41		82		36		80		87		58		94		64		102		59		73		154		31		89		91		82		23		83		19		104		62		57		73		66		47		84		123		133		80		54		77		24		93		118		134		72		88		124		60		95		78		98		117		80		64		13		70		71		107		156		52		156		77		9		62		56		47		66		61		50
60		77		84		69		57		41		39		67		31		17		16		69		0		41		75		57		82		46		48		45		36		75		80		21		75		61		58		60		93		29		64		88		47		48		52		50		40		76		88		67		58		77		33		73		48		41		59		19		33		62		44		85		70		82		22		29		70		102		50		85		7		22		44		37		38		71		54		64		51		63		54		45		24		49		65		27		41		55		19		42		85		69		48		17		79		56		79		8		38		87		17		87		96		70		7		25		36		17		10		41
35		42		43		110		68		80		80		78		72		58		37		110		41		0		86		68		123		57		59		86		57		40		51		32		116		102		99		71		104		70		53		129		26		61		93		61		23		35		47		56		99		88		74		84		59		82		70		46		44		73		47		44		111		93		23		40		111		113		91		96		48		53		45		78		79		82		13		23		40		74		65		86		17		28		42		38		52		32		50		53		96		58		55		30		90		97		90		39		35		46		58		46		107		111		48		54		63		44		49		60
83		100		107		56		40		34		66		24		62		76		91		46		75		86		0		18		67		29		49		70		111		98		103		54		52		38		35		15		40		76		139		65		70		123		101		25		63		99		111		142		87		36		46		34		41		104		48		94		56		13		119		108		77		43		63		46		69		37		53		58		80		53		119		112		93		38		93		87		126		12		31		64		71		72		88		48		42		78		56		49		32		144		71		92		18		37		24		67		61		110		92		110		31		47		82		50		39		58		85		34
85		102		109		44		42		16		48		26		44		58		73		44		57		68		18		0		57		13		51		52		93		100		105		38		50		36		33		9		42		58		121		63		72		105		83		17		65		101		113		124		69		38		28		36		43		86		50		76		58		15		101		110		59		45		47		38		51		45		35		60		62		35		101		94		75		40		79		89		108		10		33		46		53		74		90		30		44		80		38		51		34		126		73		74		22		31		26		49		63		112		74		112		39		45		64		32		21		40		67		16
142		159		166		13		99		43		43		83		51		65		86		21		82		123		67		57		0		70		108		37		66		157		162		95		23		35		42		66		99		53		74		12		129		62		34		74		122		158		170		93		24		95		49		93		100		41		107		77		115		72		76		167		12		102		104		95		12		96		32		117		75		70		78		45		44		97		136		146		87		67		90		37		106		131		147		85		101		137		73		108		91		77		130		93		77		30		83		84		120		169		65		169		90		30		75		69		60		79		74		63
72		89		96		57		29		27		37		21		33		47		62		57		46		57		29		13		70		0		38		41		82		87		92		25		63		49		46		14		47		47		110		76		59		94		72		4		52		88		100		113		58		31		21		27		30		75		37		65		45		16		90		97		58		36		34		25		58		56		38		47		51		24		90		83		64		27		66		76		97		17		20		35		42		61		77		19		31		67		27		38		39		115		60		63		33		44		33		38		50		99		63		99		50		58		53		21		10		29		56		7
34		51		58		95		9		65		65		25		57		49		64		95		48		59		49		51		108		38		0		71		84		49		54		27		101		87		84		42		45		55		112		114		33		96		78		34		36		50		62		115		84		29		59		25		8		77		11		67		15		36		92		59		96		34		36		19		96		54		76		37		53		38		92		85		66		23		66		60		99		41		18		71		44		31		39		23		7		29		35		6		37		117		22		65		31		82		31		40		24		61		65		61		48		96		55		39		48		31		58		45
105		122		129		24		62		36		6		62		14		28		49		24		45		86		70		52		37		41		71		0		41		120		125		58		30		38		45		55		88		16		69		43		92		53		31		45		85		121		133		72		17		72		24		68		63		34		70		40		78		57		49		130		25		77		67		58		25		97		17		80		38		33		49		42		23		66		99		109		56		58		53		6		69		94		110		48		64		100		36		71		80		74		93		56		74		33		74		47		83		132		28		132		91		33		38		32		31		42		37		36
76		93		100		55		93		77		45		103		49		35		20		65		36		57		111		93		66		82		84		41		0		91		96		57		67		79		86		96		129		35		28		72		63		12		36		86		56		92		104		31		42		113		65		109		84		25		95		17		69		98		10		101		54		118		48		65		54		138		58		121		31		58		12		21		22		107		70		80		21		99		90		47		40		65		81		63		77		71		55		78		121		33		80		27		115		74		115		44		60		103		19		103		132		74		29		61		72		53		26		77
15		2		23		144		58		114		114		74		106		92		71		144		75		40		98		100		157		87		49		120		91		0		11		62		150		136		133		91		64		104		93		163		28		95		127		83		35		13		17		96		133		62		108		64		57		116		50		80		42		85		81		10		145		55		53		62		145		73		125		56		82		87		79		112		113		60		47		41		80		90		67		120		51		26		10		72		56		20		84		49		66		98		27		64		80		131		74		73		37		16		92		12		67		145		82		88		97		78		83		94
20		9		34		149		63		119		119		79		111		97		76		149		80		51		103		105		162		92		54		125		96		11		0		67		155		141		138		96		63		109		104		168		33		100		132		88		40		24		28		107		138		67		113		69		62		121		55		85		47		90		86		17		150		60		58		67		150		66		130		45		87		92		84		117		118		65		58		52		91		95		72		125		56		31		15		77		61		25		89		54		71		109		32		69		85		136		79		78		42		27		97		19		72		150		87		93		102		83		88		99
47		64		71		82		36		52		52		46		44		30		37		82		21		32		54		38		95		25		27		58		57		62		67		0		88		74		71		39		72		42		85		101		34		69		65		29		27		63		75		88		71		56		46		52		27		54		38		40		20		41		65		72		83		61		9		8		83		81		63		64		26		25		65		58		51		50		41		51		72		42		33		58		17		36		52		10		20		42		22		21		64		90		35		38		58		69		58		13		25		74		38		74		75		83		28		26		35		16		31		32
135		152		159		12		92		36		36		76		44		58		79		6		75		116		52		50		23		63		101		30		67		150		155		88		0		14		19		59		92		46		95		13		122		79		57		67		115		151		163		98		43		88		42		86		93		60		100		70		108		65		75		160		33		95		97		88		25		89		25		110		68		63		75		68		49		90		129		139		82		60		83		30		99		124		140		78		94		130		66		101		84		100		123		86		70		19		76		77		113		162		58		162		83		7		68		62		53		72		67		56
121		138		145		24		78		22		34		62		30		44		65		14		61		102		38		36		35		49		87		38		79		136		141		74		14		0		7		45		78		44		107		27		108		91		69		53		101		137		149		110		55		74		28		72		79		72		86		62		94		51		87		146		45		81		83		74		37		75		21		96		54		49		87		80		61		76		115		125		94		46		69		32		85		110		126		64		80		116		52		87		70		112		109		72		56		5		62		63		99		148		60		148		69		9		54		48		39		58		53		42
118		135		142		31		75		19		41		59		37		51		66		21		58		99		35		33		42		46		84		45		86		133		138		71		19		7		0		42		75		51		114		30		105		98		76		50		98		134		146		117		62		71		25		69		76		79		83		69		91		48		94		143		52		78		80		71		44		72		28		93		55		46		94		87		68		73		112		122		101		43		66		39		82		107		123		61		77		113		49		84		67		119		106		69		53		12		59		60		96		145		67		145		66		12		57		45		36		55		60		39
76		93		100		53		33		23		51		17		47		61		76		53		60		71		15		9		66		14		42		55		96		91		96		39		59		45		42		0		33		61		124		72		63		108		86		10		56		92		104		127		72		29		31		27		34		89		41		79		49		6		104		101		62		36		48		31		54		42		38		51		65		38		104		97		78		31		78		80		111		3		24		49		56		65		81		33		35		71		41		42		25		129		64		77		19		40		19		52		54		103		77		103		36		54		67		35		24		43		70		19
69		62		87		86		36		56		84		26		80		94		109		86		93		104		40		42		99		47		45		88		129		64		63		72		92		78		75		33		0		94		157		105		78		141		119		43		81		77		81		160		105		16		64		20		45		122		34		112		60		31		137		70		95		11		81		64		87		9		71		18		98		71		137		130		111		22		111		105		144		32		39		82		89		76		62		66		52		72		74		51		8		162		49		110		22		73		16		85		69		80		110		72		9		87		100		68		57		76		103		52
89		106		113		40		58		42		10		68		14		12		33		40		29		70		76		58		53		47		55		16		35		104		109		42		46		44		51		61		94		0		63		59		76		47		25		51		69		105		117		66		29		78		30		74		49		28		60		24		62		63		43		114		41		83		51		42		41		103		23		86		22		23		43		36		17		72		83		93		50		64		55		16		53		78		94		32		48		84		20		55		86		68		77		40		80		39		80		31		67		116		16		116		97		41		22		26		37		26		21		42
88		95		92		83		121		105		73		131		77		63		48		93		64		53		139		121		74		110		112		69		28		93		104		85		95		107		114		124		157		63		0		84		79		16		44		114		76		84		96		19		52		141		93		137		112		35		123		45		97		126		20		93		62		146		76		93		70		166		86		149		59		86		20		29		46		135		62		72		13		127		118		75		68		81		95		91		105		85		83		106		149		5		108		47		143		102		143		72		88		95		47		95		160		102		57		89		100		81		54		105
148		165		172		19		105		49		49		89		57		71		92		19		88		129		65		63		12		76		114		43		72		163		168		101		13		27		30		72		105		59		84		0		135		68		46		80		128		164		176		99		32		101		55		99		106		49		113		83		121		78		82		173		22		108		110		101		18		102		38		123		81		76		84		57		50		103		142		152		93		73		96		43		112		137		153		91		107		143		79		114		97		89		136		99		83		32		89		90		126		175		71		175		96		18		81		75		66		85		80		69
13		30		37		116		42		86		86		52		78		64		43		116		47		26		70		72		129		59		33		92		63		28		33		34		122		108		105		63		78		76		79		135		0		67		99		55		7		29		41		82		105		62		80		58		33		88		44		52		18		57		59		38		117		67		25		34		117		87		97		70		54		59		59		84		85		56		33		27		66		62		39		92		23		2		18		44		28		8		56		27		70		84		29		36		64		103		64		45		9		40		64		40		81		117		54		60		69		50		55		66
80		97		104		67		105		89		57		115		61		47		32		77		48		61		123		105		62		94		96		53		12		95		100		69		79		91		98		108		141		47		16		68		67		0		32		98		60		96		108		31		38		125		77		121		96		21		107		29		81		110		14		105		50		130		60		77		54		150		70		133		43		70		16		17		30		119		74		84		25		111		102		59		52		69		85		75		89		75		67		90		133		21		92		31		127		86		127		56		72		107		31		107		144		86		41		73		84		65		38		89
112		129		136		45		83		67		35		93		39		35		56		55		52		93		101		83		34		72		78		31		36		127		132		65		57		69		76		86		119		25		44		46		99		32		0		76		92		128		140		63		14		103		55		99		74		11		85		47		85		88		46		137		24		108		74		65		32		128		48		111		45		48		48		15		14		97		106		116		57		89		80		37		76		101		117		55		71		107		45		78		111		43		100		63		105		64		105		54		90		139		35		139		122		64		45		51		62		49		44		67
68		85		92		61		25		31		41		17		37		51		66		61		50		61		25		17		74		4		34		45		86		83		88		29		67		53		50		10		43		51		114		80		55		98		76		0		48		84		96		117		62		27		25		23		26		79		33		69		41		12		94		93		62		32		38		21		62		52		42		43		55		28		94		87		68		23		68		72		101		13		16		39		46		57		73		23		27		63		31		34		35		119		56		67		29		48		29		42		46		95		67		95		46		62		57		25		14		33		60		11
20		37		44		109		45		79		79		55		71		57		36		109		40		23		63		65		122		52		36		85		56		35		40		27		115		101		98		56		81		69		76		128		7		60		92		48		0		36		48		79		98		65		73		61		36		81		47		45		21		50		56		45		110		70		18		27		110		90		90		73		47		52		56		77		78		59		30		24		63		55		42		85		16		9		25		37		29		15		49		30		73		81		32		29		67		96		67		38		12		47		57		47		84		110		47		53		62		43		48		59
16		15		10		145		59		115		115		75		107		93		72		145		76		35		99		101		158		88		50		121		92		13		24		63		151		137		134		92		77		105		84		164		29		96		128		84		36		0		12		83		134		63		109		65		58		117		51		81		43		86		82		9		146		66		54		63		146		86		126		69		83		88		80		113		114		61		34		28		71		91		68		121		52		27		15		73		57		21		85		50		69		85		28		65		81		132		75		74		38		11		93		11		80		146		83		89		98		79		84		95
28		19		6		157		71		127		127		87		119		105		84		157		88		47		111		113		170		100		62		133		104		17		28		75		163		149		146		104		81		117		96		176		41		108		140		96		48		12		0		79		146		75		121		77		70		129		63		93		55		98		94		11		158		70		66		75		158		90		138		73		95		100		92		125		126		73		34		24		83		103		80		133		64		39		23		85		69		33		97		62		79		97		40		77		93		144		87		86		50		1		105		9		84		158		95		101		110		91		96		107
91		98		73		86		124		108		76		134		80		66		51		96		67		56		142		124		93		113		115		72		31		96		107		88		98		110		117		127		160		66		19		99		82		31		63		117		79		83		79		0		69		144		96		140		115		52		126		48		100		129		23		90		81		149		79		96		81		169		89		152		62		89		23		48		49		138		49		55		16		130		121		78		71		84		98		94		108		88		86		109		152		20		111		50		146		105		146		75		91		80		50		88		163		105		60		92		103		84		57		108
118		135		142		31		75		53		21		79		27		41		62		41		58		99		87		69		24		58		84		17		42		133		138		71		43		55		62		72		105		29		52		32		105		38		14		62		98		134		146		69		0		89		41		85		76		17		83		53		91		74		52		143		12		94		80		71		18		114		34		97		51		46		54		25		20		83		112		122		63		75		66		23		82		107		123		61		77		113		49		84		97		57		106		69		91		50		91		60		96		145		41		145		108		50		51		45		48		55		50		53
53		64		71		82		20		52		68		12		64		78		93		82		77		88		36		38		95		31		29		72		113		62		67		56		88		74		71		29		16		78		141		101		62		125		103		27		65		63		75		144		89		0		48		4		29		106		18		96		44		23		121		72		83		7		65		48		83		25		63		22		82		55		121		114		95		6		95		89		128		28		23		66		73		60		52		50		36		56		58		35		8		146		35		94		18		69		12		69		53		74		94		74		19		83		84		52		41		60		87		36
93		110		117		36		50		12		20		38		16		30		45		36		33		74		46		28		49		21		59		24		65		108		113		46		42		28		25		31		64		30		93		55		80		77		55		25		73		109		121		96		41		48		0		44		51		58		58		48		66		33		73		118		37		53		55		46		37		73		17		68		34		21		73		66		47		48		87		97		80		34		41		18		57		82		98		36		52		88		24		59		56		98		81		46		50		23		50		35		71		120		46		120		67		37		36		20		11		30		39		14
49		66		73		80		16		50		64		10		60		74		89		80		73		84		34		36		93		27		25		68		109		64		69		52		86		72		69		27		20		74		137		99		58		121		99		23		61		65		77		140		85		4		44		0		25		102		14		92		40		21		117		74		81		9		61		44		81		29		61		24		78		51		117		110		91		4		91		85		124		26		19		62		69		56		54		46		32		52		54		31		12		142		37		90		16		67		10		65		49		76		90		76		23		81		80		48		37		56		83		32
42		59		66		87		9		57		57		19		49		49		64		87		48		59		41		43		100		30		8		63		84		57		62		27		93		79		76		34		45		49		112		106		33		96		74		26		36		58		70		115		76		29		51		25		0		77		11		67		15		28		92		67		88		34		36		19		88		54		68		37		53		30		92		85		66		23		66		60		99		33		10		63		44		31		47		21		7		37		29		8		37		117		30		65		31		74		31		40		24		69		65		69		48		88		55		31		40		31		58		37
101		118		125		48		86		70		38		96		42		28		45		58		41		82		104		86		41		75		77		34		25		116		121		54		60		72		79		89		122		28		35		49		88		21		11		79		81		117		129		52		17		106		58		102		77		0		88		36		74		91		35		126		29		111		63		58		35		131		51		114		34		51		37		8		11		100		95		105		46		92		83		40		65		90		106		56		70		96		48		71		114		40		89		52		108		67		108		43		79		128		24		128		125		67		34		54		65		46		33		70
35		52		59		94		8		64		64		24		56		60		75		94		59		70		48		50		107		37		11		70		95		50		55		38		100		86		83		41		34		60		123		113		44		107		85		33		47		51		63		126		83		18		58		14		11		88		0		78		26		35		103		60		95		23		47		30		95		43		75		26		64		37		103		96		77		12		77		71		110		40		17		70		55		42		40		32		18		38		40		17		26		128		23		76		30		81		24		51		35		62		76		62		37		95		66		38		47		42		69		44
65		82		89		64		76		60		34		86		32		18		9		64		19		46		94		76		77		65		67		40		17		80		85		40		70		62		69		79		112		24		45		83		52		29		47		69		45		81		93		48		53		96		48		92		67		36		78		0		52		81		25		90		65		101		31		48		65		121		45		104		14		41		25		32		33		90		59		69		32		82		73		40		29		54		70		46		60		60		38		61		104		50		63		16		98		57		98		27		43		92		12		92		115		65		12		44		55		36		9		60
27		44		51		102		24		72		72		34		64		50		49		102		33		44		56		58		115		45		15		78		69		42		47		20		108		94		91		49		60		62		97		121		18		81		85		41		21		43		55		100		91		44		66		40		15		74		26		52		0		43		77		52		103		49		21		20		103		69		83		52		40		45		77		70		71		38		51		45		84		48		25		78		29		16		32		30		14		22		42		9		52		102		15		50		46		89		46		31		9		54		50		54		63		103		40		46		55		36		43		52
70		87		94		59		27		29		53		11		49		63		78		59		62		73		13		15		72		16		36		57		98		85		90		41		65		51		48		6		31		63		126		78		57		110		88		12		50		86		98		129		74		23		33		21		28		91		35		81		43		0		106		95		64		30		50		33		60		40		40		45		67		40		106		99		80		25		80		74		113		5		18		51		58		59		75		35		29		65		43		36		23		131		58		79		17		46		17		54		48		97		79		97		34		60		69		37		26		45		72		21
68		83		90		63		101		85		53		111		57		43		28		73		44		47		119		101		76		90		92		49		10		81		86		65		75		87		94		104		137		43		20		82		59		14		46		94		56		82		94		23		52		121		73		117		92		35		103		25		77		106		0		91		64		126		56		73		64		146		66		129		39		66		2		31		32		115		60		70		11		107		98		55		48		61		75		71		85		65		63		86		129		25		88		27		123		82		123		52		68		93		27		93		140		82		37		69		80		61		34		85
25		8		17		154		68		124		124		84		116		102		81		154		85		44		108		110		167		97		59		130		101		10		17		72		160		146		143		101		70		114		93		173		38		105		137		93		45		9		11		90		143		72		118		74		67		126		60		90		52		95		91		0		155		65		63		72		155		79		135		62		92		97		89		122		123		70		41		35		80		100		77		130		61		36		20		82		66		30		94		59		76		94		37		74		90		141		84		83		47		10		102		2		77		155		92		98		107		88		93		104
130		147		154		21		87		43		31		71		39		53		74		31		70		111		77		59		12		58		96		25		54		145		150		83		33		45		52		62		95		41		62		22		117		50		24		62		110		146		158		81		12		83		37		81		88		29		95		65		103		64		64		155		0		90		92		83		8		104		24		105		63		58		66		35		32		85		124		134		75		65		78		25		94		119		135		73		89		125		61		96		87		67		118		81		81		40		81		72		108		157		53		157		98		40		63		57		48		67		62		51
58		57		76		89		25		59		73		19		69		83		98		89		82		93		43		45		102		36		34		77		118		55		60		61		95		81		78		36		11		83		146		108		67		130		108		32		70		66		70		149		94		7		53		9		34		111		23		101		49		30		126		65		90		0		70		53		90		20		70		15		87		60		126		119		100		11		100		94		133		35		28		71		78		65		51		55		41		61		63		40		11		151		38		99		25		76		19		74		58		69		99		67		14		90		89		57		46		65		92		41
38		55		62		91		45		61		61		55		53		39		28		91		22		23		63		47		104		34		36		67		48		53		58		9		97		83		80		48		81		51		76		110		25		60		74		38		18		54		66		79		80		65		55		61		36		63		47		31		21		50		56		63		92		70		0		17		92		90		72		73		29		34		56		59		60		59		32		42		63		51		42		67		8		27		43		19		29		33		31		30		73		81		32		29		67		78		67		20		16		65		39		65		84		92		29		35		44		25		30		41
47		64		71		82		28		52		52		38		44		30		45		82		29		40		46		38		95		25		19		58		65		62		67		8		88		74		71		31		64		42		93		101		34		77		65		21		27		63		75		96		71		48		46		44		19		58		30		48		20		33		73		72		83		53		17		0		83		73		63		56		34		25		73		66		51		42		47		51		80		34		25		58		25		36		52		10		12		42		22		13		56		98		35		46		50		69		50		21		25		74		46		74		67		83		36		26		35		16		39		32
130		147		154		13		87		35		31		71		39		53		74		23		70		111		69		51		12		58		96		25		54		145		150		83		25		37		44		54		87		41		70		18		117		54		32		62		110		146		158		81		18		83		37		81		88		35		95		65		103		60		64		155		8		90		92		83		0		96		20		105		63		58		66		43		32		85		124		134		75		57		78		25		94		119		135		73		89		125		61		96		79		75		118		81		73		32		73		72		108		157		53		157		90		32		63		57		48		67		62		51
78		71		96		83		45		61		93		35		89		103		118		83		102		113		37		45		96		56		54		97		138		73		66		81		89		75		72		42		9		103		166		102		87		150		128		52		90		86		90		169		114		25		73		29		54		131		43		121		69		40		146		79		104		20		90		73		96		0		80		21		107		80		146		139		120		31		120		114		153		39		48		91		98		85		71		75		61		81		83		60		17		171		58		119		23		70		23		94		78		89		119		81		6		84		109		77		66		85		112		61
110		127		134		19		67		19		13		51		19		33		54		19		50		91		53		35		32		38		76		17		58		125		130		63		25		21		28		38		71		23		86		38		97		70		48		42		90		126		138		89		34		63		17		61		68		51		75		45		83		40		66		135		24		70		72		63		20		80		0		85		43		38		66		59		40		65		104		114		73		41		58		11		74		99		115		53		69		105		41		76		63		91		98		61		57		16		57		52		88		137		39		137		74		20		43		37		28		47		42		31
61		54		79		104		28		74		76		34		72		86		101		104		85		96		58		60		117		47		37		80		121		56		45		64		110		96		93		51		18		86		149		123		70		133		111		43		73		69		73		152		97		22		68		24		37		114		26		104		52		45		129		62		105		15		73		56		105		21		85		0		90		63		129		122		103		20		103		97		136		50		31		80		81		68		54		58		44		64		66		43		26		154		41		102		40		91		34		77		61		72		102		64		27		105		92		60		57		68		95		54
67		84		91		62		62		46		32		72		24		10		11		62		7		48		80		62		75		51		53		38		31		82		87		26		68		54		55		65		98		22		59		81		54		43		45		55		47		83		95		62		51		82		34		78		53		34		64		14		40		67		39		92		63		87		29		34		63		107		43		90		0		27		39		32		31		76		61		71		46		68		59		38		31		56		72		32		46		62		24		47		90		64		55		18		84		49		84		13		45		94		12		94		101		63		2		30		41		22		5		46
72		89		96		57		35		27		27		45		19		23		38		57		22		53		53		35		70		24		38		33		58		87		92		25		63		49		46		38		71		23		86		76		59		70		48		28		52		88		100		89		46		55		21		51		30		51		37		41		45		40		66		97		58		60		34		25		58		80		38		63		27		0		66		59		40		49		66		76		73		41		32		33		36		61		77		15		31		67		3		38		63		91		60		39		57		44		57		14		50		99		39		99		74		58		29		3		14		9		32		19
68		81		88		65		101		85		53		111		57		43		28		73		44		45		119		101		78		90		92		49		12		79		84		65		75		87		94		104		137		43		20		84		59		16		48		94		56		80		92		23		54		121		73		117		92		37		103		25		77		106		2		89		66		126		56		73		66		146		66		129		39		66		0		33		34		115		58		68		9		107		98		55		48		61		75		71		85		65		63		86		129		25		88		27		123		82		123		52		68		91		27		91		140		82		37		69		80		61		34		85
97		114		121		56		94		78		46		104		50		36		41		66		37		78		112		94		45		83		85		42		21		112		117		58		68		80		87		97		130		36		29		57		84		17		15		87		77		113		125		48		25		114		66		110		85		8		96		32		70		99		31		122		35		119		59		66		43		139		59		122		32		59		33		0		19		108		91		101		42		100		91		48		61		86		102		64		78		92		56		79		122		32		85		48		116		75		116		45		75		124		20		124		133		75		30		62		73		54		29		78
98		115		122		37		75		59		27		85		31		21		42		47		38		79		93		75		44		64		66		23		22		113		118		51		49		61		68		78		111		17		46		50		85		30		14		68		78		114		126		49		20		95		47		91		66		11		77		33		71		80		32		123		32		100		60		51		32		120		40		103		31		40		34		19		0		89		92		102		43		81		72		29		62		87		103		45		59		93		37		64		103		51		86		49		97		56		97		40		76		125		21		125		114		56		31		43		54		35		30		59
47		62		69		84		14		54		62		14		58		72		87		84		71		82		38		40		97		27		23		66		107		60		65		50		90		76		73		31		22		72		135		103		56		119		97		23		59		61		73		138		83		6		48		4		23		100		12		90		38		25		115		70		85		11		59		42		85		31		65		20		76		49		115		108		89		0		89		83		122		30		17		60		67		54		50		44		30		50		52		29		14		140		33		88		20		71		14		63		47		72		88		72		25		85		78		46		37		54		81		34
42		49		30		123		75		93		93		85		85		71		50		123		54		13		93		79		136		66		66		99		70		47		58		41		129		115		112		78		111		83		62		142		33		74		106		68		30		34		34		49		112		95		87		91		66		95		77		59		51		80		60		41		124		100		32		47		124		120		104		103		61		66		58		91		92		89		0		10		49		81		72		99		30		35		49		51		59		39		63		60		103		63		62		43		97		110		97		52		42		33		71		39		114		124		61		67		76		57		62		73
36		43		20		133		69		103		103		79		95		81		60		133		64		23		87		89		146		76		60		109		80		41		52		51		139		125		122		80		105		93		72		152		27		84		116		72		24		28		24		55		122		89		97		85		60		105		71		69		45		74		70		35		134		94		42		51		134		114		114		97		71		76		68		101		102		83		10		0		59		79		66		109		40		29		43		61		53		33		73		54		97		73		56		53		91		120		91		62		36		25		81		33		108		134		71		77		86		67		72		83
75		82		79		74		108		92		60		118		64		50		35		80		51		40		126		108		87		97		99		56		21		80		91		72		82		94		101		111		144		50		13		93		66		25		57		101		63		71		83		16		63		128		80		124		99		46		110		32		84		113		11		80		75		133		63		80		75		153		73		136		46		73		9		42		43		122		49		59		0		114		105		62		55		68		82		78		92		72		70		93		136		18		95		34		130		89		130		59		75		82		34		82		147		89		44		76		87		68		41		92
75		92		99		54		32		24		54		16		50		64		79		54		63		74		12		10		67		17		41		58		99		90		95		42		60		46		43		3		32		64		127		73		62		111		89		13		55		91		103		130		75		28		34		26		33		92		40		82		48		5		107		100		65		35		51		34		57		39		41		50		68		41		107		100		81		30		81		79		114		0		23		52		59		64		80		36		34		70		44		41		24		132		63		80		16		41		16		55		53		102		80		102		33		55		70		38		27		46		73		22
52		69		76		77		9		47		47		13		41		55		70		77		54		65		31		33		90		20		18		53		90		67		72		33		83		69		66		24		39		55		118		96		39		102		80		16		42		68		80		121		66		23		41		19		10		83		17		73		25		18		98		77		78		28		42		25		78		48		58		31		59		32		98		91		72		17		72		66		105		23		0		53		50		41		57		27		13		47		35		18		31		123		40		71		25		64		25		46		30		79		71		79		42		78		61		29		30		37		64		27
105		122		129		24		62		30		6		56		14		28		49		24		45		86		64		46		37		35		71		6		47		120		125		58		30		32		39		49		82		16		75		43		92		59		37		39		85		121		133		78		23		66		18		62		63		40		70		40		78		51		55		130		25		71		67		58		25		91		11		80		38		33		55		48		29		60		99		109		62		52		53		0		69		94		110		48		64		100		36		71		74		80		93		56		68		27		68		47		83		132		28		132		85		27		38		32		25		42		37		30
36		53		60		93		53		63		63		63		55		41		20		93		24		17		71		53		106		42		44		69		40		51		56		17		99		85		82		56		89		53		68		112		23		52		76		46		16		52		64		71		82		73		57		69		44		65		55		29		29		58		48		61		94		78		8		25		94		98		74		81		31		36		48		61		62		67		30		40		55		59		50		69		0		25		41		23		37		31		33		38		81		73		40		21		75		80		75		22		20		63		41		63		92		94		31		37		46		27		32		43
11		28		35		118		40		88		88		50		80		66		45		118		49		28		72		74		131		61		31		94		65		26		31		36		124		110		107		65		76		78		81		137		2		69		101		57		9		27		39		84		107		60		82		56		31		90		42		54		16		59		61		36		119		65		27		36		119		85		99		68		56		61		61		86		87		54		35		29		68		64		41		94		25		0		16		46		30		6		58		25		68		86		27		38		62		105		62		47		11		38		66		38		79		119		56		62		71		52		57		68
7		12		25		134		48		104		104		64		96		82		61		134		65		42		88		90		147		77		39		110		81		10		15		52		140		126		123		81		62		94		95		153		18		85		117		73		25		15		23		98		123		52		98		54		47		106		40		70		32		75		75		20		135		51		43		52		135		71		115		54		72		77		75		102		103		50		49		43		82		80		57		110		41		16		0		62		46		10		74		39		56		100		17		54		70		121		64		63		27		22		82		22		65		135		72		78		87		68		73		84
57		74		81		72		30		42		42		40		34		28		43		72		27		38		48		30		85		19		23		48		63		72		77		10		78		64		61		33		66		32		91		91		44		75		55		23		37		73		85		94		61		50		36		46		21		56		32		46		30		35		71		82		73		55		19		10		73		75		53		58		32		15		71		64		45		44		51		61		78		36		27		48		23		46		62		0		16		52		12		23		58		96		45		44		52		59		52		19		35		84		44		84		69		73		34		16		25		10		37		22
41		58		65		88		16		58		58		26		50		42		57		88		41		52		42		44		101		31		7		64		77		56		61		20		94		80		77		35		52		48		105		107		28		89		71		27		29		57		69		108		77		36		52		32		7		70		18		60		14		29		85		66		89		41		29		12		89		61		69		44		46		31		85		78		59		30		59		53		92		34		13		64		37		30		46		16		0		36		28		7		44		110		29		58		38		75		38		33		19		68		58		68		55		89		48		32		41		24		51		38
5		22		29		124		38		94		94		54		86		72		51		124		55		32		78		80		137		67		29		100		71		20		25		42		130		116		113		71		72		84		85		143		8		75		107		63		15		21		33		88		113		56		88		52		37		96		38		60		22		65		65		30		125		61		33		42		125		81		105		64		62		67		65		92		93		50		39		33		72		70		47		100		31		6		10		52		36		0		64		29		64		90		23		44		60		111		58		53		17		32		72		32		75		125		62		68		77		58		63		74
69		86		93		60		38		30		30		48		22		20		35		60		19		50		56		38		73		27		35		36		55		84		89		22		66		52		49		41		74		20		83		79		56		67		45		31		49		85		97		86		49		58		24		54		29		48		40		38		42		43		63		94		61		63		31		22		61		83		41		66		24		3		63		56		37		52		63		73		70		44		35		36		33		58		74		12		28		64		0		35		66		88		57		36		60		47		60		11		47		96		36		96		77		61		26		6		17		6		29		22
34		51		58		95		15		65		65		25		57		43		58		95		42		53		49		51		108		38		6		71		78		49		54		21		101		87		84		42		51		55		106		114		27		90		78		34		30		50		62		109		84		35		59		31		8		71		17		61		9		36		86		59		96		40		30		13		96		60		76		43		47		38		86		79		64		29		60		54		93		41		18		71		38		25		39		23		7		29		35		0		43		111		22		59		37		82		37		34		18		61		59		61		54		96		49		39		48		29		52		45
61		68		79		78		28		48		76		18		72		86		101		78		85		96		32		34		91		39		37		80		121		66		71		64		84		70		67		25		8		86		149		97		70		133		111		35		73		69		79		152		97		8		56		12		37		114		26		104		52		23		129		76		87		11		73		56		79		17		63		26		90		63		129		122		103		14		103		97		136		24		31		74		81		68		56		58		44		64		66		43		0		154		41		102		14		65		8		77		61		78		102		78		11		79		92		60		49		68		95		44
93		100		93		88		126		110		78		136		82		68		53		98		69		58		144		126		77		115		117		74		33		98		109		90		100		112		119		129		162		68		5		89		84		21		43		119		81		85		97		20		57		146		98		142		117		40		128		50		102		131		25		94		67		151		81		98		75		171		91		154		64		91		25		32		51		140		63		73		18		132		123		80		73		86		100		96		110		90		88		111		154		0		113		52		148		107		148		77		93		96		52		96		165		107		62		94		105		86		59		110
20		29		38		117		31		87		87		47		79		65		60		117		48		55		71		73		130		60		22		93		80		27		32		35		123		109		106		64		49		77		108		136		29		92		100		56		32		28		40		111		106		35		81		37		30		89		23		63		15		58		88		37		118		38		32		35		118		58		98		41		55		60		88		85		86		33		62		56		95		63		40		93		40		27		17		45		29		23		57		22		41		113		0		61		53		104		47		46		20		39		65		39		52		118		55		61		70		51		56		67
49		66		73		80		74		58		50		84		42		28		7		80		17		30		92		74		93		63		65		56		27		64		69		38		86		72		69		77		110		40		47		99		36		31		63		67		29		65		77		50		69		94		46		90		65		52		76		16		50		79		27		74		81		99		29		46		81		119		61		102		18		39		27		48		49		88		43		53		34		80		71		56		21		38		54		44		58		44		36		59		102		52		61		0		96		67		96		25		41		76		28		76		113		81		18		42		53		34		19		58
65		82		89		64		22		38		70		12		66		80		95		64		79		90		18		22		77		33		31		74		115		80		85		58		70		56		53		19		22		80		143		83		64		127		105		29		67		81		93		146		91		18		50		16		31		108		30		98		46		17		123		90		81		25		67		50		73		23		57		40		84		57		123		116		97		20		97		91		130		16		25		68		75		62		70		52		38		60		60		37		14		148		53		96		0		51		6		71		55		92		96		92		17		65		86		54		43		62		89		38
116		133		140		19		73		17		29		57		25		39		60		13		56		97		37		31		30		44		82		33		74		131		136		69		19		5		12		40		73		39		102		32		103		86		64		48		96		132		144		105		50		69		23		67		74		67		81		57		89		46		82		141		40		76		78		69		32		70		16		91		49		44		82		75		56		71		110		120		89		41		64		27		80		105		121		59		75		111		47		82		65		107		104		67		51		0		57		58		94		143		55		143		64		14		49		43		34		53		48		37
59		76		83		70		22		40		70		12		66		80		95		70		79		90		24		26		83		33		31		74		115		74		79		58		76		62		59		19		16		80		143		89		64		127		105		29		67		75		87		146		91		12		50		10		31		108		24		98		46		17		123		84		81		19		67		50		73		23		57		34		84		57		123		116		97		14		97		91		130		16		25		68		75		62		64		52		38		58		60		37		8		148		47		96		6		57		0		71		55		86		96		86		17		71		86		54		43		62		89		38
58		75		82		71		49		41		41		59		33		19		24		71		8		39		67		49		84		38		40		47		44		73		78		13		77		63		60		52		85		31		72		90		45		56		54		42		38		74		86		75		60		69		35		65		40		43		51		27		31		54		52		83		72		74		20		21		72		94		52		77		13		14		52		45		40		63		52		62		59		55		46		47		22		47		63		19		33		53		11		34		77		77		46		25		71		58		71		0		36		85		25		85		88		72		15		17		28		9		18		33
22		39		46		107		33		77		77		43		69		55		40		107		38		35		61		63		120		50		24		83		60		37		42		25		113		99		96		54		69		67		88		126		9		72		90		46		12		38		50		91		96		53		71		49		24		79		35		43		9		48		68		47		108		58		16		25		108		78		88		61		45		50		68		75		76		47		42		36		75		53		30		83		20		11		27		35		19		17		47		18		61		93		20		41		55		94		55		36		0		49		55		49		72		108		45		51		60		41		46		57
27		18		7		156		70		126		126		86		118		104		83		156		87		46		110		112		169		99		61		132		103		16		27		74		162		148		145		103		80		116		95		175		40		107		139		95		47		11		1		80		145		74		120		76		69		128		62		92		54		97		93		10		157		69		65		74		157		89		137		72		94		99		91		124		125		72		33		25		82		102		79		132		63		38		22		84		68		32		96		61		78		96		39		76		92		143		86		85		49		0		104		8		83		157		94		100		109		90		95		106
77		94		101		52		74		58		26		84		30		16		21		52		17		58		92		74		65		63		65		28		19		92		97		38		58		60		67		77		110		16		47		71		64		31		35		67		57		93		105		50		41		94		46		90		65		24		76		12		50		79		27		102		53		99		39		46		53		119		39		102		12		39		27		20		21		88		71		81		34		80		71		28		41		66		82		44		58		72		36		59		102		52		65		28		96		55		96		25		55		104		0		104		113		55		10		42		53		34		9		58
27		10		15		156		70		126		126		86		118		104		83		156		87		46		110		112		169		99		61		132		103		12		19		74		162		148		145		103		72		116		95		175		40		107		139		95		47		11		9		88		145		74		120		76		69		128		62		92		54		97		93		2		157		67		65		74		157		81		137		64		94		99		91		124		125		72		39		33		82		102		79		132		63		38		22		84		68		32		96		61		78		96		39		76		92		143		86		85		49		8		104		0		79		157		94		100		109		90		95		106
72		69		90		77		39		55		87		29		83		97		112		77		96		107		31		39		90		50		48		91		132		67		72		75		83		69		66		36		9		97		160		96		81		144		122		46		84		80		84		163		108		19		67		23		48		125		37		115		63		34		140		77		98		14		84		67		90		6		74		27		101		74		140		133		114		25		114		108		147		33		42		85		92		79		65		69		55		75		77		54		11		165		52		113		17		64		17		88		72		83		113		79		0		78		103		71		60		79		106		55
130		147		154		19		87		31		31		71		39		53		74		9		70		111		47		45		30		58		96		33		74		145		150		83		7		9		12		54		87		41		102		18		117		86		64		62		110		146		158		105		50		83		37		81		88		67		95		65		103		60		82		155		40		90		92		83		32		84		20		105		63		58		82		75		56		85		124		134		89		55		78		27		94		119		135		73		89		125		61		96		79		107		118		81		65		14		71		72		108		157		55		157		78		0		63		57		48		67		62		51
67		84		91		62		64		48		32		74		24		10		11		62		7		48		82		64		75		53		55		38		29		82		87		28		68		54		57		67		100		22		57		81		54		41		45		57		47		83		95		60		51		84		36		80		55		34		66		12		40		69		37		92		63		89		29		36		63		109		43		92		2		29		37		30		31		78		61		71		44		70		61		38		31		56		72		34		48		62		26		49		92		62		55		18		86		49		86		15		45		94		10		94		103		63		0		32		43		24		3		48
73		90		97		56		32		26		26		42		18		26		41		56		25		54		50		32		69		21		39		32		61		88		93		26		62		48		45		35		68		26		89		75		60		73		51		25		53		89		101		92		45		52		20		48		31		54		38		44		46		37		69		98		57		57		35		26		57		77		37		60		30		3		69		62		43		46		67		77		76		38		29		32		37		62		78		16		32		68		6		39		60		94		61		42		54		43		54		17		51		100		42		100		71		57		32		0		11		10		35		16
82		99		106		47		39		17		27		31		23		37		52		47		36		63		39		21		60		10		48		31		72		97		102		35		53		39		36		24		57		37		100		66		69		84		62		14		62		98		110		103		48		41		11		37		40		65		47		55		55		26		80		107		48		46		44		35		48		66		28		57		41		14		80		73		54		37		76		86		87		27		30		25		46		71		87		25		41		77		17		48		49		105		70		53		43		34		43		28		60		109		53		109		60		48		43		11		0		19		46		5
63		80		87		66		40		36		36		50		28		18		33		66		17		44		58		40		79		29		31		42		53		78		83		16		72		58		55		43		76		26		81		85		50		65		49		33		43		79		91		84		55		60		30		56		31		46		42		36		36		45		61		88		67		65		25		16		67		85		47		68		22		9		61		54		35		54		57		67		68		46		37		42		27		52		68		10		24		58		6		29		68		86		51		34		62		53		62		9		41		90		34		90		79		67		24		10		19		0		27		24
68		85		92		61		67		51		31		77		23		9		12		61		10		49		85		67		74		56		58		37		26		83		88		31		67		53		60		70		103		21		54		80		55		38		44		60		48		84		96		57		50		87		39		83		58		33		69		9		43		72		34		93		62		92		30		39		62		112		42		95		5		32		34		29		30		81		62		72		41		73		64		37		32		57		73		37		51		63		29		52		95		59		56		19		89		48		89		18		46		95		9		95		106		62		3		35		46		27		0		51
79		96		103		50		36		20		32		26		28		42		57		50		41		60		34		16		63		7		45		36		77		94		99		32		56		42		39		19		52		42		105		69		66		89		67		11		59		95		107		108		53		36		14		32		37		70		44		60		52		21		85		104		51		41		41		32		51		61		31		54		46		19		85		78		59		34		73		83		92		22		27		30		43		68		84		22		38		74		22		45		44		110		67		58		38		37		38		33		57		106		58		106		55		51		48		16		5		24		51		0
