N = 50
FROM solution: 0 1 47 5 14 49 7 45 21 9 15 23 31 12 11 42 36 17 20 19 28 4 30 39 3 24 40 27 33 29 25 35 32 16 10 37 18 46 6 26 22 44 13 8 43 41 2 38 48 34 0 (value : 1878)
TO   solution: 0 42 33 16 9 2 5 49 37 44 47 7 17 40 20 11 34 21 25 4 19 30 24 48 26 14 23 12 10 41 32 1 27 35 36 31 18 38 6 13 46 3 39 43 29 8 28 22 15 45 0 (value : 374)
in 0.000583 seconds (chrono time)
FROM solution: 0 1 24 18 33 13 16 7 46 15 4 47 23 32 14 9 31 3 41 25 20 29 22 37 40 12 26 5 19 42 10 48 35 28 43 36 27 34 17 39 45 8 21 6 44 11 30 2 38 49 0 (value : 1634)
TO   solution: 0 33 47 37 49 36 2 16 31 18 40 21 19 3 8 45 27 4 29 48 30 34 23 22 10 1 5 41 11 43 13 35 20 38 44 28 24 42 25 12 17 26 46 14 32 9 15 39 7 6 0 (value : 354)
in 0.000614 seconds (chrono time)
FROM solution: 0 27 26 3 4 35 49 10 11 16 21 38 2 37 40 45 24 17 41 29 25 36 13 19 43 1 33 5 28 12 47 32 15 34 7 48 44 18 30 39 6 8 31 23 9 42 46 14 20 22 0 (value : 1612)
TO   solution: 0 43 19 10 23 27 1 47 5 6 8 45 13 31 18 22 34 39 11 32 12 36 42 9 48 29 35 3 33 20 24 7 17 2 16 37 21 46 44 4 41 28 15 26 14 30 25 40 38 49 0 (value : 370)
in 0.000641 seconds (chrono time)
FROM solution: 0 34 2 1 32 38 28 30 21 9 27 5 46 29 23 49 16 15 4 19 20 13 47 11 44 43 26 41 10 7 3 22 17 48 14 33 36 37 35 45 24 18 39 12 31 6 8 25 42 40 0 (value : 1628)
TO   solution: 0 22 37 6 40 46 21 41 10 12 36 32 1 31 26 8 23 24 35 34 3 33 7 49 14 28 9 17 45 11 47 13 42 18 19 39 2 15 48 30 29 38 5 4 43 25 44 27 16 20 0 (value : 376)
in 0.001375 seconds (chrono time)
FROM solution: 0 24 42 49 38 13 15 39 25 9 8 32 41 28 23 3 17 22 47 34 20 48 11 18 12 4 5 40 6 31 21 26 10 33 37 36 19 14 27 7 1 16 2 43 44 45 46 30 35 29 0 (value : 1780)
TO   solution: 0 9 45 15 19 13 21 1 6 2 31 4 39 42 37 40 30 8 48 14 27 20 12 22 5 16 24 35 10 11 26 49 18 47 32 28 3 33 43 44 38 46 17 7 23 41 36 34 25 29 0 (value : 396)
in 0.00131 seconds (chrono time)
FROM solution: 0 17 22 1 36 29 44 24 13 9 30 25 15 8 14 35 20 18 7 19 49 6 48 2 10 11 23 27 32 12 43 39 21 33 34 31 3 37 38 16 26 41 42 40 5 45 4 47 28 46 0 (value : 1642)
TO   solution: 0 2 19 26 3 18 23 31 6 25 47 36 12 4 45 43 28 16 17 24 15 33 32 13 11 20 27 29 44 46 14 38 21 41 42 39 37 35 10 9 30 40 7 34 49 8 5 48 1 22 0 (value : 398)
in 0.001253 seconds (chrono time)
FROM solution: 0 8 28 3 30 18 35 15 39 14 34 11 44 33 22 13 1 7 45 46 43 40 17 48 31 16 49 27 26 29 5 2 21 23 6 24 36 37 4 25 47 12 42 9 41 38 19 10 32 20 0 (value : 1618)
TO   solution: 0 27 43 7 16 37 36 28 20 3 45 31 29 1 2 44 42 47 8 38 48 26 5 13 10 14 17 25 39 30 49 32 40 15 6 19 12 23 9 34 22 46 18 11 35 33 21 24 4 41 0 (value : 360)
in 0.001189 seconds (chrono time)
FROM solution: 0 4 38 45 46 23 6 35 39 42 32 8 48 13 36 2 16 37 7 41 5 20 30 44 26 1 9 27 28 22 33 18 17 3 29 19 15 24 34 11 40 43 14 25 21 49 31 47 12 10 0 (value : 1610)
TO   solution: 0 7 9 22 34 37 10 48 40 16 49 21 11 14 1 26 28 12 3 15 18 41 24 35 42 20 27 8 4 13 36 19 43 32 29 45 46 31 44 25 5 33 17 30 23 6 47 39 2 38 0 (value : 372)
in 0.001162 seconds (chrono time)
FROM solution: 0 7 1 22 18 35 33 43 32 41 8 38 12 47 14 15 44 45 39 28 5 21 6 40 24 23 3 9 19 29 30 31 42 11 25 37 36 26 16 27 10 20 2 46 17 34 4 13 48 49 0 (value : 1972)
TO   solution: 0 34 40 25 47 35 1 20 24 5 39 19 46 8 42 37 44 3 7 10 49 43 12 28 11 36 9 21 18 15 23 41 48 31 27 29 6 22 16 17 30 14 38 33 32 26 4 13 45 2 0 (value : 384)
in 0.000578 seconds (chrono time)
FROM solution: 0 17 26 16 19 41 15 23 4 40 24 11 38 39 31 14 29 3 21 32 6 18 22 1 20 25 2 46 8 37 30 28 36 33 34 35 7 27 47 12 13 5 43 9 48 45 44 10 42 49 0 (value : 1754)
TO   solution: 0 27 35 6 31 25 14 43 47 11 37 12 18 24 19 38 23 36 33 16 15 29 42 7 49 13 5 3 45 8 46 41 21 40 17 2 30 1 32 20 22 4 48 39 44 10 28 34 9 26 0 (value : 396)
in 0.001156 seconds (chrono time)
FROM solution: 0 44 16 47 43 39 20 48 27 23 10 45 28 3 2 8 12 31 38 19 17 21 1 30 29 46 35 40 4 26 6 22 18 33 34 37 5 7 11 15 25 41 13 49 36 9 14 32 24 42 0 (value : 1426)
TO   solution: 0 32 36 15 25 48 19 41 45 37 40 31 9 46 18 3 28 29 44 5 22 8 49 24 16 7 1 23 12 14 34 33 42 17 6 26 30 11 27 35 38 21 43 20 4 2 39 13 10 47 0 (value : 346)
in 0.000594 seconds (chrono time)
FROM solution: 0 1 6 22 9 4 45 24 39 35 31 43 34 16 41 15 49 27 18 19 48 20 8 13 46 26 37 7 38 12 47 10 32 30 17 28 3 36 21 2 40 29 11 25 44 33 23 14 42 5 0 (value : 1430)
TO   solution: 0 14 35 36 49 20 3 15 42 31 11 29 18 41 9 6 17 16 21 32 44 25 8 12 13 30 39 46 24 48 4 40 1 22 26 2 37 33 19 43 38 34 7 45 47 10 27 23 5 28 0 (value : 360)
in 0.001151 seconds (chrono time)
FROM solution: 0 41 7 48 18 3 6 35 14 15 32 45 33 22 12 9 40 25 44 46 20 8 13 37 24 1 43 27 5 34 26 17 29 31 28 4 36 49 38 42 10 11 21 2 39 23 16 47 19 30 0 (value : 1412)
TO   solution: 0 30 17 13 37 41 19 4 6 7 35 46 45 3 26 40 36 10 20 39 47 2 16 18 15 42 23 29 11 31 1 8 44 28 33 32 5 24 48 12 22 34 25 49 9 14 21 43 27 38 0 (value : 314)
in 0.0007 seconds (chrono time)
FROM solution: 0 2 24 37 43 3 26 7 28 5 25 11 40 31 14 30 4 32 42 17 16 21 36 13 20 48 8 27 12 9 15 6 47 29 10 33 38 39 23 1 49 41 18 22 44 45 46 35 34 19 0 (value : 1798)
TO   solution: 0 38 28 13 11 23 4 17 27 18 1 3 35 44 34 24 37 15 21 42 7 47 36 22 2 48 30 12 49 39 14 40 10 26 41 31 33 8 16 32 25 19 9 6 43 29 20 45 5 46 0 (value : 354)
in 0.00073 seconds (chrono time)
FROM solution: 0 1 5 3 4 48 44 22 45 15 38 9 42 2 35 10 13 43 37 30 26 19 47 23 24 25 6 18 31 29 7 49 21 20 34 14 36 27 46 12 40 32 28 11 39 17 41 8 16 33 0 (value : 1668)
TO   solution: 0 6 14 41 9 30 26 46 29 44 39 17 48 31 12 13 33 45 1 2 4 21 25 23 19 36 37 40 10 35 24 38 34 7 27 20 15 32 5 43 8 42 28 3 16 47 49 18 22 11 0 (value : 406)
in 0.000791 seconds (chrono time)
FROM solution: 0 42 18 25 6 36 21 39 48 2 10 49 12 26 14 23 29 7 41 17 46 5 22 19 9 45 37 27 24 40 30 33 32 38 44 16 3 34 35 43 11 31 13 20 28 4 15 47 8 1 0 (value : 1436)
TO   solution: 0 11 1 47 17 44 8 18 9 12 24 19 10 41 28 49 42 16 36 48 20 3 6 25 4 13 15 40 21 7 46 22 23 37 43 27 29 26 38 35 2 30 33 32 14 5 39 45 31 34 0 (value : 358)
in 0.000783 seconds (chrono time)
FROM solution: 0 1 31 29 47 20 49 14 5 21 42 35 12 43 48 38 16 17 18 19 10 9 25 13 23 28 2 46 44 15 30 3 40 37 33 34 22 26 36 32 27 41 39 6 8 45 24 4 11 7 0 (value : 1708)
TO   solution: 0 12 34 10 31 26 41 30 45 48 3 6 23 19 32 42 7 4 49 39 27 14 37 22 29 16 36 2 38 9 35 11 40 8 5 21 33 17 25 46 28 1 43 24 13 15 47 18 20 44 0 (value : 364)
in 0.000792 seconds (chrono time)
FROM solution: 0 12 2 33 3 38 29 9 31 15 8 16 34 18 7 47 11 44 24 49 39 5 41 23 43 17 20 26 28 4 19 27 32 10 14 36 35 13 21 40 22 25 42 37 6 45 46 1 48 30 0 (value : 1646)
TO   solution: 0 19 23 29 18 3 26 22 17 35 6 11 41 7 39 21 20 13 34 48 1 5 37 49 2 30 45 44 43 24 4 31 40 12 9 10 36 46 32 16 14 15 28 8 33 42 27 25 38 47 0 (value : 376)
in 0.000601 seconds (chrono time)
FROM solution: 0 37 14 5 31 39 7 23 45 9 35 11 20 13 6 34 36 42 32 33 47 3 25 16 24 26 19 27 18 30 8 1 15 12 4 21 46 48 43 28 17 41 40 38 22 10 29 49 2 44 0 (value : 1758)
TO   solution: 0 18 7 37 42 29 19 49 9 11 47 22 21 44 27 31 30 24 32 16 41 5 15 45 46 40 39 38 17 23 10 36 34 3 20 14 8 13 48 4 43 33 26 2 28 1 35 12 6 25 0 (value : 364)
in 0.000604 seconds (chrono time)
FROM solution: 0 31 10 36 8 41 6 46 25 26 22 28 23 11 44 15 32 24 27 19 21 20 9 39 13 4 33 38 16 30 14 5 17 12 34 7 2 1 18 45 40 43 42 48 47 29 37 49 35 3 0 (value : 1510)
TO   solution: 0 18 42 43 45 35 33 15 13 14 4 46 44 23 38 8 28 10 34 12 7 27 26 30 2 32 25 17 49 1 16 41 39 40 29 48 24 47 11 6 20 21 9 3 31 36 19 5 37 22 0 (value : 392)
in 0.000593 seconds (chrono time)
FROM solution: 0 27 2 48 4 16 35 40 3 7 30 42 6 44 21 32 45 17 15 31 26 13 8 23 10 1 20 9 12 18 34 41 24 33 29 38 19 22 46 37 25 5 39 43 36 11 49 47 14 28 0 (value : 1518)
TO   solution: 0 38 4 23 46 32 11 8 42 20 39 10 5 47 43 31 44 12 24 7 21 3 30 40 45 48 28 26 9 2 13 33 14 19 1 29 41 27 17 49 6 36 35 15 16 37 34 25 22 18 0 (value : 372)
in 0.000593 seconds (chrono time)
FROM solution: 0 45 38 2 28 8 16 6 22 20 31 47 35 5 24 39 46 15 34 40 9 12 26 18 10 30 19 32 11 48 14 29 33 49 4 42 36 37 41 3 25 1 21 43 27 44 7 17 13 23 0 (value : 1566)
TO   solution: 0 19 28 2 26 4 25 9 12 11 18 27 47 46 1 8 38 32 16 49 22 24 14 30 48 6 43 42 35 36 31 15 10 33 23 13 29 45 17 20 21 39 5 44 37 41 40 3 7 34 0 (value : 346)
in 0.000598 seconds (chrono time)
FROM solution: 0 1 8 29 31 17 6 7 30 47 26 21 34 40 23 38 32 42 10 25 12 45 22 20 24 28 3 41 33 48 43 4 39 5 18 35 36 37 27 15 9 19 44 14 2 11 46 16 49 13 0 (value : 1512)
TO   solution: 0 33 13 10 49 35 34 39 38 4 9 20 19 27 36 7 12 30 37 31 41 47 11 1 22 43 23 8 29 25 6 14 2 45 44 16 3 46 15 18 42 24 40 26 5 48 17 32 21 28 0 (value : 378)
in 0.000607 seconds (chrono time)
FROM solution: 0 28 46 38 17 13 5 7 40 32 15 30 10 3 23 31 44 8 18 37 14 42 49 2 21 34 16 43 29 4 9 45 12 47 1 25 36 39 41 26 22 35 19 27 24 33 6 11 48 20 0 (value : 1648)
TO   solution: 0 2 22 31 23 1 33 37 24 15 5 18 19 11 12 4 47 44 38 39 14 30 13 9 10 40 49 32 34 26 41 48 20 25 36 45 8 16 35 21 7 3 17 27 6 46 42 43 29 28 0 (value : 358)
in 0.000635 seconds (chrono time)
FROM solution: 0 15 3 32 44 5 41 21 18 35 25 12 20 13 14 23 16 17 8 7 49 40 30 31 42 1 45 38 29 33 43 2 48 34 9 46 36 37 24 39 28 22 4 10 11 47 27 19 6 26 0 (value : 1620)
TO   solution: 0 44 1 5 29 43 25 41 14 48 28 21 30 26 22 6 45 39 31 2 16 32 7 12 10 35 11 34 18 17 33 49 20 46 24 40 9 37 13 19 36 42 15 23 4 3 47 8 38 27 0 (value : 336)
in 0.000777 seconds (chrono time)
FROM solution: 0 1 5 21 16 3 28 12 36 13 10 11 40 34 24 26 15 39 18 44 48 20 6 14 19 23 43 4 25 8 31 47 46 49 9 22 17 37 38 35 7 27 42 29 30 41 33 2 32 45 0 (value : 1702)
TO   solution: 0 49 12 10 14 41 36 40 45 42 44 38 33 19 31 23 32 2 30 35 21 15 4 16 37 43 5 8 46 48 27 22 13 6 34 28 17 29 1 26 25 9 24 7 47 3 20 18 11 39 0 (value : 378)
in 0.000777 seconds (chrono time)
FROM solution: 0 9 41 34 13 23 6 7 37 5 46 48 26 28 16 8 2 1 35 19 42 21 29 39 4 25 47 22 30 38 14 31 36 3 33 24 44 27 15 20 49 32 40 17 12 45 10 43 11 18 0 (value : 1580)
TO   solution: 0 43 10 36 19 33 17 34 15 48 27 20 24 46 14 18 28 23 40 16 2 1 4 26 35 44 3 42 32 11 6 5 9 13 45 38 22 21 25 41 39 8 47 12 7 49 31 29 37 30 0 (value : 360)
in 0.000594 seconds (chrono time)
FROM solution: 0 38 20 16 4 12 6 11 15 48 10 49 42 22 26 32 8 13 18 19 2 40 5 35 24 44 3 27 47 25 23 36 46 14 37 7 29 9 43 39 1 41 31 17 28 45 30 33 21 34 0 (value : 1506)
TO   solution: 0 19 31 13 38 49 22 18 12 14 5 21 1 36 42 26 32 37 44 11 46 41 29 40 15 39 25 47 10 20 43 28 23 34 35 4 2 48 33 9 30 16 27 3 17 45 6 8 24 7 0 (value : 346)
in 0.000634 seconds (chrono time)
FROM solution: 0 23 3 38 14 32 6 7 8 13 10 36 2 27 5 29 20 26 35 19 33 1 28 30 45 25 17 49 11 37 48 46 47 21 34 22 39 12 9 4 44 15 24 43 31 41 42 40 18 16 0 (value : 1554)
TO   solution: 0 5 43 9 18 39 45 3 31 20 13 40 19 22 44 42 34 12 24 4 46 37 49 1 17 8 14 10 35 32 41 11 30 21 48 2 38 33 26 6 7 25 15 28 27 23 47 36 29 16 0 (value : 374)
in 0.000914 seconds (chrono time)
FROM solution: 0 6 26 17 4 20 24 10 48 28 44 23 9 46 37 21 25 36 7 19 2 47 30 8 41 15 11 45 29 38 31 27 32 13 33 35 40 14 49 3 5 39 42 43 1 34 12 16 22 18 0 (value : 1788)
TO   solution: 0 30 24 36 19 13 29 12 8 47 9 33 4 1 37 15 2 6 43 26 27 46 39 40 38 7 16 20 32 35 23 42 28 49 44 25 21 14 10 41 34 31 45 3 17 22 18 11 48 5 0 (value : 352)
in 0.000571 seconds (chrono time)
