N = 30
FROM solution: 0 17 1 3 29 5 8 11 6 10 23 19 16 13 18 9 26 4 12 2 20 28 22 25 7 27 24 15 21 14 0 (value : 630)
TO   solution: 0 18 21 1 16 15 22 28 2 5 3 4 10 6 11 20 17 26 8 19 27 14 7 29 12 13 24 25 9 23 0 (value : 162)
in 0.000234 seconds (chrono time)
FROM solution: 0 28 22 21 15 4 11 14 27 2 7 25 12 24 26 20 13 23 17 19 10 3 5 6 16 29 9 8 1 18 0 (value : 544)
TO   solution: 0 10 3 2 21 27 14 11 29 17 7 13 8 4 18 9 26 20 28 5 19 6 22 23 16 12 24 1 25 15 0 (value : 160)
in 0.000181 seconds (chrono time)
FROM solution: 0 19 29 28 16 2 11 5 8 14 20 12 4 15 6 13 10 17 24 23 9 1 27 3 21 7 25 22 18 26 0 (value : 582)
TO   solution: 0 23 8 10 12 5 3 6 11 17 16 20 27 14 26 25 4 21 1 24 15 18 7 2 13 22 28 29 9 19 0 (value : 158)
in 0.000207 seconds (chrono time)
FROM solution: 0 29 8 18 14 13 16 19 3 7 10 11 15 6 4 12 28 17 21 1 2 22 23 26 24 9 25 27 5 20 0 (value : 536)
TO   solution: 0 22 5 13 6 4 27 9 8 12 25 24 17 3 26 18 16 11 23 28 10 1 29 14 2 21 7 19 20 15 0 (value : 162)
in 0.00029 seconds (chrono time)
FROM solution: 0 12 16 28 22 7 24 2 29 11 26 21 4 27 3 15 10 18 17 5 20 25 23 1 14 6 8 19 9 13 0 (value : 562)
TO   solution: 0 6 3 13 26 14 10 9 24 15 17 28 22 29 12 19 16 21 5 1 18 8 27 20 25 4 2 11 7 23 0 (value : 146)
in 0.000205 seconds (chrono time)
FROM solution: 0 28 22 4 16 1 27 15 8 9 3 17 18 24 14 12 29 19 5 10 20 11 2 23 7 25 26 6 21 13 0 (value : 544)
TO   solution: 0 21 28 25 6 27 26 7 17 24 5 23 2 29 8 11 16 4 10 18 12 15 3 1 20 9 14 22 19 13 0 (value : 168)
in 0.000208 seconds (chrono time)
FROM solution: 0 11 28 6 22 1 19 7 8 23 15 3 27 10 21 13 5 16 18 20 25 29 26 9 24 2 14 12 4 17 0 (value : 502)
TO   solution: 0 22 14 12 9 24 19 13 17 27 10 25 16 5 23 26 21 3 11 8 4 2 28 15 6 29 7 1 18 20 0 (value : 156)
in 0.000218 seconds (chrono time)
FROM solution: 0 20 2 8 4 21 9 7 25 11 16 24 15 3 29 10 5 18 17 19 23 22 13 1 28 6 27 26 12 14 0 (value : 624)
TO   solution: 0 6 17 26 24 28 16 5 12 7 22 20 9 11 21 1 15 10 13 8 4 27 18 23 14 2 19 3 29 25 0 (value : 178)
in 0.000165 seconds (chrono time)
FROM solution: 0 12 2 10 11 21 8 7 6 9 5 16 15 18 13 3 4 17 29 19 14 27 26 25 28 1 20 24 22 23 0 (value : 554)
TO   solution: 0 25 20 21 18 24 27 7 13 2 5 17 16 1 8 22 29 10 3 15 6 4 19 23 12 14 11 9 28 26 0 (value : 160)
in 0.000189 seconds (chrono time)
FROM solution: 0 26 13 17 3 2 25 7 18 27 9 15 11 10 12 20 16 29 4 6 1 8 24 5 22 19 14 23 28 21 0 (value : 486)
TO   solution: 0 1 12 5 13 22 24 11 4 25 21 23 7 27 9 15 20 26 3 17 10 2 16 6 29 18 8 19 14 28 0 (value : 168)
in 0.000192 seconds (chrono time)
FROM solution: 0 5 3 9 21 7 11 29 14 22 1 23 6 20 25 12 8 17 18 19 10 24 13 4 15 2 26 28 27 16 0 (value : 550)
TO   solution: 0 29 9 7 2 8 12 28 23 14 19 16 5 18 25 13 1 17 21 24 6 20 15 3 4 27 10 26 22 11 0 (value : 182)
in 0.000169 seconds (chrono time)
FROM solution: 0 25 8 27 7 5 26 17 2 13 16 21 12 3 6 15 23 11 9 19 1 10 22 20 4 14 28 24 18 29 0 (value : 636)
TO   solution: 0 28 26 11 19 4 17 8 3 21 9 15 24 20 5 2 16 14 23 22 27 29 18 10 6 13 1 7 25 12 0 (value : 164)
in 0.000168 seconds (chrono time)
FROM solution: 0 4 7 3 28 26 10 2 17 5 1 11 27 13 22 8 24 21 6 16 23 20 14 18 19 25 9 12 29 15 0 (value : 628)
TO   solution: 0 23 3 11 20 13 17 22 7 24 19 8 26 12 6 25 10 1 21 18 14 5 16 4 2 15 9 29 28 27 0 (value : 184)
in 0.000167 seconds (chrono time)
FROM solution: 0 24 20 19 4 18 10 11 16 29 13 23 28 22 1 5 3 7 17 26 21 14 15 6 12 25 8 2 27 9 0 (value : 510)
TO   solution: 0 6 1 15 11 7 2 3 22 10 28 25 12 18 27 4 8 9 16 21 13 24 14 5 29 17 20 19 23 26 0 (value : 170)
in 0.000164 seconds (chrono time)
FROM solution: 0 6 19 3 8 14 1 26 27 9 28 11 12 13 7 15 29 4 22 18 21 24 25 23 10 20 16 17 5 2 0 (value : 522)
TO   solution: 0 6 24 1 17 22 21 19 14 16 29 23 11 28 7 18 26 8 25 15 9 3 13 20 12 27 4 10 2 5 0 (value : 172)
in 0.000322 seconds (chrono time)
FROM solution: 0 25 7 2 14 20 27 10 16 28 8 15 12 13 26 29 22 17 18 23 1 9 24 5 21 6 19 11 4 3 0 (value : 612)
TO   solution: 0 16 17 6 26 27 19 21 9 4 15 22 14 10 23 8 12 18 3 2 5 13 25 7 28 29 11 1 24 20 0 (value : 150)
in 0.000171 seconds (chrono time)
FROM solution: 0 2 9 5 29 22 8 4 24 11 14 18 25 13 7 6 27 17 1 15 10 3 12 21 28 20 26 16 23 19 0 (value : 522)
TO   solution: 0 2 6 11 3 22 19 25 5 9 8 23 24 12 21 17 20 14 27 26 16 28 1 15 10 29 13 7 4 18 0 (value : 162)
in 0.000169 seconds (chrono time)
FROM solution: 0 26 4 12 17 5 15 21 8 9 10 29 24 16 25 27 1 20 6 19 7 14 22 18 23 2 11 13 28 3 0 (value : 570)
TO   solution: 0 10 28 26 17 4 24 19 27 7 25 20 12 23 15 13 8 2 21 16 9 6 14 18 11 1 5 22 29 3 0 (value : 172)
in 0.000173 seconds (chrono time)
FROM solution: 0 8 2 3 18 6 12 1 7 22 24 11 19 25 9 17 4 15 16 26 13 21 20 14 10 27 23 5 29 28 0 (value : 452)
TO   solution: 0 23 10 27 5 26 16 29 7 22 11 17 25 2 4 3 24 14 8 9 1 21 13 20 19 15 28 6 12 18 0 (value : 164)
in 0.00017 seconds (chrono time)
FROM solution: 0 1 13 3 17 5 4 29 6 8 20 24 7 2 14 26 28 15 9 12 22 16 21 23 27 19 11 10 25 18 0 (value : 524)
TO   solution: 0 10 2 13 5 9 20 8 1 21 12 27 29 25 24 4 22 14 26 28 3 18 16 17 15 11 6 7 23 19 0 (value : 162)
in 0.000168 seconds (chrono time)
FROM solution: 0 22 27 25 4 8 6 28 21 9 1 16 11 13 5 29 26 18 12 10 14 17 23 2 24 20 19 15 7 3 0 (value : 580)
TO   solution: 0 21 19 8 27 3 9 1 22 6 12 16 4 7 29 2 10 26 18 20 23 25 28 14 24 15 13 11 5 17 0 (value : 154)
in 0.000159 seconds (chrono time)
FROM solution: 0 11 14 13 24 21 23 5 27 19 10 9 25 20 22 8 17 16 1 6 7 2 3 18 4 12 26 15 28 29 0 (value : 612)
TO   solution: 0 4 21 7 12 2 29 3 20 8 15 16 10 28 11 13 22 9 19 27 14 26 6 5 18 17 23 1 25 24 0 (value : 168)
in 0.000164 seconds (chrono time)
FROM solution: 0 1 6 26 4 18 29 20 5 9 8 28 27 23 11 16 22 17 2 24 19 12 13 25 3 7 21 15 10 14 0 (value : 568)
TO   solution: 0 20 11 13 15 12 22 5 6 23 17 18 29 8 7 26 28 16 27 9 10 4 19 3 25 1 21 14 24 2 0 (value : 160)
in 0.000212 seconds (chrono time)
FROM solution: 0 14 10 23 11 15 13 7 28 22 12 1 17 26 25 2 16 9 29 21 6 19 18 8 4 3 27 24 20 5 0 (value : 566)
TO   solution: 0 14 15 1 21 6 12 25 3 2 17 29 23 5 10 20 24 8 13 22 4 28 16 26 11 18 7 9 19 27 0 (value : 174)
in 0.000338 seconds (chrono time)
FROM solution: 0 5 6 14 4 17 26 23 8 29 27 19 11 12 13 20 16 3 22 10 2 21 28 25 15 18 24 1 7 9 0 (value : 548)
TO   solution: 0 24 23 25 10 28 6 15 13 9 4 21 26 1 27 18 12 14 20 7 11 19 3 17 16 29 8 5 22 2 0 (value : 164)
in 0.000333 seconds (chrono time)
FROM solution: 0 1 13 12 4 23 6 20 22 26 9 11 7 14 18 2 27 10 25 17 24 29 16 5 3 19 15 21 28 8 0 (value : 590)
TO   solution: 0 27 17 12 3 10 14 16 25 24 8 11 22 29 20 15 18 9 13 4 23 19 5 1 6 7 21 26 28 2 0 (value : 160)
in 0.000435 seconds (chrono time)
FROM solution: 0 1 29 3 26 13 24 19 8 5 10 15 11 25 20 4 9 28 18 22 12 6 2 23 14 7 16 27 17 21 0 (value : 580)
TO   solution: 0 25 21 22 19 27 10 4 17 28 14 29 26 16 8 6 20 15 13 12 24 18 2 7 1 9 5 11 3 23 0 (value : 162)
in 0.000416 seconds (chrono time)
FROM solution: 0 25 2 15 11 24 3 13 17 9 10 20 8 7 14 12 19 22 16 23 6 21 5 26 4 29 1 27 18 28 0 (value : 642)
TO   solution: 0 11 29 23 12 17 8 25 10 9 21 7 4 18 14 3 15 24 26 22 2 28 20 13 16 1 27 6 5 19 0 (value : 156)
in 0.000317 seconds (chrono time)
FROM solution: 0 2 7 27 12 23 8 26 16 17 9 11 10 19 25 15 13 5 18 24 20 29 14 22 6 21 4 3 28 1 0 (value : 578)
TO   solution: 0 25 10 9 20 3 14 19 8 21 11 23 4 2 15 13 24 16 29 18 6 1 5 26 22 7 27 12 17 28 0 (value : 170)
in 0.000304 seconds (chrono time)
FROM solution: 0 25 16 8 4 15 5 23 18 11 17 3 10 13 22 12 6 1 7 27 24 21 14 2 9 29 19 26 28 20 0 (value : 526)
TO   solution: 0 23 13 14 12 4 11 29 9 2 28 21 7 27 17 6 3 22 20 26 19 1 15 5 24 25 10 8 16 18 0 (value : 164)
in 0.000333 seconds (chrono time)
