N = 30
FROM solution: 0 8 20 21 15 24 11 22 6 17 4 19 12 27 23 7 18 3 10 14 5 26 9 1 2 25 16 13 28 29 0 (value : 642)
TO   solution: 0 8 7 11 26 10 24 16 28 14 17 29 27 22 15 21 3 12 19 13 4 1 5 2 18 25 20 23 9 6 0 (value : 156)
in 0.00029 seconds (chrono time)
FROM solution: 0 9 3 5 4 11 13 22 18 7 26 2 19 6 24 1 16 17 12 15 25 29 28 23 20 14 8 10 27 21 0 (value : 600)
TO   solution: 0 3 12 18 4 14 5 13 21 8 19 7 11 16 25 29 28 27 1 22 10 17 6 26 20 23 2 15 9 24 0 (value : 166)
in 0.000301 seconds (chrono time)
FROM solution: 0 25 14 4 29 5 21 7 10 22 26 23 1 6 16 13 18 15 8 19 20 3 2 12 24 11 17 27 28 9 0 (value : 654)
TO   solution: 0 16 24 9 2 8 6 23 28 22 13 14 17 27 20 7 1 25 12 19 4 15 11 10 21 5 3 29 18 26 0 (value : 170)
in 0.000276 seconds (chrono time)
FROM solution: 0 17 29 13 4 26 16 1 28 20 7 15 2 12 22 6 23 9 19 5 24 21 3 10 27 25 18 14 8 11 0 (value : 504)
TO   solution: 0 5 23 18 22 25 19 4 13 9 16 10 20 14 1 21 17 28 29 3 24 26 8 7 12 27 15 6 2 11 0 (value : 168)
in 0.000341 seconds (chrono time)
FROM solution: 0 15 9 3 27 23 21 17 7 24 13 6 12 1 19 10 22 11 18 28 20 25 2 5 4 29 16 26 8 14 0 (value : 516)
TO   solution: 0 25 1 26 16 20 29 5 27 11 19 15 23 21 24 8 13 7 17 28 3 2 6 14 9 18 12 4 22 10 0 (value : 158)
in 0.000295 seconds (chrono time)
FROM solution: 0 4 3 24 1 29 5 7 10 14 13 11 8 27 6 2 15 19 20 28 21 9 22 23 16 25 12 18 17 26 0 (value : 670)
TO   solution: 0 1 13 28 7 8 25 26 21 3 2 4 19 5 12 16 14 15 23 6 17 10 27 9 22 29 24 20 11 18 0 (value : 176)
in 0.000166 seconds (chrono time)
FROM solution: 0 8 19 11 23 5 28 25 1 4 17 9 2 26 6 15 22 3 18 12 20 16 10 21 27 14 13 24 7 29 0 (value : 696)
TO   solution: 0 16 25 21 7 20 5 23 26 4 8 22 1 2 13 10 11 14 28 9 12 15 27 6 19 29 17 18 24 3 0 (value : 162)
in 0.000168 seconds (chrono time)
FROM solution: 0 1 4 10 13 12 20 17 2 19 11 3 22 6 16 29 18 7 9 21 23 8 28 24 14 27 26 25 15 5 0 (value : 588)
TO   solution: 0 25 18 3 11 2 27 17 6 15 9 23 16 7 22 12 28 19 8 4 13 5 10 20 29 1 21 14 26 24 0 (value : 152)
in 0.000238 seconds (chrono time)
FROM solution: 0 3 16 9 27 1 6 15 10 17 11 8 14 20 2 22 18 13 26 23 4 25 29 12 19 21 24 5 7 28 0 (value : 608)
TO   solution: 0 17 28 1 29 12 24 11 8 18 22 23 13 9 26 3 6 21 27 14 7 2 4 16 20 25 5 15 19 10 0 (value : 194)
in 0.000232 seconds (chrono time)
FROM solution: 0 1 22 25 19 10 16 7 9 15 27 14 2 21 13 23 11 17 6 18 4 28 5 24 26 3 20 12 8 29 0 (value : 616)
TO   solution: 0 27 29 22 15 4 17 24 26 7 16 21 9 5 2 20 10 18 25 6 11 23 1 13 12 28 14 8 3 19 0 (value : 176)
in 0.000224 seconds (chrono time)
FROM solution: 0 8 2 17 4 18 11 14 21 13 3 24 12 20 19 10 22 29 28 16 6 1 27 23 7 25 26 9 15 5 0 (value : 616)
TO   solution: 0 23 17 1 27 11 9 8 25 20 19 3 13 14 6 2 18 28 22 15 21 4 29 7 10 12 24 16 26 5 0 (value : 166)
in 0.000223 seconds (chrono time)
FROM solution: 0 27 21 18 29 26 5 7 8 15 25 9 13 14 4 10 20 23 3 11 28 17 6 12 19 2 22 24 1 16 0 (value : 572)
TO   solution: 0 12 19 21 18 27 11 14 25 1 10 4 23 7 13 24 8 15 29 16 28 17 5 3 9 22 6 20 26 2 0 (value : 154)
in 0.000234 seconds (chrono time)
FROM solution: 0 28 2 21 27 9 25 18 12 10 17 13 5 11 14 8 16 7 6 19 3 20 4 23 22 29 26 1 15 24 0 (value : 528)
TO   solution: 0 9 7 18 5 14 28 20 21 29 2 10 27 13 26 17 16 11 23 6 25 4 12 15 8 1 22 19 3 24 0 (value : 162)
in 0.000163 seconds (chrono time)
FROM solution: 0 9 3 15 2 29 10 7 27 6 17 1 12 18 24 14 16 21 8 23 25 26 4 19 5 20 22 11 28 13 0 (value : 574)
TO   solution: 0 4 27 23 28 1 16 18 17 5 19 6 11 20 21 14 15 12 24 13 2 10 22 7 29 3 8 26 25 9 0 (value : 174)
in 0.000162 seconds (chrono time)
FROM solution: 0 16 24 25 3 12 1 5 14 8 27 11 21 17 29 4 19 13 18 2 26 23 10 20 15 6 7 9 28 22 0 (value : 580)
TO   solution: 0 16 6 26 3 12 28 23 24 8 27 13 14 15 5 17 21 10 7 29 4 20 1 9 11 18 22 19 25 2 0 (value : 168)
in 0.000222 seconds (chrono time)
FROM solution: 0 12 6 9 27 16 2 28 24 7 20 13 19 22 14 15 26 8 18 21 17 5 29 23 11 25 1 10 3 4 0 (value : 618)
TO   solution: 0 22 5 26 15 28 23 9 7 10 1 8 24 2 17 3 11 27 16 25 18 21 4 6 29 13 19 12 14 20 0 (value : 170)
in 0.00023 seconds (chrono time)
FROM solution: 0 10 21 25 15 19 17 23 8 3 24 2 16 4 18 26 9 1 20 6 12 27 22 11 28 7 13 5 14 29 0 (value : 640)
TO   solution: 0 13 22 16 18 24 14 19 28 23 29 5 20 8 4 1 27 17 25 11 7 6 15 12 26 9 2 21 3 10 0 (value : 180)
in 0.000226 seconds (chrono time)
FROM solution: 0 1 6 13 15 24 11 4 29 18 9 27 12 3 23 2 5 28 7 19 20 21 22 10 8 25 16 14 17 26 0 (value : 556)
TO   solution: 0 12 13 11 27 7 26 15 18 9 23 24 5 4 19 16 20 10 22 28 3 14 17 1 8 21 6 29 2 25 0 (value : 194)
in 0.000164 seconds (chrono time)
FROM solution: 0 16 20 11 22 5 3 28 1 24 19 15 12 13 9 7 4 18 23 8 14 6 17 25 29 26 2 27 21 10 0 (value : 602)
TO   solution: 0 13 15 6 17 27 14 5 9 7 29 23 28 16 8 18 19 21 1 24 20 10 4 3 25 2 11 26 22 12 0 (value : 174)
in 0.000164 seconds (chrono time)
FROM solution: 0 9 29 4 24 27 7 13 12 3 19 17 8 20 11 15 26 1 18 5 10 6 23 2 21 25 16 22 28 14 0 (value : 610)
TO   solution: 0 10 21 22 7 9 27 13 29 18 4 25 17 28 8 26 2 24 12 23 5 1 3 14 20 11 19 16 15 6 0 (value : 152)
in 0.000172 seconds (chrono time)
FROM solution: 0 20 15 14 21 18 1 13 16 23 6 10 19 7 5 27 29 17 26 8 12 4 22 3 25 11 28 24 9 2 0 (value : 598)
TO   solution: 0 4 10 11 28 5 25 20 8 15 18 19 16 24 14 1 12 2 3 13 26 29 6 22 7 9 23 21 17 27 0 (value : 164)
in 0.000166 seconds (chrono time)
FROM solution: 0 8 26 2 29 28 11 20 22 19 10 12 3 1 14 25 15 6 18 17 4 16 7 23 24 13 5 27 21 9 0 (value : 528)
TO   solution: 0 24 3 11 4 8 1 2 16 26 6 15 21 9 18 19 14 12 29 17 22 5 25 20 10 23 13 7 27 28 0 (value : 162)
in 0.000161 seconds (chrono time)
FROM solution: 0 12 14 18 4 29 2 15 9 10 5 7 16 3 25 1 17 24 22 11 20 21 6 27 13 23 19 28 26 8 0 (value : 640)
TO   solution: 0 1 15 10 13 11 14 21 28 19 7 9 8 6 20 25 3 22 5 29 24 27 26 16 12 4 17 23 2 18 0 (value : 190)
in 0.000405 seconds (chrono time)
FROM solution: 0 8 10 2 9 1 12 13 27 28 25 22 3 4 14 15 21 16 29 26 20 11 18 23 6 5 7 19 17 24 0 (value : 628)
TO   solution: 0 4 14 7 6 11 18 15 12 9 16 3 8 24 10 28 13 22 21 27 20 26 25 17 23 2 29 1 5 19 0 (value : 172)
in 0.000183 seconds (chrono time)
FROM solution: 0 18 24 3 9 16 2 12 6 26 10 20 5 13 17 15 14 1 4 11 7 21 22 8 27 23 28 19 25 29 0 (value : 666)
TO   solution: 0 20 24 10 11 26 5 2 18 14 27 9 29 13 7 17 16 6 22 19 12 25 23 21 28 15 1 3 4 8 0 (value : 170)
in 0.000181 seconds (chrono time)
FROM solution: 0 28 18 8 4 5 22 9 1 3 10 2 24 13 17 7 16 15 25 19 20 11 6 14 23 29 26 27 12 21 0 (value : 564)
TO   solution: 0 12 9 8 25 19 5 13 16 24 11 28 18 20 27 6 14 3 21 7 4 1 26 22 29 17 23 10 15 2 0 (value : 182)
in 0.000196 seconds (chrono time)
FROM solution: 0 4 27 26 15 23 13 7 22 6 24 19 29 18 1 9 11 17 16 14 5 21 20 8 10 3 25 2 28 12 0 (value : 680)
TO   solution: 0 17 5 21 27 25 20 19 13 22 3 6 26 28 11 24 23 12 4 8 7 10 1 2 14 15 29 16 18 9 0 (value : 180)
in 0.000191 seconds (chrono time)
FROM solution: 0 25 23 29 16 15 10 7 19 2 18 28 11 3 12 6 27 17 8 21 14 13 9 1 24 20 5 26 22 4 0 (value : 664)
TO   solution: 0 11 1 27 2 20 21 14 25 3 5 7 28 8 24 12 4 22 15 6 29 19 18 13 26 16 23 17 10 9 0 (value : 186)
in 0.00031 seconds (chrono time)
FROM solution: 0 1 6 10 29 5 3 17 8 26 16 23 22 13 20 21 11 4 18 27 7 9 12 15 24 14 28 19 2 25 0 (value : 494)
TO   solution: 0 29 18 15 23 9 19 12 14 17 20 11 16 28 26 6 8 7 5 3 10 21 4 1 13 27 24 22 2 25 0 (value : 158)
in 0.000358 seconds (chrono time)
FROM solution: 0 19 24 1 15 29 6 18 20 11 10 27 28 13 25 14 16 23 17 12 3 8 22 21 5 26 7 4 2 9 0 (value : 744)
TO   solution: 0 27 21 20 13 14 19 16 2 12 22 23 1 25 28 18 26 3 8 15 29 10 9 4 24 17 6 11 5 7 0 (value : 174)
in 0.000359 seconds (chrono time)
