N = 100
FROM solution: 0 1 71 72 43 87 6 17 39 55 10 45 11 91 14 53 12 34 63 16 2 9 7 58 41 88 74 40 28 96 5 31 32 70 94 79 15 78 80 8 89 4 42 21 44 54 52 26 81 49 50 51 85 97 69 59 98 73 13 23 18 92 25 99 75 86 24 36 33 22 56 84 19 65 37 64 76 61 93 20 3 77 46 83 82 62 57 68 27 67 90 60 95 47 66 35 29 30 48 38 0 (value : 6290)
TO   solution: 0 82 28 21 44 85 79 31 57 8 73 9 33 10 66 98 58 7 94 17 19 15 23 76 78 67 3 27 61 60 97 87 41 70 42 83 45 95 72 89 63 74 25 4 90 88 22 77 36 29 14 47 81 5 13 54 40 65 64 30 20 69 2 59 39 62 1 96 12 43 6 26 16 91 32 46 48 84 92 80 99 56 86 35 53 52 51 68 49 93 50 11 34 24 75 71 37 18 55 38 0 (value : 1026)
in 0.003887 seconds (chrono time)
FROM solution: 0 59 66 15 4 5 91 76 77 83 64 80 10 84 37 7 57 34 1 62 58 22 92 52 9 60 78 32 28 24 16 23 69 38 56 35 86 8 75 19 40 68 42 47 26 45 65 73 48 17 33 70 82 53 54 11 63 18 99 13 3 41 36 30 2 87 89 67 25 61 21 71 90 49 88 44 27 12 46 6 50 81 39 85 31 97 98 20 72 43 55 74 51 79 94 95 96 14 29 93 0 (value : 6802)
TO   solution: 0 1 12 64 67 44 10 50 73 34 26 53 71 30 63 57 13 86 88 6 43 98 21 46 91 42 89 87 58 24 2 90 29 61 51 72 47 74 70 54 25 80 82 96 40 84 3 38 18 85 94 59 35 19 68 39 56 65 11 62 9 77 92 15 22 97 36 17 69 41 16 78 27 81 49 95 93 14 48 37 75 31 4 52 45 99 33 83 23 20 8 55 79 5 7 32 76 28 60 66 0 (value : 988)
in 0.003914 seconds (chrono time)
FROM solution: 0 20 4 72 44 67 98 40 77 97 34 87 33 63 81 37 62 26 10 17 13 28 22 23 73 27 80 68 9 64 56 31 32 69 52 30 53 35 14 41 82 88 51 95 29 45 58 47 16 49 5 12 83 61 54 7 57 94 6 59 48 24 91 50 38 70 66 8 25 43 21 1 86 65 74 60 76 75 78 79 89 42 36 55 84 85 3 46 18 2 90 19 11 93 96 71 39 15 92 99 0 (value : 7110)
TO   solution: 0 31 40 41 54 80 10 72 5 63 61 28 17 97 29 60 93 64 95 11 8 13 18 33 67 3 59 79 69 94 84 1 82 70 42 77 20 2 81 26 36 50 48 58 47 7 83 52 99 91 55 75 96 6 73 62 32 57 53 24 71 23 87 19 25 66 37 9 34 43 88 22 15 76 56 65 4 98 14 44 92 21 85 35 12 51 74 68 78 45 90 30 46 89 39 38 49 86 27 16 0 (value : 984)
in 0.003807 seconds (chrono time)
FROM solution: 0 52 48 50 60 8 43 72 53 28 44 94 63 34 14 70 4 73 25 37 49 45 22 23 90 11 26 99 61 84 29 32 66 87 83 15 27 31 88 13 56 77 42 89 59 35 97 93 24 92 19 62 79 40 85 58 95 7 5 21 9 30 16 36 64 57 54 91 2 1 55 10 78 3 69 75 67 18 12 51 20 68 82 17 65 38 86 41 46 6 81 96 74 47 39 71 76 80 98 33 0 (value : 6724)
TO   solution: 0 40 19 90 27 97 36 73 43 16 76 60 20 88 69 9 15 72 33 67 78 89 64 8 56 35 71 70 37 46 52 79 53 57 2 95 22 34 84 14 62 58 17 47 83 41 59 25 93 81 24 86 11 54 13 3 50 65 91 98 21 55 75 42 18 1 38 82 74 51 10 94 7 61 99 48 45 29 30 5 44 28 68 4 26 80 77 32 96 63 66 87 49 23 12 31 39 85 6 92 0 (value : 1026)
in 0.003832 seconds (chrono time)
FROM solution: 0 68 82 54 78 22 83 39 5 30 84 31 40 71 91 15 80 62 74 19 34 21 28 66 61 45 4 99 26 95 23 50 33 1 89 25 36 11 2 72 92 37 42 43 59 48 29 17 13 44 32 73 53 12 14 55 56 57 27 81 60 58 38 96 64 8 98 93 86 88 3 9 65 35 69 79 76 77 46 70 18 85 6 52 7 63 47 87 97 75 90 10 41 67 94 20 51 16 49 24 0 (value : 6492)
TO   solution: 0 9 40 98 14 91 81 99 95 60 17 30 44 87 64 12 27 96 84 34 7 83 13 62 4 42 51 63 65 57 35 69 49 85 59 50 82 70 29 20 77 24 80 26 23 68 39 67 5 45 58 73 31 53 46 90 6 36 56 54 55 61 47 22 97 86 33 76 79 71 1 66 10 89 3 15 88 32 37 93 38 74 41 19 25 75 78 18 11 2 94 8 43 16 72 48 28 21 52 92 0 (value : 1006)
in 0.003864 seconds (chrono time)
FROM solution: 0 1 58 69 43 62 73 89 46 78 4 37 12 96 40 94 93 52 19 59 53 92 84 98 61 29 8 82 38 67 30 7 75 88 34 64 36 66 33 39 48 95 79 68 3 15 83 54 20 57 50 14 28 16 76 22 71 21 45 31 65 11 44 63 5 26 72 47 6 24 13 51 27 23 74 97 35 77 10 55 80 18 90 17 25 70 86 87 42 85 32 91 49 60 81 2 9 41 56 99 0 (value : 6620)
TO   solution: 0 53 54 35 93 49 42 20 61 47 57 11 89 28 36 62 79 58 97 65 52 33 86 25 7 70 67 88 5 66 39 16 77 10 99 9 19 24 78 44 31 12 60 75 2 55 1 96 21 64 18 41 91 87 94 85 32 26 59 14 13 23 38 72 51 8 46 4 3 30 90 17 83 29 74 92 40 34 95 50 43 37 56 45 6 71 73 22 15 80 63 81 76 98 48 69 82 68 27 84 0 (value : 1074)
in 0.003788 seconds (chrono time)
FROM solution: 0 46 50 3 47 17 19 16 41 20 52 2 12 21 14 31 97 15 55 42 86 25 13 53 81 84 26 27 82 11 49 60 32 95 39 90 36 89 40 28 37 38 73 35 69 98 1 29 76 99 4 51 59 5 62 79 56 57 58 10 33 9 74 48 94 63 66 87 96 30 77 71 72 67 64 68 91 65 43 34 93 70 23 85 7 78 22 54 24 88 83 18 61 80 45 8 44 92 6 75 0 (value : 6324)
TO   solution: 0 96 29 9 62 11 59 4 78 5 3 69 64 30 28 58 32 26 7 22 23 18 66 98 40 17 71 61 53 1 36 88 97 38 13 55 87 21 42 31 91 89 54 25 20 80 60 90 48 24 37 41 84 6 27 39 45 44 86 12 94 77 76 70 46 19 2 79 43 8 83 99 47 73 35 10 72 34 95 57 65 85 56 16 33 93 81 49 50 63 14 15 67 52 75 74 82 92 68 51 0 (value : 1060)
in 0.016585 seconds (chrono time)
FROM solution: 0 75 88 47 24 5 74 18 62 9 50 55 63 46 14 15 3 84 13 53 67 51 28 77 19 35 49 37 72 34 10 8 32 38 96 44 42 31 12 30 95 27 98 52 86 16 17 99 64 97 85 21 80 73 45 36 7 83 40 59 26 22 89 82 48 54 56 58 11 4 60 71 69 90 1 6 76 20 78 70 61 25 68 33 29 65 2 87 79 41 57 91 92 93 81 43 94 66 39 23 0 (value : 6756)
TO   solution: 0 55 73 59 78 20 68 86 26 7 40 9 71 99 35 90 89 56 80 2 54 41 8 48 24 76 30 82 44 83 53 92 23 85 19 51 11 22 14 37 5 66 63 88 97 57 38 94 43 34 29 21 52 1 67 70 77 95 64 27 62 31 17 93 33 74 36 98 91 60 13 32 47 79 69 84 75 18 42 15 4 65 28 39 45 12 72 58 46 50 6 10 25 96 81 49 61 16 3 87 0 (value : 1014)
in 0.003885 seconds (chrono time)
FROM solution: 0 14 4 44 49 54 1 8 55 28 37 79 36 2 48 98 25 66 77 3 68 64 61 6 72 32 95 67 60 29 30 83 9 96 69 70 90 56 88 35 82 27 78 75 10 16 39 22 93 19 50 51 13 53 62 42 24 21 65 94 47 89 5 12 86 26 84 17 92 87 7 34 74 73 58 20 99 52 40 41 80 81 31 71 59 57 45 18 38 23 46 43 91 11 85 63 33 97 15 76 0 (value : 6878)
TO   solution: 0 85 98 74 3 78 24 20 75 56 27 82 23 10 86 84 64 72 55 15 80 97 11 44 22 95 66 8 16 94 69 89 25 39 79 61 1 87 2 6 33 62 68 54 36 19 43 41 28 38 5 83 46 13 37 45 31 99 81 90 92 48 91 12 73 32 40 49 59 34 53 71 70 35 50 26 96 58 51 18 42 63 17 77 88 4 93 21 57 65 60 67 76 52 47 9 14 29 30 7 0 (value : 1018)
in 0.003897 seconds (chrono time)
FROM solution: 0 23 38 60 3 69 87 39 62 34 30 11 29 16 8 79 65 4 94 14 20 49 22 92 53 10 97 77 17 21 86 31 54 72 98 6 27 84 82 96 33 26 2 74 71 99 56 58 48 85 90 51 52 24 64 91 59 57 83 55 19 68 15 25 32 12 50 67 5 1 42 76 37 13 63 28 78 46 41 36 40 7 35 9 80 44 47 18 70 89 81 61 75 45 93 95 73 43 88 66 0 (value : 6654)
TO   solution: 0 1 53 89 46 30 80 59 56 71 25 91 3 66 36 82 96 47 15 81 62 51 20 5 74 32 83 75 19 22 55 94 7 17 18 93 31 35 85 38 92 41 44 50 45 40 33 67 39 24 28 43 90 54 95 42 13 29 6 23 63 37 68 98 11 48 84 65 27 26 73 97 58 70 14 49 69 8 78 10 64 87 72 9 34 16 21 99 52 57 61 2 4 77 79 86 60 88 76 12 0 (value : 1024)
in 0.003958 seconds (chrono time)
