N = 90
FROM solution: 0 16 39 27 4 85 72 6 8 79 69 41 35 68 14 81 83 53 18 46 49 15 12 1 51 80 84 9 44 59 32 40 19 63 34 75 36 48 38 71 24 77 10 67 11 45 17 42 37 43 2 7 88 13 62 5 26 33 31 20 60 61 89 73 64 76 87 47 22 3 70 50 57 23 52 74 78 55 65 58 56 28 82 25 29 21 30 66 86 54 0 (value : 5422)
TO   solution: 0 46 52 42 15 60 22 73 63 77 56 49 71 14 40 12 74 9 25 38 41 83 61 36 70 35 66 39 27 53 34 13 28 10 64 32 44 80 51 85 33 50 20 72 23 24 65 55 79 16 54 18 31 62 21 37 30 78 17 68 6 47 67 26 59 7 69 19 43 3 86 1 5 82 58 88 2 11 48 4 45 29 87 76 75 84 57 81 8 89 0 (value : 844)
in 0.00619 seconds (chrono time)
FROM solution: 0 1 62 75 5 53 87 52 8 47 73 36 49 29 31 15 16 58 28 80 14 25 78 17 56 66 70 27 18 82 48 68 54 45 57 33 88 79 7 12 67 10 42 46 60 74 86 21 30 77 50 51 38 4 85 19 44 11 32 3 64 63 55 9 43 37 20 59 69 34 81 61 40 22 26 72 76 83 84 24 65 39 2 71 6 35 23 13 41 89 0 (value : 5316)
TO   solution: 0 58 15 54 63 49 9 52 89 36 13 78 24 87 23 50 29 27 85 79 72 1 14 77 44 41 19 81 67 68 83 62 26 10 64 5 59 2 69 53 20 22 11 25 30 70 73 40 80 18 12 86 82 43 35 57 46 55 75 33 6 66 34 61 48 56 39 88 51 71 45 42 31 47 28 21 38 4 65 84 32 17 60 74 16 76 3 8 37 7 0 (value : 896)
in 0.005446 seconds (chrono time)
FROM solution: 0 1 2 18 81 59 6 28 26 24 86 74 41 85 14 17 76 11 32 64 29 79 22 23 8 44 25 88 12 70 38 89 67 83 47 35 36 73 56 68 53 72 15 33 13 71 4 10 48 49 21 69 19 39 42 84 31 37 66 87 58 61 62 75 43 27 54 30 45 60 9 80 55 3 65 5 52 16 77 50 7 46 82 63 78 40 34 51 20 57 0 (value : 5412)
TO   solution: 0 55 18 47 57 69 73 66 20 79 10 63 52 4 60 7 67 2 40 29 27 38 81 56 23 21 24 33 89 71 43 19 16 58 15 8 41 14 86 76 35 77 44 50 28 48 53 12 1 39 83 9 78 22 82 30 54 85 49 74 11 87 51 62 61 34 26 75 36 13 46 72 25 64 3 42 65 88 70 31 68 59 6 32 5 45 80 84 17 37 0 (value : 904)
in 0.005407 seconds (chrono time)
FROM solution: 0 1 64 57 88 5 71 41 58 37 85 49 73 78 14 3 52 80 38 66 20 56 43 23 33 10 77 84 47 65 69 75 32 72 70 40 36 15 22 53 24 31 12 60 44 17 46 30 89 55 50 9 16 2 62 18 48 34 8 59 27 61 54 63 86 4 19 83 29 26 28 68 74 76 79 25 67 7 45 11 39 81 82 13 6 21 42 87 35 51 0 (value : 5596)
TO   solution: 0 47 11 82 49 55 66 16 65 80 23 75 69 32 39 42 59 79 87 64 61 10 89 88 71 9 62 15 40 56 44 45 54 14 21 1 7 5 35 51 26 68 73 22 83 58 12 31 78 24 57 86 8 27 63 60 18 43 4 48 76 74 37 38 6 33 34 84 50 77 52 81 2 30 41 19 28 53 67 36 17 13 25 29 85 70 3 46 72 20 0 (value : 950)
in 0.005259 seconds (chrono time)
FROM solution: 0 10 21 26 76 69 6 34 8 9 39 87 48 81 85 75 16 17 1 19 20 53 66 82 79 13 50 60 28 29 67 47 88 33 44 22 14 43 38 54 37 41 80 73 7 27 46 63 56 68 11 51 35 31 4 55 89 3 49 71 59 2 52 15 62 24 65 30 23 45 70 36 58 72 74 64 12 86 57 77 40 18 83 84 61 32 78 42 25 5 0 (value : 5714)
TO   solution: 0 47 72 67 28 27 4 44 74 24 5 40 43 38 82 6 76 26 85 36 52 79 41 8 18 7 19 45 71 78 58 73 80 33 42 14 69 2 68 12 13 53 61 57 88 3 64 39 62 70 23 65 81 77 54 51 1 11 35 59 84 21 55 31 30 16 46 75 86 25 49 48 89 17 50 32 15 60 34 63 29 10 56 20 87 66 22 9 37 83 0 (value : 898)
in 0.004627 seconds (chrono time)
FROM solution: 0 75 59 89 12 66 3 73 38 54 30 61 8 22 34 11 72 83 87 19 82 41 69 28 85 25 26 37 77 46 67 51 60 10 78 7 47 27 53 43 1 2 17 35 44 45 14 56 36 80 57 79 52 63 16 55 18 24 58 39 74 29 62 31 48 49 64 32 81 20 88 6 68 65 33 5 40 21 23 84 50 71 15 4 9 42 86 70 76 13 0 (value : 5492)
TO   solution: 0 88 23 48 32 26 82 45 69 83 59 7 12 44 86 70 39 56 78 31 76 89 13 55 40 15 10 46 64 50 71 34 8 79 52 2 72 21 5 60 51 9 80 35 18 65 47 84 25 19 73 33 57 43 36 81 20 16 58 77 17 87 27 74 37 41 29 14 3 24 38 62 6 66 61 85 11 22 75 4 49 67 68 28 30 42 54 63 1 53 0 (value : 892)
in 0.005001 seconds (chrono time)
FROM solution: 0 63 78 11 57 89 54 46 34 9 45 49 72 30 59 15 13 17 79 19 61 88 41 23 35 33 81 50 65 27 8 86 52 56 4 42 3 14 73 21 66 69 51 43 10 64 32 37 16 82 29 26 47 53 75 67 22 80 25 44 68 39 55 1 83 40 6 76 60 18 70 71 12 24 74 48 77 87 84 58 20 38 28 5 62 85 31 7 2 36 0 (value : 5310)
TO   solution: 0 62 15 54 80 67 25 44 28 72 23 65 40 31 18 27 20 21 85 60 14 70 74 56 3 39 38 75 2 36 8 1 51 32 71 59 78 7 89 42 24 81 34 12 29 19 69 10 43 87 49 66 13 68 35 17 26 61 22 4 79 76 52 86 48 37 82 47 55 11 83 53 6 5 16 46 30 77 57 45 9 84 63 33 73 88 64 50 41 58 0 (value : 906)
in 0.004453 seconds (chrono time)
FROM solution: 0 38 53 4 19 89 50 57 51 11 22 67 81 35 12 41 20 54 80 71 16 21 10 9 66 61 17 27 42 29 76 48 32 33 34 77 63 74 79 39 6 7 55 46 44 14 70 31 28 23 26 47 52 5 13 30 56 64 82 59 25 36 58 49 1 24 86 72 68 73 87 83 45 37 2 43 85 65 78 8 62 75 88 60 15 18 69 84 3 40 0 (value : 5486)
TO   solution: 0 30 12 78 72 27 13 6 25 16 44 22 46 75 38 73 23 88 70 24 35 36 37 59 82 83 8 29 77 54 50 56 69 68 18 31 84 64 17 41 86 66 33 28 49 58 62 19 89 26 10 40 52 11 5 55 7 71 1 48 65 3 51 81 45 67 2 14 74 85 4 15 9 39 76 47 21 57 79 43 53 87 80 20 60 63 42 32 61 34 0 (value : 854)
in 0.004541 seconds (chrono time)
FROM solution: 0 64 74 3 4 5 6 50 88 44 83 65 29 76 8 58 75 67 32 19 20 80 12 1 24 25 33 17 81 10 53 31 69 45 68 51 57 60 2 39 40 28 70 48 59 85 46 47 14 26 21 43 52 13 18 55 89 71 35 38 77 27 62 63 23 16 49 61 7 15 56 42 72 79 54 37 34 66 30 73 78 11 9 86 84 36 87 22 82 41 0 (value : 5762)
TO   solution: 0 62 40 50 80 75 8 11 72 48 12 82 29 53 9 83 18 37 22 69 60 31 79 61 81 14 49 23 55 45 28 25 26 3 5 88 59 10 87 76 70 17 2 52 4 54 56 85 66 13 16 27 38 63 1 20 67 41 39 58 32 44 84 7 47 46 34 21 19 68 51 89 6 24 35 64 36 77 57 65 78 73 33 71 74 15 43 30 42 86 0 (value : 898)
in 0.004435 seconds (chrono time)
FROM solution: 0 12 24 40 38 68 85 61 71 9 67 37 19 48 65 43 54 33 36 8 18 76 64 4 1 23 26 29 27 79 69 31 25 70 34 35 88 15 46 45 21 17 42 52 73 44 32 41 13 39 22 6 82 55 28 5 56 74 59 49 62 11 20 63 60 80 58 10 66 84 53 86 72 2 16 75 3 51 81 50 57 47 78 83 77 14 30 7 87 89 0 (value : 5258)
TO   solution: 0 6 71 63 45 61 58 19 31 24 51 88 18 11 36 69 50 29 52 49 56 87 12 74 78 47 54 35 43 14 25 81 16 70 67 57 20 28 17 21 73 26 82 27 33 40 75 44 7 23 46 1 30 77 66 62 32 37 5 65 68 34 41 79 4 2 38 39 3 85 10 48 9 8 84 60 64 22 76 80 13 59 72 86 89 15 83 55 42 53 0 (value : 840)
in 0.004446 seconds (chrono time)
