N = 30
FROM solution: 0 6 9 25 8 7 26 10 24 28 16 14 17 29 27 22 15 21 3 12 19 2 18 13 5 1 4 23 20 11 0 (value : 210)
TO   solution: 0 8 7 11 26 10 24 28 16 14 17 29 27 22 15 21 3 12 19 13 4 1 5 2 18 25 9 23 20 6 0 (value : 156)
in 0.000384 seconds (chrono time)
FROM solution: 0 24 9 15 23 2 12 18 14 4 5 13 21 8 19 7 25 11 16 29 28 27 1 22 6 17 10 3 26 20 0 (value : 184)
TO   solution: 0 3 10 17 6 22 1 27 28 29 25 11 16 7 19 8 21 13 5 4 14 18 12 2 23 15 20 26 9 24 0 (value : 164)
in 0.000407 seconds (chrono time)
FROM solution: 0 26 29 18 16 24 9 2 8 6 23 28 22 13 14 17 27 25 15 11 10 1 21 4 12 19 5 3 7 20 0 (value : 212)
TO   solution: 0 16 24 2 9 6 8 23 28 22 13 14 17 27 25 12 19 4 15 11 10 1 20 7 18 21 5 3 29 26 0 (value : 180)
in 0.000361 seconds (chrono time)
FROM solution: 0 11 2 6 15 27 8 26 24 3 29 28 17 21 1 10 16 9 20 14 5 23 25 18 22 4 19 13 12 7 0 (value : 214)
TO   solution: 0 5 23 18 22 25 19 4 13 9 16 10 1 21 17 28 29 3 14 20 24 26 8 12 7 27 15 6 2 11 0 (value : 170)
in 0.000232 seconds (chrono time)
FROM solution: 0 22 10 1 26 16 20 5 29 27 11 19 15 23 24 8 7 28 17 3 2 6 14 9 18 12 4 25 21 13 0 (value : 224)
TO   solution: 0 4 12 18 9 14 6 2 3 28 17 7 13 8 23 24 21 15 19 11 22 10 27 5 29 20 16 26 1 25 0 (value : 160)
in 0.000325 seconds (chrono time)
FROM solution: 0 1 13 28 25 8 7 18 11 24 29 20 2 4 19 5 16 12 15 14 23 6 27 9 10 17 22 3 21 26 0 (value : 218)
TO   solution: 0 1 13 28 7 8 25 26 21 3 2 4 19 5 16 12 14 15 23 6 17 10 27 9 22 20 29 24 11 18 0 (value : 176)
in 0.000374 seconds (chrono time)
FROM solution: 0 3 24 18 17 19 28 14 9 6 27 15 12 29 1 22 26 4 8 2 13 10 11 23 5 20 7 21 25 16 0 (value : 180)
TO   solution: 0 3 24 18 17 29 19 6 15 27 12 9 28 14 11 10 13 2 8 4 26 22 1 23 5 20 7 21 25 16 0 (value : 162)
in 0.000376 seconds (chrono time)
FROM solution: 0 25 14 24 26 18 21 3 11 2 27 6 17 15 9 23 16 7 22 12 28 19 8 4 13 5 1 29 20 10 0 (value : 164)
TO   solution: 0 26 24 14 21 1 29 20 10 5 13 4 8 19 28 12 22 7 16 23 9 15 17 6 27 2 11 3 18 25 0 (value : 152)
in 0.000358 seconds (chrono time)
FROM solution: 0 10 19 18 8 22 23 11 24 17 29 12 9 26 14 7 2 27 21 6 3 1 28 13 4 16 20 25 5 15 0 (value : 226)
TO   solution: 0 17 28 1 29 12 9 13 24 11 18 8 22 23 14 26 3 6 21 27 7 2 4 16 20 25 5 15 19 10 0 (value : 188)
in 0.000377 seconds (chrono time)
FROM solution: 0 19 3 8 27 29 22 15 4 17 24 26 7 9 5 2 20 10 18 6 25 11 14 1 23 13 12 28 21 16 0 (value : 224)
TO   solution: 0 29 22 15 4 17 24 26 7 9 21 16 5 2 20 10 18 25 6 11 14 1 23 13 12 28 27 8 3 19 0 (value : 172)
in 0.000383 seconds (chrono time)
FROM solution: 0 5 26 17 1 27 11 9 19 14 6 13 3 20 25 8 23 10 12 24 16 7 21 15 22 4 29 2 18 28 0 (value : 224)
TO   solution: 0 5 26 16 24 12 10 7 15 21 22 28 18 2 4 29 27 1 11 9 19 14 6 13 3 20 25 8 23 17 0 (value : 176)
in 0.000375 seconds (chrono time)
FROM solution: 0 12 2 26 20 6 22 9 3 17 28 16 29 15 8 24 7 13 23 4 10 1 25 14 11 27 18 19 21 5 0 (value : 204)
TO   solution: 0 12 19 21 18 27 11 14 25 1 10 4 23 7 13 24 8 15 16 29 5 28 17 3 9 22 6 20 26 2 0 (value : 154)
in 0.000182 seconds (chrono time)
FROM solution: 0 24 8 15 19 3 22 1 12 4 25 6 23 11 26 17 16 7 18 9 5 14 28 21 29 2 27 13 10 20 0 (value : 202)
TO   solution: 0 9 7 18 5 14 28 20 21 29 2 10 27 13 26 16 17 11 23 6 25 4 12 15 8 1 22 3 19 24 0 (value : 162)
in 0.000193 seconds (chrono time)
FROM solution: 0 9 25 26 8 3 29 7 22 10 2 13 24 12 14 21 20 11 4 27 28 1 16 23 18 17 5 19 6 15 0 (value : 198)
TO   solution: 0 9 25 26 8 3 29 7 22 10 2 13 24 12 15 14 21 20 11 6 19 5 17 18 1 16 23 28 27 4 0 (value : 174)
in 0.000177 seconds (chrono time)
FROM solution: 0 11 18 9 4 1 20 22 19 2 25 23 28 12 6 16 3 26 8 27 24 29 17 21 10 7 5 15 13 14 0 (value : 208)
TO   solution: 0 25 2 19 22 20 1 4 29 7 10 21 17 5 15 13 14 27 24 8 26 3 6 16 12 28 23 9 18 11 0 (value : 166)
in 0.000185 seconds (chrono time)
FROM solution: 0 22 5 26 25 18 21 4 16 27 11 1 24 8 17 2 3 6 29 13 19 14 20 12 15 28 23 9 7 10 0 (value : 210)
TO   solution: 0 20 14 12 19 13 29 6 3 17 2 24 8 1 10 7 9 23 28 15 11 27 16 4 21 18 25 26 5 22 0 (value : 162)
in 0.000204 seconds (chrono time)
FROM solution: 0 10 3 21 2 9 23 29 5 20 8 1 27 17 11 25 26 12 6 7 15 13 28 22 16 18 24 14 19 4 0 (value : 236)
TO   solution: 0 13 28 22 16 18 24 19 14 23 29 5 20 8 4 1 17 27 25 11 7 6 15 12 26 9 2 21 10 3 0 (value : 176)
in 0.000217 seconds (chrono time)
FROM solution: 0 25 2 29 20 16 19 4 5 24 23 9 12 13 11 6 21 3 28 10 22 14 17 1 8 27 7 26 15 18 0 (value : 204)
TO   solution: 0 25 11 13 12 9 18 15 26 7 27 1 8 17 14 28 10 22 3 21 6 29 2 20 16 19 4 5 24 23 0 (value : 192)
in 0.000174 seconds (chrono time)
FROM solution: 0 13 15 4 3 25 2 11 26 12 22 6 17 27 14 5 9 7 28 16 8 23 29 10 20 24 1 21 19 18 0 (value : 206)
TO   solution: 0 12 22 26 11 25 2 3 10 20 24 1 21 18 19 8 16 28 23 29 7 9 5 14 27 17 6 4 15 13 0 (value : 172)
in 0.000173 seconds (chrono time)
FROM solution: 0 10 27 13 29 21 9 7 22 4 25 18 28 17 8 26 2 12 24 1 5 23 3 16 15 6 14 20 11 19 0 (value : 180)
TO   solution: 0 10 21 9 7 22 27 13 29 4 25 18 28 17 8 26 24 12 2 23 5 1 3 16 19 11 20 14 15 6 0 (value : 152)
in 0.000198 seconds (chrono time)
FROM solution: 0 27 17 21 23 9 7 25 20 8 19 18 15 16 24 14 1 12 22 6 26 29 13 3 2 28 11 5 10 4 0 (value : 172)
TO   solution: 0 27 17 21 23 9 7 22 6 26 29 13 3 2 12 1 24 16 14 15 18 19 8 20 25 5 28 11 10 4 0 (value : 164)
in 0.000176 seconds (chrono time)
FROM solution: 0 24 3 11 9 18 19 14 5 22 25 20 10 23 13 7 27 28 1 2 8 16 4 6 26 15 21 29 12 17 0 (value : 192)
TO   solution: 0 24 3 11 9 18 19 14 5 22 25 20 10 23 13 7 27 17 12 29 21 15 26 6 4 16 2 8 1 28 0 (value : 174)
in 0.000186 seconds (chrono time)
FROM solution: 0 18 2 16 26 27 12 24 22 29 5 3 25 20 6 7 9 8 17 23 4 1 13 10 15 14 11 21 28 19 0 (value : 218)
TO   solution: 0 1 15 10 13 11 14 21 28 19 7 23 17 9 8 6 20 25 3 24 22 29 5 26 27 12 16 2 4 18 0 (value : 184)
in 0.000222 seconds (chrono time)
FROM solution: 0 19 5 1 29 2 23 17 25 26 27 21 22 13 28 10 14 7 4 20 3 8 24 15 18 12 9 16 6 11 0 (value : 184)
TO   solution: 0 19 5 1 29 2 23 17 25 26 27 21 22 13 10 28 20 4 7 14 3 8 24 15 18 12 9 16 6 11 0 (value : 176)
in 0.000171 seconds (chrono time)
FROM solution: 0 8 3 4 1 15 28 23 25 12 19 5 2 26 11 10 24 20 22 6 18 14 29 9 27 13 7 16 17 21 0 (value : 190)
TO   solution: 0 8 4 3 15 1 25 23 28 21 16 17 7 13 29 9 27 14 18 6 22 12 19 5 2 26 11 10 20 24 0 (value : 168)
in 0.000211 seconds (chrono time)
FROM solution: 0 12 20 18 9 8 25 27 6 14 3 21 29 22 26 7 1 4 23 10 15 17 2 24 16 11 13 5 19 28 0 (value : 188)
TO   solution: 0 12 9 8 25 20 18 28 19 5 13 11 16 24 7 26 1 4 23 10 15 17 2 14 3 21 29 22 6 27 0 (value : 162)
in 0.000183 seconds (chrono time)
FROM solution: 0 9 18 16 29 15 17 27 21 5 14 1 10 7 2 8 4 12 3 6 26 28 11 24 23 22 13 19 20 25 0 (value : 190)
TO   solution: 0 9 18 16 15 29 14 2 1 10 7 8 4 12 23 24 11 28 6 26 3 22 13 19 20 25 27 21 5 17 0 (value : 180)
in 0.000247 seconds (chrono time)
FROM solution: 0 17 23 10 9 3 5 15 22 4 12 28 7 25 1 27 2 20 14 21 11 26 16 13 18 19 6 29 24 8 0 (value : 228)
TO   solution: 0 10 9 25 1 27 2 20 21 14 11 3 7 28 8 24 12 4 22 15 5 6 29 19 18 13 26 16 23 17 0 (value : 182)
in 0.000182 seconds (chrono time)
FROM solution: 0 29 2 25 22 24 27 7 8 6 26 28 16 11 20 17 14 19 12 15 23 18 9 13 1 4 21 10 3 5 0 (value : 202)
TO   solution: 0 29 18 15 23 9 19 12 14 17 20 11 16 28 26 6 8 7 5 3 10 21 4 1 13 27 24 22 2 25 0 (value : 158)
in 0.000189 seconds (chrono time)
FROM solution: 0 27 7 5 11 17 24 4 9 15 29 10 3 26 6 8 18 28 25 1 23 22 12 19 14 13 16 2 21 20 0 (value : 186)
TO   solution: 0 27 20 21 13 14 19 16 2 12 22 23 1 25 18 28 8 15 29 10 9 4 3 26 24 17 6 11 5 7 0 (value : 174)
in 0.000179 seconds (chrono time)
