N = 80
FROM solution: 0 1 2 23 4 48 6 7 26 9 44 50 20 39 36 16 72 59 33 15 49 21 76 42 77 63 14 17 32 11 56 24 47 45 52 35 19 5 41 13 71 38 28 69 64 54 75 30 12 61 60 51 62 53 55 79 70 37 57 27 74 46 18 34 73 25 66 67 65 3 40 31 8 43 58 29 22 78 68 10 0 (value : 3810)
TO   solution: 0 56 49 27 16 5 28 62 29 50 10 57 47 35 67 31 40 8 44 1 66 43 78 70 37 72 6 68 36 23 58 17 54 42 76 59 38 33 55 61 25 22 2 79 65 4 18 11 34 7 63 73 60 71 20 24 21 14 46 41 48 30 12 69 77 9 39 13 51 26 45 64 19 53 32 15 75 52 74 3 0 (value : 734)
in 0.001865 seconds (chrono time)
FROM solution: 0 1 69 18 45 23 50 31 64 73 14 9 47 40 22 15 20 67 56 19 5 36 26 16 21 25 74 38 10 29 13 3 7 55 66 60 43 37 35 63 8 6 59 49 46 11 17 54 48 4 33 2 61 53 52 76 77 57 39 42 27 72 28 44 51 65 78 62 68 70 34 75 41 12 58 71 32 30 79 24 0 (value : 4118)
TO   solution: 0 11 43 51 63 19 33 49 8 47 32 46 37 12 15 39 54 2 38 64 26 48 40 18 77 6 1 76 79 30 53 34 9 28 27 65 72 29 62 16 58 13 71 70 60 20 31 10 7 5 74 23 68 59 75 69 78 42 21 25 55 41 14 73 36 45 56 22 67 52 50 24 35 17 61 66 57 44 3 4 0 (value : 740)
in 0.001965 seconds (chrono time)
FROM solution: 0 73 2 29 4 60 37 3 77 44 35 25 50 58 34 27 32 79 64 36 48 76 22 20 19 45 65 41 28 31 38 10 33 23 14 63 16 57 49 8 74 66 17 75 26 59 46 54 24 53 18 52 21 5 61 70 7 51 71 1 39 6 62 40 13 30 47 67 68 69 12 56 72 55 15 11 9 43 78 42 0 (value : 4186)
TO   solution: 0 49 8 35 25 44 17 72 15 31 36 64 39 62 58 2 4 1 21 77 10 70 41 33 5 30 73 42 9 61 50 57 28 16 48 19 65 59 53 52 66 12 55 56 34 26 71 40 47 14 54 24 6 37 76 68 11 22 32 18 51 29 7 27 46 3 69 23 74 20 43 75 45 38 67 78 63 60 79 13 0 (value : 708)
in 0.001935 seconds (chrono time)
FROM solution: 0 1 64 58 23 2 61 7 21 68 53 54 33 76 74 51 78 18 14 59 16 43 26 63 22 42 24 47 70 29 10 8 75 69 3 15 32 77 38 11 73 25 45 17 44 6 36 65 30 9 52 35 28 31 71 50 39 40 27 41 19 34 46 57 37 13 66 67 62 12 48 55 72 56 60 20 4 5 49 79 0 (value : 4156)
TO   solution: 0 72 42 45 36 17 77 26 52 32 25 43 21 59 74 33 78 29 38 48 37 27 34 56 11 73 31 44 76 68 30 79 20 61 70 69 40 23 41 49 28 66 4 64 7 62 60 14 3 5 65 18 10 15 51 12 6 13 71 8 54 39 57 47 16 63 22 2 35 46 50 67 1 24 58 9 55 53 19 75 0 (value : 732)
in 0.004519 seconds (chrono time)
FROM solution: 0 54 44 10 43 46 52 32 73 34 66 76 38 53 51 30 9 17 69 56 71 21 57 25 68 22 74 4 16 7 28 31 75 79 23 35 14 59 19 49 27 29 42 20 65 55 78 37 48 8 33 15 70 13 77 58 5 12 39 36 60 47 62 63 64 45 3 67 26 61 1 41 40 18 6 50 24 72 11 2 0 (value : 4116)
TO   solution: 0 54 27 63 65 13 51 34 2 71 75 48 42 26 12 61 43 18 40 79 36 45 30 28 19 44 33 68 70 72 22 73 5 49 4 50 67 37 24 21 74 25 66 15 8 32 47 78 52 76 17 59 64 23 39 77 20 60 10 57 11 31 3 46 7 6 16 41 35 38 62 29 1 14 56 58 9 55 69 53 0 (value : 742)
in 0.001905 seconds (chrono time)
FROM solution: 0 14 4 79 49 5 75 52 42 47 51 11 68 70 44 50 15 16 35 1 64 62 22 23 54 57 60 18 53 7 34 8 71 33 32 25 76 9 10 20 43 73 37 40 12 45 26 19 48 38 6 27 61 28 24 77 39 72 2 59 66 41 46 63 17 29 74 31 36 67 69 3 30 13 21 78 58 55 56 65 0 (value : 4238)
TO   solution: 0 79 77 25 53 55 62 44 66 26 18 7 34 23 75 54 76 58 57 41 33 71 78 74 45 60 29 10 46 1 30 38 56 2 12 40 68 9 3 39 47 6 4 19 42 28 37 16 5 52 43 24 13 49 50 22 61 70 63 31 21 20 59 65 72 64 8 69 73 11 36 15 27 67 48 17 35 14 32 51 0 (value : 710)
in 0.002022 seconds (chrono time)
FROM solution: 0 36 63 22 12 17 29 52 77 54 13 74 33 7 21 47 16 37 60 68 49 15 8 30 3 76 45 2 73 23 27 24 32 55 34 78 28 35 31 11 9 10 59 39 69 53 40 57 48 46 51 61 19 6 4 1 64 20 50 65 70 26 43 14 56 62 66 67 44 71 38 42 72 41 75 58 25 5 18 79 0 (value : 4364)
TO   solution: 0 18 65 47 70 67 2 22 13 55 56 51 12 57 75 72 62 71 28 44 17 66 79 10 48 26 7 59 54 20 8 50 11 16 9 34 53 73 35 46 42 38 68 78 15 49 25 58 63 4 14 64 27 61 37 77 6 3 40 31 32 36 43 23 60 24 1 39 74 33 5 29 69 21 30 45 19 52 41 76 0 (value : 750)
in 0.002069 seconds (chrono time)
FROM solution: 0 27 30 32 25 5 68 35 63 28 10 11 7 13 6 60 21 58 67 40 76 54 39 48 2 45 26 66 22 43 61 62 71 51 34 8 56 9 38 16 59 4 17 19 1 70 46 47 37 65 20 33 52 31 57 53 36 12 15 78 49 55 41 79 44 74 42 23 29 69 18 75 72 73 64 3 24 77 50 14 0 (value : 4192)
TO   solution: 0 33 21 23 60 29 55 62 66 4 39 75 31 47 16 68 34 77 9 79 46 64 74 51 37 72 59 48 2 19 70 5 63 15 65 7 11 32 36 18 73 71 69 26 41 14 78 42 57 3 22 43 35 8 6 61 27 13 20 50 40 67 58 25 56 24 12 76 28 38 45 54 1 17 52 30 44 53 49 10 0 (value : 732)
in 0.004453 seconds (chrono time)
FROM solution: 0 49 4 19 21 73 34 25 52 14 44 8 77 33 7 15 65 17 18 57 79 71 41 32 42 72 53 67 28 29 75 31 51 30 55 59 69 45 66 39 9 27 40 1 11 26 68 13 76 5 56 23 48 38 74 35 50 10 16 58 37 46 62 70 63 12 24 60 47 3 36 22 2 20 54 61 6 64 78 43 0 (value : 4080)
TO   solution: 0 5 17 48 46 44 3 47 70 56 9 18 19 73 61 76 8 71 68 2 14 4 23 67 36 22 20 34 26 11 21 45 57 25 38 40 59 65 30 51 32 69 58 31 1 29 78 66 55 37 39 77 60 49 13 6 53 33 35 74 54 41 27 75 79 16 24 28 12 7 43 64 52 62 10 15 72 63 42 50 0 (value : 702)
in 0.004552 seconds (chrono time)
FROM solution: 0 15 49 11 58 39 6 67 8 9 54 55 23 35 17 31 5 22 72 12 1 69 60 68 52 20 25 13 73 28 7 62 30 37 34 76 77 50 10 45 26 41 59 3 64 36 46 51 75 53 40 2 33 27 32 16 56 4 43 70 71 66 14 29 78 65 38 21 44 42 18 63 48 61 74 47 57 19 24 79 0 (value : 4374)
TO   solution: 0 76 36 66 35 5 18 10 68 52 3 50 21 12 19 44 69 60 16 41 28 2 55 40 54 75 34 13 24 63 61 31 27 7 71 17 8 77 14 6 26 46 62 51 79 67 64 1 58 65 43 29 78 42 57 70 48 23 33 11 37 22 59 47 9 25 53 74 39 15 45 49 4 73 72 56 38 30 32 20 0 (value : 750)
in 0.004458 seconds (chrono time)
