N = 100
FROM solution: 0 38 44 4 77 5 6 75 95 9 76 87 29 15 85 37 25 12 41 46 43 21 8 23 35 45 58 63 94 19 30 10 86 33 48 18 64 84 74 39 20 51 57 73 22 93 97 47 68 32 50 11 40 82 24 55 7 42 81 49 83 54 90 34 80 62 26 67 27 69 53 56 91 98 16 65 61 17 78 79 66 96 71 59 2 14 13 52 88 89 36 99 92 60 28 70 72 1 31 3 0 (value : 6788)
TO   solution: 0 43 1 11 72 51 69 13 62 84 52 41 26 54 79 86 77 57 21 24 49 78 93 37 14 25 87 63 80 94 92 59 83 53 85 64 47 10 56 81 98 31 68 6 18 16 36 23 44 17 45 71 29 96 22 61 50 55 30 5 88 3 89 99 32 73 34 74 82 2 95 58 20 8 39 28 66 4 90 60 42 35 9 75 65 70 76 27 12 33 91 46 15 19 97 48 7 40 38 67 0 (value : 994)
in 0.022101 seconds (chrono time)
FROM solution: 0 3 2 73 94 72 91 32 66 40 89 22 38 21 71 86 16 17 26 12 28 56 63 76 50 85 36 27 60 29 30 57 42 79 87 35 64 24 33 41 51 39 7 43 92 45 18 15 98 11 95 48 6 84 54 31 69 46 20 59 67 34 4 52 13 19 80 68 47 88 8 70 81 1 74 75 90 25 5 9 58 23 82 78 53 61 49 55 93 37 65 10 44 77 62 83 96 97 14 99 0 (value : 7132)
TO   solution: 0 2 23 98 46 86 28 52 66 76 57 17 40 36 54 47 63 99 59 60 78 5 6 10 18 65 85 68 43 70 83 81 50 33 48 20 15 45 30 64 8 39 97 87 77 62 31 82 80 61 34 9 92 79 32 84 88 44 58 49 75 22 53 29 25 16 91 90 42 7 93 41 37 3 69 11 74 94 38 51 21 4 89 71 13 35 26 14 67 1 19 24 56 72 55 73 12 96 27 95 0 (value : 1032)
in 0.005808 seconds (chrono time)
FROM solution: 0 77 55 3 86 67 93 7 39 11 91 73 74 75 14 15 57 17 50 34 60 24 64 96 53 25 66 59 8 98 32 31 6 42 26 40 41 37 99 56 47 70 84 62 38 97 49 23 35 22 83 51 52 5 69 2 78 71 27 95 81 94 82 30 29 87 9 36 48 46 28 16 12 45 13 4 65 19 43 58 80 54 63 76 33 89 44 92 18 10 90 85 1 20 61 72 68 88 79 21 0 (value : 6148)
TO   solution: 0 35 17 88 33 61 74 69 57 53 86 77 95 72 20 81 56 9 67 97 43 31 63 19 49 85 76 58 66 6 70 50 89 18 3 40 54 16 26 62 78 42 92 48 22 28 73 10 44 27 39 32 12 7 55 30 47 75 5 51 46 90 65 52 25 82 71 94 15 38 98 34 14 1 60 37 83 91 24 11 21 45 29 79 2 99 96 87 84 41 36 8 23 59 93 80 13 68 4 64 0 (value : 1026)
in 0.003782 seconds (chrono time)
FROM solution: 0 18 2 1 69 39 12 71 68 17 46 9 82 94 88 85 16 47 35 89 83 51 21 80 66 25 63 27 30 5 31 57 38 79 32 65 36 37 50 64 86 19 26 81 22 96 75 45 20 49 23 73 98 54 42 76 77 28 53 59 11 61 14 10 43 24 34 56 72 90 62 7 8 87 40 44 29 4 78 55 48 99 3 92 84 67 74 97 58 91 60 93 95 52 13 70 6 33 15 41 0 (value : 6974)
TO   solution: 0 76 14 55 60 13 84 82 90 6 36 43 50 68 15 11 88 1 89 7 45 97 26 34 29 18 21 38 44 77 17 95 59 46 32 70 47 92 12 75 98 28 33 61 16 5 31 37 99 71 48 53 9 35 25 86 57 69 64 91 42 41 79 40 4 78 24 58 74 8 27 67 2 80 51 22 20 49 23 73 65 62 63 52 19 94 66 87 54 83 81 10 93 96 3 39 30 56 85 72 0 (value : 1072)
in 0.003822 seconds (chrono time)
FROM solution: 0 60 55 87 8 5 6 1 24 70 94 53 34 48 50 84 42 78 3 39 22 96 90 88 36 37 64 21 57 29 41 11 32 12 79 82 72 43 31 92 40 19 77 15 44 46 13 47 28 62 52 26 66 18 76 68 86 45 33 7 27 58 80 65 51 63 98 67 54 35 20 71 17 81 56 14 59 4 9 74 49 23 16 83 30 85 10 91 99 89 73 25 2 97 75 95 61 69 93 38 0 (value : 6850)
TO   solution: 0 49 34 5 60 46 22 87 1 17 77 43 61 78 85 12 24 55 37 32 40 10 76 82 13 91 93 84 57 20 95 52 44 86 27 38 47 83 97 62 39 64 72 68 67 90 14 89 71 35 66 54 25 96 51 42 48 74 58 79 3 6 65 16 70 28 73 92 36 94 18 2 23 41 30 59 53 19 4 11 56 50 21 33 9 7 8 88 81 98 45 63 31 75 29 26 99 69 15 80 0 (value : 984)
in 0.003777 seconds (chrono time)
FROM solution: 0 35 29 44 52 45 53 48 69 63 10 71 38 55 3 5 89 51 50 36 86 61 47 79 77 42 81 90 28 15 93 16 94 33 34 91 99 37 23 43 40 27 25 87 58 24 14 31 18 20 75 98 6 72 56 13 7 57 95 9 70 64 19 97 21 66 62 54 12 88 22 46 78 73 17 59 76 49 11 67 80 30 82 60 84 41 39 92 8 85 83 4 68 1 96 26 2 65 32 74 0 (value : 6534)
TO   solution: 0 7 13 67 72 86 76 82 80 23 68 81 58 46 3 37 47 61 41 33 74 84 79 18 6 98 22 8 97 4 42 90 38 92 50 64 39 71 45 96 24 75 17 2 26 95 62 11 66 94 91 34 15 88 48 85 28 5 31 70 89 30 36 77 53 52 63 35 87 65 25 43 78 69 51 19 10 32 55 73 57 56 60 16 54 99 9 40 83 44 49 1 12 59 93 29 14 21 20 27 0 (value : 1054)
in 0.003774 seconds (chrono time)
FROM solution: 0 30 7 15 4 54 48 55 38 85 78 12 49 19 87 75 11 17 27 13 24 18 94 23 1 96 26 57 10 53 66 37 65 59 34 35 36 62 32 99 73 20 71 8 44 88 46 45 52 39 76 79 16 41 74 77 63 69 3 72 50 43 60 28 64 98 68 33 93 58 31 90 70 42 6 29 81 61 47 83 80 97 51 56 86 89 21 67 82 9 14 91 92 22 5 95 84 40 25 2 0 (value : 6446)
TO   solution: 0 7 17 75 71 8 24 57 83 15 35 76 1 74 98 45 94 59 38 85 62 14 36 78 60 72 95 67 27 89 52 2 11 42 13 69 87 51 32 92 91 56 44 33 28 77 61 3 84 9 90 5 18 53 81 68 65 48 43 86 55 82 26 22 79 73 6 25 88 97 34 31 10 29 99 50 49 23 4 80 16 40 64 47 12 54 58 96 37 30 93 41 46 66 19 21 70 63 20 39 0 (value : 1036)
in 0.003824 seconds (chrono time)
FROM solution: 0 82 40 63 69 70 74 22 25 9 83 52 12 39 21 15 16 17 54 53 10 61 33 96 85 71 65 36 50 37 51 66 57 13 49 91 27 24 98 68 80 11 81 75 89 88 46 47 38 72 95 19 6 31 64 67 56 7 58 79 99 43 18 35 4 42 20 3 41 77 29 55 34 93 59 5 23 60 78 94 73 32 1 62 28 44 86 92 76 97 14 30 87 90 48 45 84 26 8 2 0 (value : 6612)
TO   solution: 0 8 14 28 39 9 32 35 81 45 41 86 74 31 17 99 75 69 7 84 78 67 96 4 59 92 50 62 76 25 33 54 73 44 94 19 48 80 88 77 29 72 37 36 24 22 21 85 83 23 47 11 46 65 97 60 57 49 43 27 68 90 5 12 13 70 51 58 10 34 6 40 71 98 53 26 3 93 20 63 30 61 64 95 91 2 82 55 79 66 87 89 56 16 42 15 52 18 1 38 0 (value : 1054)
in 0.003772 seconds (chrono time)
FROM solution: 0 90 28 95 73 61 23 16 29 24 8 94 56 67 99 89 4 31 18 62 20 34 12 42 47 87 36 15 39 35 10 68 30 96 14 71 78 27 37 81 70 13 32 59 65 98 7 26 48 38 50 52 93 77 57 53 83 6 11 19 85 51 69 58 75 91 2 3 22 92 74 5 72 97 46 43 33 41 76 40 80 21 17 63 45 84 86 25 55 66 88 1 54 9 82 44 60 64 49 79 0 (value : 7054)
TO   solution: 0 50 54 18 98 61 95 82 17 45 62 75 4 79 52 19 87 85 56 1 12 23 86 65 27 38 81 34 41 88 49 51 66 91 72 46 32 69 58 83 73 48 20 89 70 29 63 76 16 5 74 67 80 11 28 94 25 7 60 3 92 42 24 68 59 53 71 90 2 9 84 31 93 57 47 39 30 55 97 78 13 37 8 33 26 36 77 35 21 14 15 99 40 22 44 6 43 10 96 64 0 (value : 1096)
in 0.003762 seconds (chrono time)
FROM solution: 0 33 35 48 65 70 97 46 9 59 69 72 17 96 57 93 16 19 81 47 87 10 37 23 40 66 30 53 63 29 61 71 6 73 64 1 14 7 99 24 58 78 45 50 20 5 84 22 77 76 79 51 26 36 55 54 56 92 44 68 60 90 31 25 62 4 12 75 34 38 43 80 2 85 3 41 42 13 91 11 15 18 83 74 32 39 86 8 88 89 28 98 27 21 94 67 49 52 95 82 0 (value : 6164)
TO   solution: 0 37 2 38 89 91 51 1 21 22 74 82 48 88 54 23 75 55 76 18 79 44 4 46 65 43 41 53 59 57 92 28 80 86 84 14 69 27 49 7 70 35 17 96 99 15 5 85 25 26 93 24 11 3 58 71 6 19 56 31 16 52 40 34 63 45 64 29 9 8 42 95 61 78 97 87 12 60 94 98 90 47 10 83 62 50 20 33 30 81 68 39 67 66 13 72 36 32 73 77 0 (value : 1072)
in 0.003895 seconds (chrono time)
