N = 50
FROM solution: 0 49 47 34 15 9 10 16 23 13 19 3 39 17 29 5 7 8 1 21 20 18 45 48 4 33 43 27 44 40 32 28 11 14 31 2 37 30 38 36 42 12 25 41 26 22 46 24 6 35 0 (value : 1580)
TO   solution: 0 20 28 31 40 26 32 42 18 23 5 34 8 15 17 3 16 19 21 25 30 44 46 6 49 11 14 1 13 33 38 24 4 36 37 9 27 22 7 47 45 41 35 2 10 43 29 39 12 48 0 (value : 334)
in 0.000619 seconds (chrono time)
FROM solution: 0 25 9 3 4 6 48 1 31 13 10 41 11 39 12 2 34 37 18 30 5 21 40 42 43 44 17 27 23 35 19 7 15 33 20 29 14 22 49 45 36 8 38 24 28 26 32 16 46 47 0 (value : 1658)
TO   solution: 0 5 35 7 28 34 25 9 15 20 30 23 27 37 38 26 43 6 36 41 40 45 12 14 13 17 1 31 18 16 33 32 42 47 44 49 48 21 3 29 2 11 19 39 22 46 4 8 24 10 0 (value : 350)
in 0.000595 seconds (chrono time)
FROM solution: 0 1 3 43 20 21 47 26 17 42 37 4 35 7 5 8 16 23 49 19 11 34 45 27 28 44 24 22 15 29 31 30 40 18 14 12 36 32 9 48 25 39 38 13 2 10 46 6 41 33 0 (value : 1506)
TO   solution: 0 27 46 26 10 47 6 41 44 34 45 40 17 23 48 16 37 21 28 12 36 31 25 33 30 49 20 2 5 11 8 35 39 9 32 13 29 38 43 7 14 42 1 19 18 3 22 15 24 4 0 (value : 358)
in 0.000591 seconds (chrono time)
FROM solution: 0 26 37 9 29 5 35 17 2 48 41 22 12 30 14 45 31 4 46 7 36 42 23 6 24 25 1 34 27 8 16 13 33 15 47 43 28 19 21 39 18 11 20 38 44 3 32 49 10 40 0 (value : 1478)
TO   solution: 0 9 42 16 47 27 10 20 23 2 48 1 13 43 11 18 8 49 40 24 37 12 32 25 28 39 7 34 21 36 26 30 38 22 6 33 45 46 14 15 19 35 3 4 31 5 41 29 44 17 0 (value : 384)
in 0.000607 seconds (chrono time)
FROM solution: 0 28 11 42 48 5 4 7 13 29 40 26 23 14 8 31 10 36 3 19 6 43 38 25 18 27 9 12 22 41 35 15 45 20 44 30 2 33 39 34 37 47 24 1 46 21 17 16 32 49 0 (value : 1564)
TO   solution: 0 37 45 14 29 17 13 9 10 48 44 49 7 30 31 39 6 27 32 42 34 2 8 3 12 26 15 18 43 23 35 36 11 1 5 24 28 33 40 22 38 47 20 21 4 41 19 25 16 46 0 (value : 350)
in 0.000582 seconds (chrono time)
FROM solution: 0 17 2 12 4 9 35 7 6 39 21 10 29 20 23 38 27 42 33 19 1 43 11 14 24 28 22 16 3 31 30 34 37 15 26 13 18 36 25 41 40 49 44 8 5 45 48 47 46 32 0 (value : 1828)
TO   solution: 0 31 30 38 11 1 22 13 25 8 37 41 17 16 47 33 2 26 20 27 21 43 34 14 4 29 46 39 7 3 23 19 45 48 32 12 9 42 18 35 10 15 36 40 49 44 5 6 28 24 0 (value : 384)
in 0.000638 seconds (chrono time)
FROM solution: 0 27 40 12 31 5 6 47 2 13 32 18 24 38 7 33 36 14 30 42 25 28 49 23 3 45 37 17 8 4 44 19 29 10 34 15 22 16 9 39 20 41 35 43 26 48 46 21 11 1 0 (value : 1474)
TO   solution: 0 22 36 6 32 12 29 19 11 31 2 45 1 14 15 8 20 49 9 23 42 46 5 16 28 17 41 39 26 25 7 43 30 10 40 21 4 48 44 47 27 38 3 13 33 34 37 18 24 35 0 (value : 340)
in 0.000596 seconds (chrono time)
FROM solution: 0 28 29 45 4 46 6 24 38 3 7 42 1 5 48 20 14 8 19 26 49 15 22 23 30 27 40 33 37 12 18 17 32 10 21 35 47 11 34 39 2 25 13 9 44 16 31 36 43 41 0 (value : 1562)
TO   solution: 0 35 36 42 26 31 4 12 24 21 46 23 1 32 2 9 33 48 41 18 44 5 30 22 39 10 47 16 6 34 3 40 15 28 38 17 43 29 27 49 14 13 7 20 11 8 45 37 25 19 0 (value : 340)
in 0.000661 seconds (chrono time)
FROM solution: 0 47 2 23 30 15 6 33 38 44 25 11 12 13 4 19 49 8 29 46 36 31 5 9 24 45 26 28 22 40 14 37 48 43 17 35 39 3 16 1 7 32 18 34 42 21 27 10 20 41 0 (value : 1556)
TO   solution: 0 16 11 27 43 9 25 23 10 2 18 45 3 17 49 35 37 13 8 20 34 5 6 26 44 42 14 22 41 39 38 32 1 30 48 21 40 7 36 4 31 28 12 15 33 19 47 24 46 29 0 (value : 354)
in 0.000621 seconds (chrono time)
FROM solution: 0 19 25 29 36 5 9 21 26 49 10 8 22 30 11 2 6 27 35 1 20 7 43 42 14 38 31 4 37 12 48 24 17 33 47 45 16 18 28 34 40 15 3 41 44 39 46 32 23 13 0 (value : 1416)
TO   solution: 0 15 41 43 6 2 31 7 32 24 44 19 45 8 10 11 13 40 33 5 20 12 35 16 34 27 1 39 18 48 38 22 47 28 30 3 17 49 26 9 14 21 29 25 42 36 23 4 46 37 0 (value : 334)
in 0.000617 seconds (chrono time)
FROM solution: 0 13 37 11 4 46 38 2 25 9 32 29 35 5 28 31 21 17 22 42 8 48 16 12 45 18 10 26 30 36 6 23 20 33 7 1 27 19 34 15 40 47 39 24 44 14 43 41 3 49 0 (value : 1526)
TO   solution: 0 42 22 8 39 6 5 17 28 29 47 26 13 44 27 24 46 38 21 15 20 49 23 3 35 11 36 12 48 18 19 2 14 37 1 30 31 10 33 32 16 45 4 41 43 9 7 40 25 34 0 (value : 352)
in 0.000628 seconds (chrono time)
FROM solution: 0 12 45 26 4 23 31 48 38 17 24 2 25 11 21 30 16 22 40 6 19 44 29 18 15 47 46 27 5 34 10 20 32 49 9 39 13 28 35 7 8 1 42 33 36 37 43 3 41 14 0 (value : 1580)
TO   solution: 0 10 28 23 11 45 24 22 34 15 42 4 5 2 7 27 44 14 9 6 39 16 37 32 1 33 49 36 17 25 26 3 43 35 38 29 8 31 48 18 12 46 21 41 13 30 19 47 20 40 0 (value : 340)
in 0.000577 seconds (chrono time)
FROM solution: 0 6 21 1 10 14 12 47 2 22 13 11 3 16 34 4 36 30 17 5 20 9 23 48 42 32 26 41 37 25 27 31 29 33 15 39 18 45 7 19 40 38 28 49 44 43 46 8 24 35 0 (value : 1528)
TO   solution: 0 3 2 32 46 24 44 39 14 48 36 18 28 49 35 42 29 9 34 40 15 30 16 38 13 37 5 12 21 26 33 27 10 1 17 47 31 8 6 4 19 23 25 45 11 41 22 7 20 43 0 (value : 348)
in 0.000561 seconds (chrono time)
FROM solution: 0 47 2 1 3 29 13 7 35 48 33 27 42 41 14 34 4 22 18 26 11 32 5 39 19 17 12 8 44 38 16 9 21 30 10 36 49 37 25 23 20 6 43 31 24 45 46 40 28 15 0 (value : 1580)
TO   solution: 0 47 2 25 6 10 43 11 33 27 45 8 5 30 49 29 1 23 3 42 40 21 48 31 18 20 37 38 39 22 16 17 46 13 26 32 14 36 9 35 34 24 19 41 28 44 4 12 15 7 0 (value : 330)
in 0.000605 seconds (chrono time)
FROM solution: 0 7 48 49 15 13 33 32 8 40 10 11 12 30 35 4 44 24 18 28 37 25 9 23 38 22 26 27 39 47 5 29 6 34 16 1 3 20 46 2 36 41 42 43 45 31 19 14 17 21 0 (value : 1678)
TO   solution: 0 30 23 15 1 9 34 40 6 47 39 5 11 3 33 13 44 7 31 42 28 45 4 32 21 19 43 12 49 14 25 26 18 35 29 2 36 17 38 8 10 20 46 16 27 22 37 41 24 48 0 (value : 346)
in 0.000617 seconds (chrono time)
FROM solution: 0 2 46 47 45 12 6 36 8 9 11 24 22 30 29 49 38 44 43 21 20 39 48 4 26 14 17 27 23 18 7 31 32 3 37 35 16 10 15 40 34 41 33 42 5 19 25 13 1 28 0 (value : 1632)
TO   solution: 0 41 17 47 23 10 8 27 48 20 14 24 9 45 37 7 15 26 36 22 4 13 5 49 38 33 30 3 40 6 28 43 42 39 29 12 25 34 2 32 44 21 18 31 19 1 35 46 11 16 0 (value : 316)
in 0.000597 seconds (chrono time)
FROM solution: 0 30 2 16 17 44 10 12 8 18 31 9 35 13 25 49 21 36 1 15 26 6 33 28 24 22 45 5 43 32 3 23 38 34 42 19 40 11 20 37 4 41 39 29 7 27 46 47 48 14 0 (value : 1706)
TO   solution: 0 4 24 9 17 15 21 18 42 10 28 41 26 44 46 22 1 40 20 5 23 32 49 6 14 45 47 13 37 3 19 16 36 27 25 11 48 31 38 29 2 8 39 12 30 43 7 34 35 33 0 (value : 380)
in 0.00063 seconds (chrono time)
FROM solution: 0 1 35 39 7 37 27 4 41 44 33 5 46 25 11 18 19 17 47 15 21 16 24 23 13 30 12 31 36 29 8 28 34 43 9 48 32 22 26 20 38 10 2 6 40 14 3 42 45 49 0 (value : 1440)
TO   solution: 0 22 21 43 44 26 34 1 49 36 45 23 39 16 18 28 33 10 5 20 11 7 31 12 32 46 35 2 4 42 8 41 6 17 15 48 38 47 3 24 40 13 30 14 27 29 25 19 37 9 0 (value : 344)
in 0.000631 seconds (chrono time)
FROM solution: 0 4 27 31 8 7 3 48 28 9 10 11 18 36 41 37 42 16 30 47 46 21 5 2 19 12 15 14 13 25 44 6 33 32 43 40 38 1 24 23 17 26 29 45 49 39 20 34 35 22 0 (value : 1646)
TO   solution: 0 27 16 19 37 23 17 44 46 4 2 28 47 31 34 41 48 21 29 38 43 15 18 39 20 12 36 13 7 14 10 8 42 1 33 45 11 22 26 40 32 35 49 6 25 24 5 3 9 30 0 (value : 348)
in 0.000613 seconds (chrono time)
FROM solution: 0 27 10 33 22 3 6 7 44 19 5 16 14 1 28 23 30 35 18 36 42 38 34 48 31 9 4 46 43 47 15 25 37 21 13 45 12 11 29 39 20 17 41 2 8 40 26 32 24 49 0 (value : 1634)
TO   solution: 0 15 25 39 24 44 48 47 11 33 45 1 8 26 49 35 46 12 16 41 3 17 21 7 10 23 29 22 2 32 9 18 5 28 27 14 38 30 6 37 43 36 42 13 19 40 4 20 31 34 0 (value : 330)
in 0.000592 seconds (chrono time)
FROM solution: 0 22 2 37 32 7 19 21 41 26 25 9 43 38 45 31 5 8 49 39 33 12 48 47 10 1 46 14 36 6 11 18 24 27 40 35 30 3 4 13 34 17 42 28 44 15 20 16 23 29 0 (value : 1484)
TO   solution: 0 37 18 14 24 4 48 34 31 12 13 26 44 39 1 29 2 27 19 23 32 35 10 21 3 43 5 30 28 25 49 8 15 40 38 41 47 7 42 17 11 36 22 45 46 33 6 20 9 16 0 (value : 352)
in 0.000642 seconds (chrono time)
FROM solution: 0 13 34 23 4 20 12 7 19 35 31 3 16 6 14 15 5 17 32 39 41 21 9 38 1 8 36 27 25 10 29 43 24 18 28 46 30 48 2 42 22 33 49 26 44 40 45 47 37 11 0 (value : 1702)
TO   solution: 0 45 20 4 26 37 35 41 10 12 21 5 25 48 44 32 11 14 3 15 18 46 30 47 7 28 40 36 33 2 23 19 49 13 42 27 6 8 43 31 34 24 1 17 39 9 16 29 22 38 0 (value : 362)
in 0.000629 seconds (chrono time)
FROM solution: 0 10 26 28 22 33 12 1 8 39 13 37 34 6 5 17 3 19 40 4 29 45 46 23 16 25 20 7 36 30 15 44 24 48 32 35 11 21 47 38 2 41 27 43 14 42 31 9 49 18 0 (value : 1756)
TO   solution: 0 39 22 45 19 7 27 18 25 36 10 37 32 23 16 46 12 34 42 44 29 5 6 3 14 11 13 47 33 41 20 17 28 24 43 49 35 21 30 2 8 31 38 1 48 40 4 9 26 15 0 (value : 364)
in 0.000574 seconds (chrono time)
FROM solution: 0 35 2 17 12 18 7 47 5 23 9 4 1 30 33 36 14 22 32 31 21 11 3 8 6 48 28 43 15 29 13 27 16 39 34 25 38 42 41 10 37 49 26 24 45 19 44 46 40 20 0 (value : 1566)
TO   solution: 0 49 27 8 10 25 6 43 13 18 34 12 24 37 19 21 3 44 26 35 29 14 9 20 39 45 40 22 1 33 15 31 41 28 42 38 7 32 11 17 23 5 16 36 48 4 2 30 47 46 0 (value : 350)
in 0.000561 seconds (chrono time)
FROM solution: 0 26 16 12 10 11 39 7 23 31 3 43 5 13 46 1 22 17 40 44 36 28 19 35 14 30 2 32 33 29 9 4 8 49 42 25 18 37 38 34 48 41 47 20 21 45 24 15 27 6 0 (value : 1646)
TO   solution: 0 20 26 15 5 13 36 17 1 24 23 29 9 32 4 12 28 45 10 16 34 42 41 39 22 6 8 48 43 44 49 25 38 31 3 35 18 7 46 37 30 33 19 14 27 21 11 2 40 47 0 (value : 350)
in 0.00124 seconds (chrono time)
FROM solution: 0 39 40 47 49 5 6 41 14 11 21 45 24 4 33 15 18 31 46 34 32 16 22 12 19 1 29 27 36 7 48 42 23 10 25 35 2 37 43 8 9 13 20 28 44 3 17 26 30 38 0 (value : 1564)
TO   solution: 0 13 48 44 19 22 42 47 4 17 12 11 8 46 29 24 14 1 38 27 26 28 25 31 9 45 43 10 15 20 18 6 34 36 49 40 41 7 30 33 23 21 35 32 16 2 37 3 39 5 0 (value : 350)
in 0.001147 seconds (chrono time)
FROM solution: 0 12 20 30 34 32 37 7 42 18 2 39 35 13 10 40 14 17 41 6 19 21 15 23 24 25 26 36 29 3 46 38 47 33 45 9 27 1 44 31 22 48 8 49 16 11 5 4 43 28 0 (value : 1600)
TO   solution: 0 36 29 49 2 39 33 23 41 8 15 21 18 45 30 37 17 4 44 38 10 3 28 46 42 6 48 22 24 47 9 40 1 19 13 26 35 11 7 27 25 12 43 16 34 20 31 32 5 14 0 (value : 328)
in 0.0006 seconds (chrono time)
FROM solution: 0 7 20 43 46 22 27 12 8 10 45 40 1 13 5 11 24 33 34 42 17 21 38 32 16 44 26 41 2 25 30 49 35 47 4 23 18 6 39 19 29 36 15 3 31 9 28 37 48 14 0 (value : 1594)
TO   solution: 0 28 17 13 44 3 25 35 18 20 23 15 11 47 5 1 41 31 6 27 9 48 38 36 39 43 8 12 37 49 29 33 46 34 21 26 19 14 42 45 4 2 24 22 16 32 10 30 7 40 0 (value : 378)
in 0.000914 seconds (chrono time)
FROM solution: 0 24 9 47 12 19 28 7 8 17 16 15 4 11 39 6 45 40 48 30 33 49 46 21 38 14 26 27 44 10 5 22 32 23 34 31 36 35 2 1 20 41 42 43 18 3 29 37 13 25 0 (value : 1568)
TO   solution: 0 45 36 49 19 31 6 29 39 21 27 37 28 24 2 26 8 12 16 15 30 10 43 47 22 38 35 42 3 46 5 32 4 18 9 14 34 23 1 41 11 17 48 13 44 40 20 33 25 7 0 (value : 350)
in 0.000907 seconds (chrono time)
FROM solution: 0 2 17 3 47 48 6 27 8 28 42 25 14 30 12 15 38 37 18 33 34 49 5 22 16 45 19 43 31 39 1 23 10 11 36 35 41 4 24 32 7 9 46 29 44 13 40 21 26 20 0 (value : 1454)
TO   solution: 0 21 40 37 26 3 5 16 48 43 49 12 11 31 33 44 20 35 24 30 2 18 17 46 6 39 47 34 32 8 41 13 9 27 15 28 14 38 29 23 36 10 1 22 45 19 4 25 42 7 0 (value : 360)
in 0.000637 seconds (chrono time)
