N = 40
FROM solution: 0 29 26 3 2 34 4 36 8 23 12 25 6 22 18 13 15 17 1 39 27 5 28 9 33 7 11 38 32 14 37 30 16 19 24 10 31 20 35 21 0 (value : 1104)
TO   solution: 0 20 6 9 31 4 25 37 35 1 7 19 15 34 2 36 10 21 32 3 16 29 33 24 18 27 28 14 12 39 13 5 22 8 38 26 23 30 17 11 0 (value : 252)
in 0.000519 seconds (chrono time)
FROM solution: 0 1 2 32 37 36 14 10 21 26 19 38 12 23 17 6 7 29 18 16 15 27 39 22 24 33 4 28 11 35 30 31 13 3 25 5 8 9 20 34 0 (value : 1064)
TO   solution: 0 7 9 12 25 26 1 32 28 8 2 14 38 16 36 5 34 29 15 24 11 21 20 13 4 37 35 3 18 27 6 10 33 23 39 30 31 19 22 17 0 (value : 260)
in 0.000307 seconds (chrono time)
FROM solution: 0 1 21 12 4 2 15 16 38 29 34 22 17 35 33 6 27 36 20 28 9 25 11 23 31 32 26 7 39 24 37 19 3 14 30 13 18 10 8 5 0 (value : 948)
TO   solution: 0 22 15 21 12 26 18 8 23 27 2 6 34 19 3 36 14 9 38 29 17 32 39 11 30 28 31 1 24 25 4 7 16 33 10 13 35 20 5 37 0 (value : 242)
in 0.000495 seconds (chrono time)
FROM solution: 0 20 14 3 24 17 6 16 10 19 15 11 12 32 21 22 2 1 29 5 36 13 9 39 30 25 4 27 28 18 26 31 7 33 34 38 35 37 23 8 0 (value : 1134)
TO   solution: 0 30 20 12 7 1 28 2 23 36 25 22 35 32 17 24 29 31 11 4 33 38 37 26 13 10 9 8 21 3 27 39 19 34 14 16 6 5 15 18 0 (value : 274)
in 0.000322 seconds (chrono time)
FROM solution: 0 39 15 30 8 17 22 12 21 9 37 11 4 7 38 10 20 19 3 29 16 2 34 23 24 33 32 6 26 35 1 18 31 5 13 36 28 25 14 27 0 (value : 942)
TO   solution: 0 31 10 29 35 21 7 15 4 17 9 18 22 32 39 1 11 34 2 19 3 27 24 28 30 5 38 33 16 25 20 37 12 36 14 6 8 23 13 26 0 (value : 264)
in 0.00034 seconds (chrono time)
FROM solution: 0 17 11 19 39 1 13 7 6 15 3 2 25 36 4 8 16 26 10 21 30 14 20 33 24 9 5 28 31 35 32 27 22 23 38 29 37 12 34 18 0 (value : 1056)
TO   solution: 0 2 33 1 35 21 27 4 22 23 29 17 37 11 14 24 30 6 28 9 32 3 34 16 5 10 18 15 26 36 38 7 39 31 19 20 12 13 8 25 0 (value : 240)
in 0.000327 seconds (chrono time)
FROM solution: 0 30 15 33 18 5 13 28 8 16 26 11 32 25 36 2 3 17 12 7 20 9 22 38 39 35 19 31 6 29 27 1 14 4 37 23 10 34 21 24 0 (value : 1130)
TO   solution: 0 35 27 6 22 15 33 8 32 39 23 29 26 5 17 24 3 7 14 4 21 2 19 30 31 36 13 10 38 9 37 28 34 1 18 20 12 25 16 11 0 (value : 260)
in 0.000369 seconds (chrono time)
FROM solution: 0 10 3 1 21 4 32 5 24 2 19 8 12 38 27 16 39 15 28 6 14 26 9 23 17 35 11 20 36 29 37 30 13 33 25 18 31 7 34 22 0 (value : 1050)
TO   solution: 0 34 31 37 39 29 30 13 21 18 23 19 9 1 17 26 12 20 8 6 33 7 15 14 32 35 27 2 5 22 36 3 38 4 11 28 16 25 24 10 0 (value : 248)
in 0.000334 seconds (chrono time)
FROM solution: 0 29 37 31 10 21 20 38 15 5 11 19 36 18 4 34 16 3 17 7 2 24 9 23 13 25 26 27 28 33 22 39 1 35 6 8 30 14 32 12 0 (value : 1058)
TO   solution: 0 38 33 22 24 20 7 9 31 15 35 18 11 13 28 14 36 32 25 6 16 4 5 2 26 34 27 39 10 12 29 1 21 8 19 17 23 3 30 37 0 (value : 260)
in 0.000326 seconds (chrono time)
FROM solution: 0 22 28 10 39 15 29 11 36 25 8 27 6 7 9 13 16 17 18 19 31 14 5 4 23 3 37 24 21 12 1 26 38 33 2 35 30 20 34 32 0 (value : 1112)
TO   solution: 0 39 20 31 36 26 17 24 4 9 12 2 13 30 23 5 27 1 32 28 10 16 18 35 25 33 14 34 22 37 11 21 29 6 38 8 19 15 3 7 0 (value : 240)
in 0.000321 seconds (chrono time)
FROM solution: 0 25 1 15 37 12 19 36 11 27 33 17 14 10 31 2 16 38 35 3 23 29 8 28 7 39 26 21 22 24 30 32 13 18 5 4 34 20 9 6 0 (value : 974)
TO   solution: 0 9 6 12 8 15 35 14 33 29 20 4 21 38 1 22 32 16 18 5 37 30 24 10 17 25 19 31 23 36 2 11 3 28 39 7 27 13 34 26 0 (value : 270)
in 0.000309 seconds (chrono time)
FROM solution: 0 27 2 32 15 20 4 6 19 23 30 11 1 13 9 31 37 18 8 7 10 35 25 29 24 21 28 33 22 38 16 36 14 17 34 3 39 12 26 5 0 (value : 958)
TO   solution: 0 30 13 28 12 34 10 6 5 23 35 19 31 11 17 15 4 33 14 25 29 20 8 36 24 3 27 26 1 2 22 16 21 18 7 39 37 32 9 38 0 (value : 234)
in 0.000315 seconds (chrono time)
FROM solution: 0 23 4 26 34 5 13 9 31 25 11 20 30 29 39 36 21 17 38 1 8 14 15 19 24 27 3 35 2 18 7 28 22 32 6 16 12 37 33 10 0 (value : 952)
TO   solution: 0 37 32 17 16 31 27 26 4 2 24 19 39 11 25 34 14 7 18 3 21 30 33 6 23 8 12 28 29 36 15 22 38 5 9 13 20 10 1 35 0 (value : 254)
in 0.000318 seconds (chrono time)
FROM solution: 0 21 12 15 18 30 6 7 37 22 24 34 38 1 3 14 11 31 4 27 35 33 17 9 36 13 29 28 32 23 2 20 19 8 16 26 5 10 25 39 0 (value : 1088)
TO   solution: 0 6 9 29 1 19 39 14 36 24 25 7 23 15 26 34 35 11 32 2 27 31 17 13 37 10 28 33 30 16 21 12 5 20 22 4 18 8 38 3 0 (value : 250)
in 0.000314 seconds (chrono time)
FROM solution: 0 2 12 3 6 5 28 26 14 27 23 11 8 21 37 38 9 29 13 10 25 7 19 35 20 22 4 33 31 39 1 18 15 30 34 17 36 24 32 16 0 (value : 912)
TO   solution: 0 37 20 38 19 5 28 10 31 18 25 3 27 33 30 34 15 21 6 22 7 4 35 26 12 2 24 39 29 23 1 17 16 11 32 8 36 14 13 9 0 (value : 242)
in 0.000327 seconds (chrono time)
FROM solution: 0 3 14 35 1 2 16 31 19 11 26 28 12 22 29 18 30 8 27 38 24 15 7 20 13 9 33 25 10 21 17 4 32 6 34 23 39 37 5 36 0 (value : 1042)
TO   solution: 0 2 31 38 13 24 28 9 27 34 32 6 37 15 4 18 8 3 7 21 26 11 14 29 12 5 33 23 36 16 35 1 20 39 17 10 22 19 25 30 0 (value : 252)
in 0.000326 seconds (chrono time)
FROM solution: 0 1 2 27 7 31 4 36 23 26 25 15 21 8 20 32 3 35 16 13 10 6 18 34 14 39 9 11 28 29 37 19 12 22 33 17 30 5 38 24 0 (value : 1134)
TO   solution: 0 37 34 5 19 39 17 27 33 8 4 24 32 21 26 38 30 22 2 12 10 25 7 13 16 35 29 14 9 23 1 3 20 28 6 15 18 31 11 36 0 (value : 234)
in 0.000355 seconds (chrono time)
FROM solution: 0 24 6 29 4 30 21 33 17 8 38 15 10 22 32 20 9 23 12 19 18 39 26 27 14 25 36 13 31 1 35 34 5 2 3 28 11 37 16 7 0 (value : 930)
TO   solution: 0 25 23 27 30 18 16 20 12 3 21 39 14 38 37 33 7 6 13 26 1 32 9 5 17 19 34 10 4 11 22 29 36 31 35 15 2 24 28 8 0 (value : 254)
in 0.000317 seconds (chrono time)
FROM solution: 0 20 31 9 37 12 4 30 25 36 27 11 35 18 14 32 13 17 23 38 10 21 33 16 24 2 26 6 3 5 7 15 19 8 29 39 1 22 28 34 0 (value : 1034)
TO   solution: 0 39 17 32 21 16 38 4 23 11 37 29 28 35 25 20 24 14 2 30 8 7 31 13 9 6 34 15 1 12 19 26 3 36 33 22 5 18 27 10 0 (value : 250)
in 0.000316 seconds (chrono time)
FROM solution: 0 28 35 8 4 17 7 39 27 10 9 11 34 16 30 25 2 37 6 29 20 1 21 24 14 32 33 15 12 3 22 31 18 26 13 38 5 23 19 36 0 (value : 1140)
TO   solution: 0 32 21 33 28 27 1 26 35 17 15 11 5 4 14 25 19 39 20 16 30 18 7 3 34 13 9 8 36 37 31 29 2 10 23 24 12 6 38 22 0 (value : 276)
in 0.000329 seconds (chrono time)
FROM solution: 0 1 11 15 23 5 37 35 14 7 22 3 33 36 26 6 20 10 24 31 2 12 29 4 19 21 8 16 30 28 25 34 18 17 32 38 13 9 27 39 0 (value : 988)
TO   solution: 0 1 22 35 14 37 21 5 24 2 6 19 23 12 11 9 26 3 4 31 7 33 28 30 15 17 36 34 10 8 38 32 39 25 29 13 16 18 27 20 0 (value : 236)
in 0.000311 seconds (chrono time)
FROM solution: 0 14 37 3 22 5 20 28 7 25 33 23 1 13 34 35 36 30 12 32 6 16 19 15 39 26 10 8 11 29 9 31 21 4 17 2 24 38 27 18 0 (value : 1100)
TO   solution: 0 16 27 19 29 34 14 38 22 6 18 21 1 12 8 39 35 31 24 26 17 28 25 13 15 11 36 2 10 3 37 5 9 4 7 30 23 32 33 20 0 (value : 242)
in 0.000388 seconds (chrono time)
FROM solution: 0 1 2 16 33 5 12 21 13 34 25 11 4 6 9 15 36 32 26 8 31 10 3 23 24 28 27 18 14 39 30 22 20 37 35 29 38 19 17 7 0 (value : 1106)
TO   solution: 0 1 10 29 8 4 5 13 19 33 20 18 35 2 16 34 21 6 26 17 9 28 23 11 22 27 14 3 37 39 30 31 24 38 7 25 12 36 15 32 0 (value : 260)
in 0.000376 seconds (chrono time)
FROM solution: 0 22 35 11 27 31 5 15 20 2 9 33 12 16 14 30 29 32 38 19 4 24 21 23 8 34 36 18 28 3 13 39 25 17 10 37 6 1 7 26 0 (value : 864)
TO   solution: 0 2 15 32 11 18 27 37 35 8 6 9 20 29 1 31 4 23 36 39 38 17 10 34 22 19 7 12 14 26 33 13 25 21 28 16 3 30 24 5 0 (value : 242)
in 0.000317 seconds (chrono time)
FROM solution: 0 27 25 3 4 30 35 9 15 1 16 11 34 7 28 23 24 17 18 20 19 21 39 8 13 22 26 2 10 36 38 14 29 33 12 37 31 32 5 6 0 (value : 1146)
TO   solution: 0 39 3 26 23 14 6 35 24 20 31 18 1 22 38 12 19 5 16 32 21 2 28 25 4 37 15 30 34 8 13 27 29 33 9 10 17 7 36 11 0 (value : 240)
in 0.000329 seconds (chrono time)
FROM solution: 0 11 37 2 4 22 8 35 29 6 32 9 36 33 14 39 10 30 18 15 13 7 20 21 24 16 28 31 1 25 23 12 5 38 3 34 19 26 17 27 0 (value : 1110)
TO   solution: 0 14 8 29 2 31 33 10 3 23 25 34 37 18 21 9 20 16 4 6 32 24 36 38 15 11 19 5 28 1 17 39 30 12 13 7 35 27 22 26 0 (value : 266)
in 0.000317 seconds (chrono time)
FROM solution: 0 25 34 3 37 33 13 7 28 24 9 29 12 18 14 30 16 36 19 6 2 35 22 15 32 11 38 27 20 31 17 4 5 23 8 21 26 1 10 39 0 (value : 1124)
TO   solution: 0 35 23 26 10 21 30 12 9 32 11 3 36 16 25 6 20 37 29 2 14 4 1 17 33 8 13 34 24 27 39 15 38 7 19 31 5 18 28 22 0 (value : 260)
in 0.000326 seconds (chrono time)
FROM solution: 0 31 11 5 37 30 33 28 1 15 21 39 36 14 25 3 16 17 20 22 34 23 6 29 7 26 13 24 9 35 12 19 18 27 8 2 32 4 38 10 0 (value : 1024)
TO   solution: 0 38 36 25 21 28 16 30 24 26 34 33 4 8 29 11 27 15 18 1 31 32 35 5 10 12 39 14 22 3 23 6 2 7 17 19 9 13 20 37 0 (value : 254)
in 0.000316 seconds (chrono time)
FROM solution: 0 33 7 34 4 5 24 11 8 9 31 14 25 1 3 2 22 13 18 23 17 21 38 27 35 10 12 6 28 36 15 39 32 20 37 16 30 29 19 26 0 (value : 1060)
TO   solution: 0 28 27 20 5 38 39 8 4 12 23 6 21 32 19 18 31 2 13 17 29 7 10 24 16 37 3 15 11 14 34 36 22 26 1 30 25 35 9 33 0 (value : 252)
in 0.00035 seconds (chrono time)
FROM solution: 0 3 2 7 24 6 9 35 27 33 1 25 28 31 26 30 8 12 14 34 16 39 4 32 38 11 13 17 23 29 18 5 22 15 19 10 36 37 21 20 0 (value : 928)
TO   solution: 0 3 10 29 18 24 19 2 8 13 32 6 5 14 23 11 31 21 28 25 39 36 12 26 30 38 7 27 16 1 17 34 22 37 35 15 20 9 33 4 0 (value : 268)
in 0.000341 seconds (chrono time)
