40
0		18		26		17		39		32		20		13		6		22		43		41		13		18		20		23		10		41		10		35		8		22		42		7		19		3		15		5		11		34		7		22		21		12		29		19		27		18		18		14
18		0		34		35		21		16		8		13		12		6		25		23		31		4		28		35		24		25		22		19		26		40		24		25		25		21		3		19		17		16		19		16		5		8		13		21		15		16		22		32
26		34		0		43		25		50		26		21		22		40		29		17		39		30		38		3		32		59		30		53		34		48		18		33		9		29		33		27		17		28		27		18		39		30		47		13		19		36		36		40
17		35		43		0		56		31		37		30		23		29		60		58		4		35		19		40		11		40		13		36		9		7		59		10		36		14		32		16		28		51		16		39		36		27		42		36		44		19		17		13
39		21		25		56		0		29		19		26		33		27		4		8		52		21		49		26		45		34		43		28		47		61		7		46		20		42		24		40		28		5		40		17		20		29		22		20		12		37		43		53
32		16		50		31		29		0		24		29		28		10		33		33		31		20		20		51		22		9		22		9		28		32		32		37		41		35		17		27		33		24		25		32		11		20		15		37		31		14		14		24
20		8		26		37		19		24		0		7		14		14		23		21		33		4		30		27		26		33		24		27		28		42		22		27		17		23		7		21		9		14		21		8		13		10		21		13		7		18		24		34
13		13		21		30		26		29		7		0		7		19		30		28		26		9		23		22		19		38		17		32		21		35		29		20		12		16		12		14		4		21		14		9		18		9		26		8		14		15		17		27
6		12		22		23		33		28		14		7		0		18		37		35		19		12		16		23		12		37		10		31		14		28		36		13		13		9		11		7		5		28		7		16		17		8		25		13		21		14		14		20
22		6		40		29		27		10		14		19		18		0		31		29		25		10		22		41		18		19		16		13		20		34		30		27		31		25		7		17		23		22		15		22		7		10		13		27		21		10		16		26
43		25		29		60		4		33		23		30		37		31		0		12		56		25		53		30		49		30		47		24		51		65		11		50		24		46		28		44		32		9		44		21		24		33		18		24		16		41		47		57
41		23		17		58		8		33		21		28		35		29		12		0		54		23		51		18		47		42		45		36		49		63		1		48		22		44		26		42		30		11		42		19		22		31		30		22		14		39		45		55
13		31		39		4		52		31		33		26		19		25		56		54		0		31		19		36		9		40		9		34		5		9		55		6		32		10		28		12		24		47		12		35		32		23		38		32		40		17		17		13
18		4		30		35		21		20		4		9		12		10		25		23		31		0		28		31		24		29		22		23		26		40		24		25		21		21		3		19		13		16		19		12		9		8		17		17		11		16		22		32
20		28		38		19		49		20		30		23		16		22		53		51		19		28		0		39		10		23		10		29		16		12		52		25		29		23		25		15		21		44		13		32		29		20		35		29		37		12		6		6
23		35		3		40		26		51		27		22		23		41		30		18		36		31		39		0		29		60		29		54		31		45		19		30		10		26		34		24		18		29		26		19		40		31		48		14		20		37		37		37
10		24		32		11		45		22		26		19		12		18		49		47		9		24		10		29		0		31		2		25		6		16		48		15		25		13		21		5		17		40		5		28		25		16		31		25		33		8		8		8
41		25		59		40		34		9		33		38		37		19		30		42		40		29		23		60		31		0		31		6		37		35		41		46		50		44		26		36		42		31		34		41		20		29		12		46		40		23		23		27
10		22		30		13		43		22		24		17		10		16		47		45		9		22		10		29		2		31		0		25		6		18		46		15		23		13		19		5		15		38		3		26		23		14		29		23		31		8		8		10
35		19		53		36		28		9		27		32		31		13		24		36		34		23		29		54		25		6		25		0		31		41		35		40		44		38		20		30		36		25		28		35		14		23		6		40		34		17		23		33
8		26		34		9		47		28		28		21		14		20		51		49		5		26		16		31		6		37		6		31		0		14		50		9		27		7		23		7		19		42		7		30		27		18		33		27		35		14		14		10
22		40		48		7		61		32		42		35		28		34		65		63		9		40		12		45		16		35		18		41		14		0		64		15		41		19		37		21		33		56		21		44		41		32		47		41		49		24		18		8
42		24		18		59		7		32		22		29		36		30		11		1		55		24		52		19		48		41		46		35		50		64		0		49		23		45		27		43		31		10		43		20		23		32		29		23		15		40		46		56
7		25		33		10		46		37		27		20		13		27		50		48		6		25		25		30		15		46		15		40		9		15		49		0		26		4		22		10		18		41		12		29		26		17		34		26		34		23		23		19
19		25		9		36		20		41		17		12		13		31		24		22		32		21		29		10		25		50		23		44		27		41		23		26		0		22		24		20		8		19		20		9		30		21		38		4		10		27		27		33
3		21		29		14		42		35		23		16		9		25		46		44		10		21		23		26		13		44		13		38		7		19		45		4		22		0		18		8		14		37		10		25		24		15		32		22		30		21		21		17
15		3		33		32		24		17		7		12		11		7		28		26		28		3		25		34		21		26		19		20		23		37		27		22		24		18		0		16		16		19		16		15		6		5		14		20		14		13		19		29
5		19		27		16		40		27		21		14		7		17		44		42		12		19		15		24		5		36		5		30		7		21		43		10		20		8		16		0		12		35		2		23		20		11		26		20		28		13		13		13
11		17		17		28		28		33		9		4		5		23		32		30		24		13		21		18		17		42		15		36		19		33		31		18		8		14		16		12		0		23		12		11		22		13		30		8		16		19		19		25
34		16		28		51		5		24		14		21		28		22		9		11		47		16		44		29		40		31		38		25		42		56		10		41		19		37		19		35		23		0		35		12		15		24		19		15		9		32		38		48
7		19		27		16		40		25		21		14		7		15		44		42		12		19		13		26		5		34		3		28		7		21		43		12		20		10		16		2		12		35		0		23		20		11		26		20		28		11		11		13
22		16		18		39		17		32		8		9		16		22		21		19		35		12		32		19		28		41		26		35		30		44		20		29		9		25		15		23		11		12		23		0		21		12		29		5		5		20		26		36
21		5		39		36		20		11		13		18		17		7		24		22		32		9		29		40		25		20		23		14		27		41		23		26		30		24		6		20		22		15		20		21		0		9		8		26		20		17		23		33
12		8		30		27		29		20		10		9		8		10		33		31		23		8		20		31		16		29		14		23		18		32		32		17		21		15		5		11		13		24		11		12		9		0		17		17		17		8		14		24
29		13		47		42		22		15		21		26		25		13		18		30		38		17		35		48		31		12		29		6		33		47		29		34		38		32		14		26		30		19		26		29		8		17		0		34		28		23		29		39
19		21		13		36		20		37		13		8		13		27		24		22		32		17		29		14		25		46		23		40		27		41		23		26		4		22		20		20		8		15		20		5		26		17		34		0		8		23		23		33
27		15		19		44		12		31		7		14		21		21		16		14		40		11		37		20		33		40		31		34		35		49		15		34		10		30		14		28		16		9		28		5		20		17		28		8		0		25		31		41
18		16		36		19		37		14		18		15		14		10		41		39		17		16		12		37		8		23		8		17		14		24		40		23		27		21		13		13		19		32		11		20		17		8		23		23		25		0		6		16
18		22		36		17		43		14		24		17		14		16		47		45		17		22		6		37		8		23		8		23		14		18		46		23		27		21		19		13		19		38		11		26		23		14		29		23		31		6		0		10
14		32		40		13		53		24		34		27		20		26		57		55		13		32		6		37		8		27		10		33		10		8		56		19		33		17		29		13		25		48		13		36		33		24		39		33		41		16		10		0
