40
0		54		34		31		27		33		38		24		49		27		43		31		45		18		22		22		11		18		38		13		4		45		35		18		19		16		18		9		11		16		24		28		10		9		18		30		37		33		29		43
54		0		32		31		41		37		16		44		9		37		41		23		9		36		32		32		43		36		20		41		52		11		19		54		35		38		36		45		43		38		48		26		58		55		36		24		21		35		25		11
34		32		0		9		19		15		46		22		23		15		9		15		31		16		42		12		33		32		52		41		30		43		43		32		35		22		34		37		29		46		26		34		36		33		44		32		11		13		47		25
31		31		9		0		10		6		43		13		26		6		12		12		28		13		39		9		30		29		49		38		27		40		40		23		32		19		31		34		26		43		17		31		27		24		41		29		14		4		44		22
27		41		19		10		0		6		39		3		36		4		18		18		32		9		35		9		26		25		45		34		23		36		36		13		28		15		27		30		22		39		7		27		17		18		37		25		24		6		40		30
33		37		15		6		6		0		45		9		32		6		14		14		30		15		41		11		32		31		51		40		29		42		42		17		34		21		33		36		28		45		11		33		23		24		43		31		20		2		46		26
38		16		46		43		39		45		0		36		23		39		55		31		15		30		16		34		27		20		6		25		36		7		3		38		19		24		20		29		27		22		36		12		42		39		20		14		35		45		9		21
24		44		22		13		3		9		36		0		39		7		21		21		35		8		32		12		23		22		42		31		20		35		33		10		25		12		24		27		19		36		4		24		14		15		34		22		27		9		37		33
49		9		23		26		36		32		23		39		0		32		32		18		8		31		27		27		38		31		29		36		47		20		20		49		30		33		31		40		38		33		43		21		53		50		31		19		12		30		24		6
27		37		15		6		4		6		39		7		32		0		16		14		28		9		35		5		26		25		45		34		23		36		36		17		28		15		27		30		22		39		11		27		21		18		37		25		20		6		40		26
43		41		9		12		18		14		55		21		32		16		0		24		40		25		51		21		42		41		61		50		39		52		52		31		44		31		43		46		38		55		25		43		35		34		53		41		20		12		56		34
31		23		15		12		18		14		31		21		18		14		24		0		16		13		27		9		20		17		37		26		29		28		28		31		20		15		19		22		20		31		25		19		35		32		29		17		6		14		32		12
45		9		31		28		32		30		15		35		8		28		40		16		0		27		23		23		34		27		21		32		43		12		12		45		26		29		27		36		34		29		39		17		49		46		27		15		20		30		16		6
18		36		16		13		9		15		30		8		31		9		25		13		27		0		26		4		17		16		36		25		16		27		27		18		19		6		18		21		13		30		12		18		22		19		28		16		19		15		31		25
22		32		42		39		35		41		16		32		27		35		51		27		23		26		0		30		11		10		16		9		20		23		13		26		7		20		8		13		13		6		32		8		26		23		4		10		31		41		7		21
22		32		12		9		9		11		34		12		27		5		21		9		23		4		30		0		21		20		40		29		20		31		31		22		23		10		22		25		17		34		16		22		26		23		32		20		15		11		35		21
11		43		33		30		26		32		27		23		38		26		42		20		34		17		11		21		0		7		27		8		9		34		24		17		8		11		7		4		4		13		23		17		15		12		11		19		26		32		18		32
18		36		32		29		25		31		20		22		31		25		41		17		27		16		10		20		7		0		20		9		16		27		17		18		3		10		2		9		7		14		22		10		22		19		12		12		21		31		15		25
38		20		52		49		45		51		6		42		29		45		61		37		21		36		16		40		27		20		0		25		36		9		9		38		19		30		20		29		27		22		42		18		42		39		20		20		41		51		9		27
13		41		41		38		34		40		25		31		36		34		50		26		32		25		9		29		8		9		25		0		11		32		22		25		6		19		7		4		12		5		31		15		17		16		5		17		30		40		16		30
4		52		30		27		23		29		36		20		47		23		39		29		43		16		20		20		9		16		36		11		0		43		33		14		17		14		16		7		9		16		20		26		6		5		16		28		35		29		27		41
45		11		43		40		36		42		7		35		20		36		52		28		12		27		23		31		34		27		9		32		43		0		10		45		26		29		27		36		34		29		39		17		49		46		27		15		32		42		16		18
35		19		43		40		36		42		3		33		20		36		52		28		12		27		13		31		24		17		9		22		33		10		0		35		16		21		17		26		24		19		33		9		39		36		17		11		32		42		6		18
18		54		32		23		13		17		38		10		49		17		31		31		45		18		26		22		17		18		38		25		14		45		35		0		19		16		18		21		13		30		6		28		8		9		28		30		37		19		31		43
19		35		35		32		28		34		19		25		30		28		44		20		26		19		7		23		8		3		19		6		17		26		16		19		0		13		1		10		8		11		25		9		23		20		9		11		24		34		12		24
16		38		22		19		15		21		24		12		33		15		31		15		29		6		20		10		11		10		30		19		14		29		21		16		13		0		12		15		7		24		12		12		20		17		22		14		21		21		25		27
18		36		34		31		27		33		20		24		31		27		43		19		27		18		8		22		7		2		20		7		16		27		17		18		1		12		0		9		7		12		24		10		22		19		10		12		23		33		13		25
9		45		37		34		30		36		29		27		40		30		46		22		36		21		13		25		4		9		29		4		7		36		26		21		10		15		9		0		8		9		27		19		13		12		9		21		28		36		20		34
11		43		29		26		22		28		27		19		38		22		38		20		34		13		13		17		4		7		27		12		9		34		24		13		8		7		7		8		0		17		19		17		15		12		15		19		26		28		18		32
16		38		46		43		39		45		22		36		33		39		55		31		29		30		6		34		13		14		22		5		16		29		19		30		11		24		12		9		17		0		36		12		22		21		2		14		35		45		13		27
24		48		26		17		7		11		36		4		43		11		25		25		39		12		32		16		23		22		42		31		20		39		33		6		25		12		24		27		19		36		0		24		14		15		34		24		31		13		37		37
28		26		34		31		27		33		12		24		21		27		43		19		17		18		8		22		17		10		18		15		26		17		9		28		9		12		10		19		17		12		24		0		32		29		10		2		23		33		13		15
10		58		36		27		17		23		42		14		53		21		35		35		49		22		26		26		15		22		42		17		6		49		39		8		23		20		22		13		15		22		14		32		0		3		22		34		41		23		33		47
9		55		33		24		18		24		39		15		50		18		34		32		46		19		23		23		12		19		39		16		5		46		36		9		20		17		19		12		12		21		15		29		3		0		19		31		38		24		30		44
18		36		44		41		37		43		20		34		31		37		53		29		27		28		4		32		11		12		20		5		16		27		17		28		9		22		10		9		15		2		34		10		22		19		0		12		33		43		11		25
30		24		32		29		25		31		14		22		19		25		41		17		15		16		10		20		19		12		20		17		28		15		11		30		11		14		12		21		19		14		24		2		34		31		12		0		21		31		15		13
37		21		11		14		24		20		35		27		12		20		20		6		20		19		31		15		26		21		41		30		35		32		32		37		24		21		23		28		26		35		31		23		41		38		33		21		0		18		36		14
33		35		13		4		6		2		45		9		30		6		12		14		30		15		41		11		32		31		51		40		29		42		42		19		34		21		33		36		28		45		13		33		23		24		43		31		18		0		46		24
29		25		47		44		40		46		9		37		24		40		56		32		16		31		7		35		18		15		9		16		27		16		6		31		12		25		13		20		18		13		37		13		33		30		11		15		36		46		0		22
43		11		25		22		30		26		21		33		6		26		34		12		6		25		21		21		32		25		27		30		41		18		18		43		24		27		25		34		32		27		37		15		47		44		25		13		14		24		22		0
